0 0.6985394 0.3253776 0.2021959 0.2021959
0 0.7022159 0.4853041 0.2021959 0.2021959
0 0.7261129 0.3529512 0.1470488 0.1470488
0 0.7297894 0.5128776 0.1470488 0.1470488
0 0.7408188 0.4080982 0.2021959 0.2021959
0 0.7444953 0.3713335 0.1102841 0.1102841
0 0.7481718 0.5312600 0.1102841 0.1102841
0 0.7683924 0.4356718 0.1470488 0.1470488
0 0.7867747 0.4540541 0.1102841 0.1102841
0 0.8088335 0.3272159 0.1911665 0.2021959
0 0.8143482 0.5864071 0.1856518 0.2021959
0 0.8364071 0.3547894 0.1470488 0.1470488
0 0.8419218 0.6139806 0.1470488 0.1470488
0 0.8547894 0.3731718 0.1102841 0.1102841
0 0.8603041 0.6323629 0.1102841 0.1102841
