0 0.2573629 0.7205982 0.2021959 0.2021959
0 0.2849365 0.7481718 0.1470488 0.1470488
0 0.3033188 0.7665541 0.1102841 0.1102841
0 0.3713335 0.6084659 0.2021959 0.2021959
0 0.3989071 0.6360394 0.1470488 0.1470488
0 0.4172894 0.6544218 0.1102841 0.1102841
0 0.4246424 0.6654512 0.2021959 0.2021959
0 0.4522159 0.6930247 0.1470488 0.1470488
0 0.4705982 0.7114071 0.1102841 0.1102841
0 0.5643482 0.2702306 0.2021959 0.2021959
0 0.5919218 0.2978041 0.1470488 0.1470488
0 0.5937600 0.3750100 0.2021959 0.2021959
0 0.6103041 0.3161865 0.1102841 0.1102841
0 0.6213335 0.4025835 0.1470488 0.1470488
0 0.6397159 0.4209659 0.1102841 0.1102841
0 0.8933924 0.8419218 0.1066076 0.1580782
0 0.9209659 0.8694953 0.0790341 0.1305047
0 0.9393482 0.8878776 0.0606518 0.1102841
