0 0.3143482 0.2812600 0.1470488 0.1470488
0 0.3933924 0.0386129 0.0919018 0.0919018
0 0.4117747 0.2150835 0.0919018 0.0919018
0 0.4338335 0.1580982 0.0919018 0.0919018
0 0.4797894 0.4246424 0.0919018 0.0919018
0 0.5036865 0.2830982 0.0919018 0.0919018
0 0.5680247 0.4963335 0.0919018 0.0919018
0 0.5698629 0.5459659 0.0919018 0.0919018
0 0.5772159 0.4246424 0.0919018 0.0919018
0 0.6213335 0.0900835 0.0919018 0.0919018
0 0.6562600 0.4779512 0.0919018 0.0919018
0 0.7444953 0.1011129 0.0919018 0.0919018
