0 0.0000100 0.8658188 0.0753576 0.0919018
0 0.0036865 0.0000100 0.0919018 0.0716812
0 0.0257453 0.0882453 0.0919018 0.0919018
0 0.1066276 0.0000100 0.0919018 0.0753576
0 0.1084659 0.1360394 0.1470488 0.1470488
0 0.1103041 0.9301571 0.0919018 0.0698429
0 0.1654512 0.8382453 0.0919018 0.0919018
0 0.2647159 0.0000100 0.0919018 0.0477841
0 0.2702306 0.7150835 0.0919018 0.0919018
0 0.3455982 0.1250100 0.0919018 0.0919018
0 0.3566276 0.6783188 0.0919018 0.0919018
0 0.3584659 0.0000100 0.0919018 0.0569753
0 0.3897159 0.8272159 0.0919018 0.0919018
0 0.4356718 0.1084659 0.0919018 0.0919018
0 0.4908188 0.3529512 0.0919018 0.0919018
0 0.5092012 0.0772159 0.0919018 0.0919018
0 0.5275835 0.2500100 0.0919018 0.0919018
0 0.6084659 0.2150835 0.0919018 0.0919018
0 0.6544218 0.6194953 0.1470488 0.1470488
0 0.8750100 0.5955982 0.1249900 0.1470488
0 0.8860394 0.0147159 0.0919018 0.0919018
0 0.9411865 0.8713335 0.0588135 0.0919018
