0 0.0036865 0.4963335 0.0919018 0.0919018
0 0.0294218 0.7261129 0.1470488 0.1470488
0 0.1286865 0.2463335 0.0919018 0.0919018
0 0.2408188 0.1158188 0.0919018 0.0919018
0 0.2408188 0.8768482 0.0919018 0.0919018
0 0.2720688 0.4338335 0.0919018 0.0919018
0 0.3529512 0.2922894 0.0919018 0.0919018
0 0.3878776 0.5661865 0.0919018 0.0919018
0 0.4099365 0.1084659 0.1470488 0.1470488
0 0.4099365 0.2095688 0.0919018 0.0919018
0 0.4283188 0.4356718 0.0919018 0.0919018
0 0.4283188 0.5790541 0.0919018 0.0919018
0 0.5018482 0.3566276 0.0919018 0.0919018
0 0.5275835 0.0036865 0.0919018 0.0919018
0 0.5294218 0.2683924 0.0919018 0.0919018
0 0.6415541 0.7536865 0.0919018 0.0919018
0 0.6691276 0.1599365 0.0919018 0.0919018
0 0.6783188 0.0092012 0.0919018 0.0919018
0 0.6893482 0.5073629 0.0919018 0.0919018
0 0.7941276 0.8051571 0.0919018 0.0919018
0 0.7959659 0.2022159 0.0919018 0.0919018
0 0.8584659 0.2996424 0.0919018 0.0919018
0 0.8915541 0.0606718 0.0919018 0.0919018
0 0.9209659 0.6525835 0.0790341 0.0919018
