0 0.0000100 0.0055247 0.2628576 0.2757253
0 0.0239071 0.0422894 0.2021959 0.2021959
0 0.0514806 0.0698629 0.1470488 0.1470488
0 0.2003776 0.2610394 0.2021959 0.2021959
0 0.2058924 0.4926571 0.2021959 0.2021959
0 0.2114071 0.4595688 0.2021959 0.2021959
0 0.2279512 0.2886129 0.1470488 0.1470488
0 0.2334659 0.5202306 0.1470488 0.1470488
0 0.2389806 0.4871424 0.1470488 0.1470488
0 0.2463335 0.3069953 0.1102841 0.1102841
0 0.2518482 0.5386129 0.1102841 0.1102841
0 0.2573629 0.5055247 0.1102841 0.1102841
0 0.4411865 0.3915541 0.2757253 0.2757253
0 0.4779512 0.4283188 0.2021959 0.2021959
0 0.5055247 0.4558924 0.1470488 0.1470488
0 0.6507453 0.0000100 0.2021959 0.1323429
0 0.6617747 0.0000100 0.2021959 0.1819753
0 0.6783188 0.0000100 0.1470488 0.1047694
0 0.6893482 0.0073629 0.1470488 0.1470488
0 0.6967012 0.0000100 0.1102841 0.0863871
0 0.7077306 0.0257453 0.1102841 0.1102841
0 0.7169218 0.0000100 0.2021959 0.2003576
0 0.7444953 0.0257453 0.1470488 0.1470488
0 0.7628776 0.0441276 0.1102841 0.1102841
0 0.8603041 0.0459659 0.1396959 0.2021959
0 0.8878776 0.0735394 0.1121224 0.1470488
0 0.9062600 0.0919218 0.0937400 0.1102841
