0 0.0000100 0.8069953 0.1544018 0.1930047
0 0.0000100 0.8437600 0.1176371 0.1562400
0 0.0000100 0.8713335 0.0900635 0.1286665
0 0.2702306 0.0717012 0.2021959 0.2021959
0 0.2978041 0.0992747 0.1470488 0.1470488
0 0.3051571 0.8621424 0.2021959 0.1378576
0 0.3125100 0.6268482 0.2021959 0.2021959
0 0.3161865 0.1176571 0.1102841 0.1102841
0 0.3327306 0.8897159 0.1470488 0.1102841
0 0.3400835 0.6544218 0.1470488 0.1470488
0 0.3511129 0.9080982 0.1102841 0.0919018
0 0.3584659 0.6728041 0.1102841 0.1102841
0 0.5092012 0.8180247 0.2021959 0.1819753
0 0.5367747 0.8455982 0.1470488 0.1470488
0 0.5386129 0.1525835 0.2021959 0.2021959
0 0.5496424 0.3952306 0.2021959 0.2021959
0 0.5551571 0.8639806 0.1102841 0.1102841
0 0.5661865 0.1801571 0.1470488 0.1470488
0 0.5772159 0.4228041 0.1470488 0.1470488
0 0.5845688 0.1985394 0.1102841 0.1102841
0 0.5955982 0.4411865 0.1102841 0.1102841
0 0.7628776 0.4154512 0.2021959 0.2021959
0 0.7904512 0.4430247 0.1470488 0.1470488
0 0.7941276 0.0000100 0.2058724 0.2738871
0 0.8088335 0.4614071 0.1102841 0.1102841
0 0.8308924 0.0349365 0.1691076 0.2021959
0 0.8584659 0.0625100 0.1415341 0.1470488
0 0.8860394 0.8345688 0.1139606 0.1654312
0 0.9136129 0.8621424 0.0863871 0.1378576
0 0.9319953 0.8805247 0.0680047 0.1102841
