0 0.3033188 0.2849365 0.2021959 0.2021959
0 0.3308924 0.3125100 0.1470488 0.1470488
0 0.3492747 0.3308924 0.1102841 0.1102841
0 0.3584659 0.7775835 0.2021959 0.2021959
0 0.3860394 0.8051571 0.1470488 0.1470488
0 0.4044218 0.8235394 0.1102841 0.1102841
0 0.8639806 0.0000100 0.1360194 0.1470488
0 0.8860394 0.5625100 0.1139606 0.2021959
0 0.8915541 0.0000100 0.1084459 0.1194753
0 0.9099365 0.0000100 0.0900635 0.1010929
0 0.9136129 0.5900835 0.0863871 0.1470488
0 0.9319953 0.6084659 0.0680047 0.1102841
