0 0.0000100 0.5533188 0.1930047 0.2021959
0 0.0183924 0.5808924 0.1470488 0.1470488
0 0.0367747 0.5992747 0.1102841 0.1102841
0 0.1029512 0.0386129 0.2021959 0.2021959
0 0.1084659 0.2353041 0.2021959 0.2021959
0 0.1305247 0.0661865 0.1470488 0.1470488
0 0.1305247 0.6783188 0.2021959 0.2021959
0 0.1360394 0.2628776 0.1470488 0.1470488
0 0.1489071 0.0845688 0.1102841 0.1102841
0 0.1544218 0.2812600 0.1102841 0.1102841
0 0.1580982 0.7058924 0.1470488 0.1470488
0 0.1764806 0.7242747 0.1102841 0.1102841
0 0.2077306 0.0018482 0.2021959 0.2021959
0 0.2077306 0.2261129 0.2021959 0.2021959
0 0.2316276 0.6011129 0.2021959 0.2021959
0 0.2353041 0.0294218 0.1470488 0.1470488
0 0.2353041 0.2536865 0.1470488 0.1470488
0 0.2536865 0.0478041 0.1102841 0.1102841
0 0.2536865 0.2720688 0.1102841 0.1102841
0 0.2592012 0.6286865 0.1470488 0.1470488
0 0.2775835 0.6470688 0.1102841 0.1102841
0 0.4044218 0.4393482 0.2021959 0.2021959
0 0.4319953 0.4669218 0.1470488 0.1470488
0 0.4503776 0.4853041 0.1102841 0.1102841
0 0.7794218 0.4136129 0.2021959 0.2021959
0 0.8069953 0.4411865 0.1470488 0.1470488
0 0.8253776 0.4595688 0.1102841 0.1102841
