0 0.6323629 0.8308924 0.2021959 0.1691076
0 0.6599365 0.8584659 0.1470488 0.1415341
0 0.6783188 0.8768482 0.1102841 0.1102841
0 0.6856718 0.8878776 0.2021959 0.1121224
0 0.7132453 0.9154512 0.1470488 0.0845488
0 0.7242747 0.8088335 0.2021959 0.1911665
0 0.7316276 0.9338335 0.1102841 0.0661665
0 0.7518482 0.8364071 0.1470488 0.1470488
0 0.7702306 0.8547894 0.1102841 0.1102841
0 0.7757453 0.7371424 0.2021959 0.2021959
0 0.8033188 0.7647159 0.1470488 0.1470488
0 0.8217012 0.7830982 0.1102841 0.1102841
0 0.8364071 0.8952306 0.1635929 0.1047694
0 0.8639806 0.9228041 0.1360194 0.0771959
0 0.8823629 0.9411865 0.1102841 0.0588135
