0 0.2978041 0.0000100 0.2021959 0.1066076
0 0.3253776 0.0000100 0.1470488 0.0790341
0 0.3437600 0.0000100 0.2021959 0.1396959
0 0.3437600 0.0000100 0.1102841 0.0606518
0 0.3713335 0.0000100 0.1470488 0.1121224
0 0.3897159 0.0000100 0.1102841 0.0937400
0 0.5239071 0.0000100 0.2021959 0.1948429
0 0.5294218 0.0827306 0.2021959 0.2021959
0 0.5514806 0.0202306 0.1470488 0.1470488
0 0.5569953 0.1103041 0.1470488 0.1470488
0 0.5698629 0.0386129 0.1102841 0.1102841
0 0.5735394 0.0937600 0.2021959 0.2021959
0 0.5753776 0.1286865 0.1102841 0.1102841
0 0.5919218 0.1066276 0.2021959 0.2021959
0 0.6011129 0.1213335 0.1470488 0.1470488
0 0.6047894 0.0000100 0.2021959 0.1911665
0 0.6194953 0.1342012 0.1470488 0.1470488
0 0.6194953 0.1397159 0.1102841 0.1102841
0 0.6323629 0.0000100 0.2021959 0.1691076
0 0.6323629 0.0165541 0.1470488 0.1470488
0 0.6378776 0.1525835 0.1102841 0.1102841
0 0.6507453 0.0349365 0.1102841 0.1102841
0 0.6562600 0.0349365 0.2021959 0.2021959
0 0.6599365 0.0000100 0.1470488 0.1415341
0 0.6783188 0.0128776 0.1102841 0.1102841
0 0.6838335 0.0625100 0.1470488 0.1470488
0 0.7022159 0.0808924 0.1102841 0.1102841
0 0.7224365 0.0000100 0.2021959 0.1396959
0 0.7500100 0.0000100 0.1470488 0.1121224
0 0.7592012 0.0000100 0.2021959 0.2003576
0 0.7683924 0.0000100 0.1102841 0.0937400
0 0.7867747 0.0257453 0.1470488 0.1470488
0 0.8051571 0.0441276 0.1102841 0.1102841
0 0.8143482 0.0000100 0.1856518 0.1819753
0 0.8419218 0.0073629 0.1470488 0.1470488
0 0.8603041 0.0257453 0.1102841 0.1102841
0 0.8860394 0.0220688 0.1139606 0.2021959
0 0.9136129 0.0496424 0.0863871 0.1470488
0 0.9319953 0.0680247 0.0680047 0.1102841
