0 0.0000100 0.6819953 0.1966812 0.2021959
0 0.0220688 0.7095688 0.1470488 0.1470488
0 0.0367747 0.8492747 0.2021959 0.1507253
0 0.0404512 0.7279512 0.1102841 0.1102841
0 0.0496424 0.5441276 0.2021959 0.2021959
0 0.0643482 0.8069953 0.2021959 0.1930047
0 0.0643482 0.8768482 0.1470488 0.1231518
0 0.0772159 0.5717012 0.1470488 0.1470488
0 0.0827306 0.8952306 0.1102841 0.1047694
0 0.0919218 0.8345688 0.1470488 0.1470488
0 0.0955982 0.5900835 0.1102841 0.1102841
0 0.1103041 0.8529512 0.1102841 0.1102841
0 0.3345688 0.6029512 0.2021959 0.2021959
0 0.3621424 0.6305247 0.1470488 0.1470488
0 0.3805247 0.6489071 0.1102841 0.1102841
0 0.4246424 0.3235394 0.2021959 0.2021959
0 0.4522159 0.3511129 0.1470488 0.1470488
0 0.4705982 0.3694953 0.1102841 0.1102841
