0 0.1415541 0.0275835 0.0919018 0.0919018
0 0.1617747 0.4319953 0.0919018 0.0919018
0 0.1746424 0.2739071 0.0919018 0.0919018
0 0.2500100 0.2187600 0.0919018 0.0919018
0 0.2592012 0.0018482 0.0919018 0.0919018
0 0.3878776 0.0588335 0.0919018 0.0919018
0 0.4080982 0.8713335 0.0919018 0.0919018
0 0.4246424 0.8970688 0.0919018 0.0919018
0 0.4595688 0.7555247 0.0919018 0.0919018
0 0.4963335 0.2132453 0.1470488 0.1470488
0 0.5257453 0.9264806 0.0919018 0.0735194
0 0.5386129 0.6415541 0.0919018 0.0919018
0 0.5625100 0.9301571 0.0919018 0.0698429
0 0.5680247 0.2040541 0.0919018 0.0919018
0 0.5937600 0.5661865 0.0919018 0.0919018
0 0.6029512 0.8217012 0.0919018 0.0919018
0 0.6121424 0.0128776 0.0919018 0.0919018
0 0.6342012 0.9191276 0.0919018 0.0808724
0 0.6397159 0.7518482 0.0919018 0.0919018
0 0.6636129 0.7095688 0.0919018 0.0919018
0 0.6654512 0.3566276 0.0919018 0.0919018
0 0.6911865 0.5018482 0.0919018 0.0919018
0 0.7426571 0.1599365 0.0919018 0.0919018
0 0.7444953 0.1323629 0.0919018 0.0919018
0 0.7702306 0.0000100 0.0919018 0.0514606
0 0.7904512 0.2555247 0.0919018 0.0919018
0 0.7996424 0.5312600 0.1470488 0.1470488
0 0.8125100 0.4191276 0.0919018 0.0919018
0 0.8198629 0.7665541 0.0919018 0.0919018
0 0.8639806 0.2481718 0.0919018 0.0919018
0 0.8658188 0.0478041 0.0919018 0.0919018
0 0.8731718 0.9025835 0.0919018 0.0919018
0 0.8768482 0.1709659 0.0919018 0.0919018
0 0.8933924 0.1011129 0.0919018 0.0919018
0 0.8933924 0.3731718 0.0919018 0.0919018
0 0.8989071 0.0000100 0.0919018 0.0900635
0 0.9044218 0.7095688 0.0919018 0.0919018
