0 0.1360394 0.0165541 0.2757253 0.2757253
0 0.1728041 0.0533188 0.2021959 0.2021959
0 0.1728041 0.5349365 0.2021959 0.2021959
0 0.2003776 0.0808924 0.1470488 0.1470488
0 0.2003776 0.5625100 0.1470488 0.1470488
0 0.2187600 0.5808924 0.1102841 0.1102841
0 0.6525835 0.0000100 0.2021959 0.1341812
0 0.6801571 0.0000100 0.1470488 0.1066076
0 0.6967012 0.0000100 0.2021959 0.1084459
0 0.6985394 0.0000100 0.1102841 0.0882253
0 0.7242747 0.0000100 0.1470488 0.0808724
0 0.7426571 0.0000100 0.1102841 0.0624900
0 0.7922894 0.0000100 0.2021959 0.1911665
0 0.8051571 0.0000100 0.1948429 0.1323429
0 0.8198629 0.0165541 0.1470488 0.1470488
0 0.8327306 0.0000100 0.1470488 0.1047694
0 0.8382453 0.0349365 0.1102841 0.1102841
0 0.8511129 0.0000100 0.1102841 0.0863871
0 0.8878776 0.0000100 0.1121224 0.1525635
0 0.9154512 0.0000100 0.0845488 0.1249900
0 0.9338335 0.0000100 0.0661665 0.1066076
