0 0.0000100 0.8529512 0.0771959 0.0919018
0 0.0000100 0.9467012 0.0514606 0.0532988
0 0.0128776 0.2683924 0.1102841 0.1102841
0 0.1250100 0.3180247 0.0919018 0.0919018
0 0.1507453 0.3180247 0.0919018 0.0919018
0 0.1783188 0.3750100 0.1102841 0.1102841
0 0.1911865 0.0000100 0.0919018 0.0514606
0 0.1985394 0.8658188 0.0919018 0.0919018
0 0.2187600 0.2555247 0.0919018 0.0919018
0 0.2297894 0.4117747 0.0919018 0.0919018
0 0.2426571 0.3345688 0.0919018 0.0919018
0 0.2481718 0.8382453 0.0919018 0.0919018
0 0.2518482 0.0441276 0.1102841 0.1102841
0 0.2573629 0.0955982 0.1102841 0.1102841
0 0.2573629 0.4503776 0.0919018 0.0919018
0 0.2830982 0.2536865 0.0919018 0.0919018
0 0.3235394 0.8860394 0.0919018 0.0919018
0 0.3511129 0.4375100 0.0919018 0.0919018
0 0.3621424 0.9338335 0.0919018 0.0661665
0 0.3676571 0.0698629 0.1102841 0.1102841
0 0.3786865 0.1856718 0.0919018 0.0919018
0 0.4136129 0.0533188 0.1102841 0.1102841
0 0.4301571 0.1562600 0.1102841 0.1102841
0 0.4319953 0.9301571 0.0919018 0.0698429
0 0.4485394 0.4117747 0.0919018 0.0919018
0 0.4558924 0.0459659 0.1102841 0.1102841
0 0.4632453 0.6599365 0.0919018 0.0919018
0 0.4669218 0.5349365 0.0919018 0.0919018
0 0.5367747 0.5919218 0.0919018 0.0919018
0 0.5827306 0.3897159 0.0919018 0.0919018
0 0.5900835 0.3345688 0.0919018 0.0919018
0 0.5955982 0.4283188 0.0919018 0.0919018
0 0.6158188 0.4908188 0.0919018 0.0919018
0 0.6194953 0.3033188 0.0919018 0.0919018
0 0.6250100 0.0753776 0.1102841 0.1102841
0 0.6305247 0.2720688 0.0919018 0.0919018
0 0.6562600 0.4099365 0.0919018 0.0919018
0 0.6599365 0.3658188 0.0919018 0.0919018
0 0.6967012 0.0036865 0.0919018 0.0919018
0 0.7224365 0.4632453 0.0919018 0.0919018
0 0.7408188 0.3584659 0.0919018 0.0919018
0 0.7573629 0.2775835 0.0919018 0.0919018
0 0.7592012 0.3033188 0.0919018 0.0919018
0 0.7610394 0.2444953 0.0919018 0.0919018
0 0.7628776 0.5128776 0.0919018 0.0919018
0 0.7665541 0.1654512 0.0919018 0.0919018
0 0.7683924 0.0661865 0.0919018 0.0919018
0 0.8161865 0.2739071 0.0919018 0.0919018
0 0.8180247 0.3511129 0.0919018 0.0919018
0 0.8290541 0.1911865 0.0919018 0.0919018
0 0.8345688 0.4742747 0.1470488 0.1470488
0 0.8364071 0.4007453 0.0919018 0.0919018
0 0.8419218 0.2573629 0.0919018 0.0919018
0 0.8694953 0.1452306 0.0919018 0.0919018
0 0.8860394 0.4172894 0.0919018 0.0919018
0 0.8933924 0.3658188 0.0919018 0.0919018
0 0.8952306 0.3143482 0.0919018 0.0919018
0 0.9062600 0.2040541 0.0919018 0.0919018
0 0.9375100 0.2849365 0.0624900 0.0919018
0 0.9411865 0.3639806 0.0588135 0.0919018
0 0.9448629 0.1709659 0.0551371 0.0919018
0 0.9467012 0.2408188 0.0532988 0.0919018
