0 0.0000100 0.5955982 0.0919018 0.0919018
0 0.0000100 0.6470688 0.0680047 0.0919018
0 0.0000100 0.6856718 0.0496224 0.0919018
0 0.0000100 0.8566276 0.0551371 0.0919018
0 0.0000100 0.9228041 0.0588135 0.0771959
0 0.0275835 0.6011129 0.0919018 0.0919018
0 0.0386129 0.7463335 0.0919018 0.0919018
0 0.0459659 0.7150835 0.0919018 0.0919018
0 0.0514806 0.5496424 0.0919018 0.0919018
0 0.0661865 0.9283188 0.0919018 0.0716812
0 0.0808924 0.6967012 0.0919018 0.0919018
0 0.0864071 0.9283188 0.0919018 0.0716812
0 0.1194953 0.6194953 0.1470488 0.1470488
0 0.1452306 0.9467012 0.0919018 0.0532988
0 0.1783188 0.7941276 0.0919018 0.0919018
0 0.2058924 0.8603041 0.0919018 0.0919018
0 0.2150835 0.9080982 0.0919018 0.0919018
0 0.2500100 0.9283188 0.0919018 0.0716812
0 0.2665541 0.8731718 0.0919018 0.0919018
0 0.3786865 0.7408188 0.0919018 0.0919018
0 0.3970688 0.9136129 0.0919018 0.0863871
0 0.4411865 0.7463335 0.0919018 0.0919018
0 0.4577306 0.8603041 0.0919018 0.0919018
0 0.5202306 0.7683924 0.0919018 0.0919018
0 0.5257453 0.7040541 0.0919018 0.0919018
0 0.5404512 0.8639806 0.0919018 0.0919018
0 0.5680247 0.1029512 0.0919018 0.0919018
