0 0.0000100 0.7371424 0.2132253 0.2628576
0 0.0000100 0.7739071 0.1764606 0.2021959
0 0.0018482 0.8014806 0.1470488 0.1470488
0 0.2867747 0.0000100 0.2021959 0.1580782
0 0.3014806 0.3676571 0.2757253 0.2757253
0 0.3143482 0.0000100 0.1470488 0.1305047
0 0.3327306 0.0018482 0.1102841 0.1102841
0 0.3382453 0.4044218 0.2021959 0.2021959
0 0.3658188 0.4319953 0.1470488 0.1470488
0 0.4871424 0.0000100 0.2021959 0.1985194
0 0.5147159 0.0239071 0.1470488 0.1470488
0 0.5330982 0.0422894 0.1102841 0.1102841
0 0.5533188 0.0000100 0.2021959 0.1544018
0 0.5808924 0.0000100 0.1470488 0.1268282
0 0.5992747 0.0000100 0.1102841 0.1084459
0 0.6838335 0.7316276 0.2021959 0.2021959
0 0.7114071 0.7592012 0.1470488 0.1470488
0 0.7297894 0.7775835 0.1102841 0.1102841
0 0.7665541 0.2665541 0.2021959 0.2021959
0 0.7941276 0.2941276 0.1470488 0.1470488
0 0.8125100 0.3125100 0.1102841 0.1102841
