0 0.0000100 0.5422894 0.1617547 0.2021959
0 0.0000100 0.5698629 0.1341812 0.1470488
0 0.0055247 0.5882453 0.1102841 0.1102841
0 0.7077306 0.6121424 0.2021959 0.2021959
0 0.7353041 0.6397159 0.1470488 0.1470488
0 0.7481718 0.1103041 0.2021959 0.2021959
0 0.7536865 0.6580982 0.1102841 0.1102841
0 0.7757453 0.1378776 0.1470488 0.1470488
0 0.7941276 0.1562600 0.1102841 0.1102841
0 0.8823629 0.7592012 0.1176371 0.2021959
0 0.9099365 0.7867747 0.0900635 0.1470488
0 0.9283188 0.8051571 0.0716812 0.1102841
