0 0.0000100 0.3033188 0.1782988 0.2021959
0 0.0036865 0.3308924 0.1470488 0.1470488
0 0.0220688 0.3492747 0.1102841 0.1102841
0 0.0294218 0.1985394 0.2021959 0.2021959
0 0.0569953 0.2261129 0.1470488 0.1470488
0 0.0753776 0.2444953 0.1102841 0.1102841
0 0.1103041 0.0900835 0.2021959 0.2021959
0 0.1378776 0.1176571 0.1470488 0.1470488
0 0.1562600 0.1360394 0.1102841 0.1102841
0 0.3088335 0.1580982 0.2021959 0.2021959
0 0.3364071 0.1856718 0.1470488 0.1470488
0 0.3547894 0.2040541 0.1102841 0.1102841
0 0.3989071 0.2592012 0.2021959 0.2021959
0 0.4154512 0.6231718 0.2021959 0.2021959
0 0.4264806 0.2867747 0.1470488 0.1470488
0 0.4430247 0.6507453 0.1470488 0.1470488
0 0.4448629 0.3051571 0.1102841 0.1102841
0 0.4540541 0.4356718 0.2021959 0.2021959
0 0.4614071 0.6691276 0.1102841 0.1102841
0 0.4724365 0.6047894 0.2021959 0.2021959
0 0.4816276 0.4632453 0.1470488 0.1470488
0 0.5000100 0.4816276 0.1102841 0.1102841
0 0.5000100 0.6323629 0.1470488 0.1470488
0 0.5183924 0.6507453 0.1102841 0.1102841
0 0.5514806 0.5919218 0.2021959 0.2021959
0 0.5790541 0.6194953 0.1470488 0.1470488
0 0.5974365 0.6378776 0.1102841 0.1102841
0 0.6489071 0.4981718 0.2021959 0.2021959
0 0.6764806 0.5257453 0.1470488 0.1470488
0 0.6948629 0.5441276 0.1102841 0.1102841
