0 0.0000100 0.2297894 0.1654312 0.2021959
0 0.0000100 0.2573629 0.1378576 0.1470488
0 0.0000100 0.2628776 0.1452106 0.2021959
0 0.0000100 0.2904512 0.1176371 0.1470488
0 0.0000100 0.3088335 0.0992547 0.1102841
0 0.0000100 0.3621424 0.1746224 0.2021959
0 0.0000100 0.3897159 0.1470488 0.1470488
0 0.0036865 0.6360394 0.2021959 0.2021959
0 0.0073629 0.2003776 0.2021959 0.2021959
0 0.0092012 0.2757453 0.1102841 0.1102841
0 0.0183924 0.4080982 0.1102841 0.1102841
0 0.0312600 0.6636129 0.1470488 0.1470488
0 0.0349365 0.2279512 0.1470488 0.1470488
0 0.0496424 0.6819953 0.1102841 0.1102841
0 0.0533188 0.2463335 0.1102841 0.1102841
0 0.0551571 0.0000100 0.2757253 0.2610194
0 0.0680247 0.1011129 0.2021959 0.2021959
0 0.0919218 0.0220688 0.2021959 0.2021959
0 0.0955982 0.1286865 0.1470488 0.1470488
0 0.1139806 0.1470688 0.1102841 0.1102841
0 0.1194953 0.0496424 0.1470488 0.1470488
0 0.2353041 0.6728041 0.2021959 0.2021959
0 0.2371424 0.7150835 0.2021959 0.2021959
0 0.2371424 0.7610394 0.2021959 0.2021959
0 0.2481718 0.5239071 0.2021959 0.2021959
0 0.2628776 0.7003776 0.1470488 0.1470488
0 0.2647159 0.7426571 0.1470488 0.1470488
0 0.2647159 0.7886129 0.1470488 0.1470488
0 0.2757453 0.5514806 0.1470488 0.1470488
0 0.2812600 0.7187600 0.1102841 0.1102841
0 0.2830982 0.7610394 0.1102841 0.1102841
0 0.2830982 0.8069953 0.1102841 0.1102841
0 0.2867747 0.5478041 0.2021959 0.2021959
0 0.2941276 0.5698629 0.1102841 0.1102841
0 0.3143482 0.5753776 0.1470488 0.1470488
0 0.3161865 0.3842012 0.2021959 0.2021959
0 0.3327306 0.5937600 0.1102841 0.1102841
0 0.3437600 0.4117747 0.1470488 0.1470488
0 0.3621424 0.4301571 0.1102841 0.1102841
0 0.3933924 0.1268482 0.2021959 0.2021959
0 0.4062600 0.6176571 0.2021959 0.2021959
0 0.4117747 0.3492747 0.2757253 0.2757253
0 0.4209659 0.1544218 0.1470488 0.1470488
0 0.4338335 0.6452306 0.1470488 0.1470488
0 0.4393482 0.1728041 0.1102841 0.1102841
0 0.4485394 0.3860394 0.2021959 0.2021959
0 0.4522159 0.6636129 0.1102841 0.1102841
0 0.4761129 0.4136129 0.1470488 0.1470488
0 0.4889806 0.3106718 0.2021959 0.2021959
0 0.4981718 0.0000100 0.2021959 0.1507253
0 0.5165541 0.3382453 0.1470488 0.1470488
0 0.5257453 0.0000100 0.1470488 0.1231518
0 0.5349365 0.3566276 0.1102841 0.1102841
0 0.5441276 0.0000100 0.1102841 0.1047694
0 0.5588335 0.1415541 0.2021959 0.2021959
0 0.5606718 0.2996424 0.2021959 0.2021959
0 0.5864071 0.1691276 0.1470488 0.1470488
0 0.5882453 0.3272159 0.1470488 0.1470488
0 0.6047894 0.1875100 0.1102841 0.1102841
0 0.6066276 0.3455982 0.1102841 0.1102841
0 0.6121424 0.8529512 0.2021959 0.1470488
0 0.6397159 0.8805247 0.1470488 0.1194753
0 0.6580982 0.8989071 0.1102841 0.1010929
0 0.7003776 0.6911865 0.2021959 0.2021959
0 0.7150835 0.2389806 0.2021959 0.2021959
0 0.7169218 0.7426571 0.2021959 0.2021959
0 0.7279512 0.7187600 0.1470488 0.1470488
0 0.7426571 0.2665541 0.1470488 0.1470488
0 0.7444953 0.7702306 0.1470488 0.1470488
0 0.7463335 0.7371424 0.1102841 0.1102841
0 0.7555247 0.3621424 0.2021959 0.2021959
0 0.7610394 0.2849365 0.1102841 0.1102841
0 0.7628776 0.7886129 0.1102841 0.1102841
0 0.7647159 0.5606718 0.2021959 0.2021959
0 0.7830982 0.0992747 0.2021959 0.2021959
0 0.7830982 0.3897159 0.1470488 0.1470488
0 0.7922894 0.5882453 0.1470488 0.1470488
0 0.8014806 0.4080982 0.1102841 0.1102841
0 0.8106718 0.1268482 0.1470488 0.1470488
0 0.8106718 0.6066276 0.1102841 0.1102841
0 0.8217012 0.0000100 0.1782988 0.1930047
0 0.8290541 0.1452306 0.1102841 0.1102841
0 0.8308924 0.2867747 0.1691076 0.2021959
0 0.8492747 0.0183924 0.1470488 0.1470488
0 0.8584659 0.3143482 0.1415341 0.1470488
0 0.8676571 0.0367747 0.1102841 0.1102841
0 0.8768482 0.3327306 0.1102841 0.1102841
