0 0.3217012 0.7518482 0.2021959 0.2021959
0 0.3437600 0.7169218 0.2021959 0.2021959
0 0.3492747 0.7794218 0.1470488 0.1470488
0 0.3676571 0.7978041 0.1102841 0.1102841
0 0.3713335 0.7444953 0.1470488 0.1470488
0 0.3786865 0.5992747 0.2021959 0.2021959
0 0.3897159 0.7628776 0.1102841 0.1102841
0 0.4062600 0.6268482 0.1470488 0.1470488
0 0.4246424 0.6452306 0.1102841 0.1102841
0 0.5827306 0.4742747 0.2021959 0.2021959
0 0.5937600 0.8088335 0.2757253 0.1911665
0 0.6029512 0.6158188 0.2021959 0.2021959
0 0.6103041 0.5018482 0.1470488 0.1470488
0 0.6286865 0.5202306 0.1102841 0.1102841
0 0.6305247 0.6433924 0.1470488 0.1470488
0 0.6305247 0.8455982 0.2021959 0.1544018
0 0.6489071 0.6617747 0.1102841 0.1102841
0 0.6580982 0.8731718 0.1470488 0.1268282
0 0.6856718 0.3327306 0.2021959 0.2021959
0 0.7132453 0.3603041 0.1470488 0.1470488
0 0.7316276 0.3786865 0.1102841 0.1102841
0 0.7683924 0.2353041 0.2021959 0.2021959
0 0.7959659 0.2628776 0.1470488 0.1470488
0 0.8143482 0.2812600 0.1102841 0.1102841
0 0.8603041 0.2261129 0.1396959 0.2021959
0 0.8786865 0.6489071 0.1213135 0.2021959
0 0.8878776 0.2536865 0.1121224 0.1470488
0 0.9062600 0.2720688 0.0937400 0.1102841
0 0.9062600 0.6764806 0.0937400 0.1470488
0 0.9246424 0.6948629 0.0753576 0.1102841
