0 0.0000100 0.8069953 0.1691076 0.1930047
0 0.0000100 0.8345688 0.1415341 0.1470488
0 0.0128776 0.8529512 0.1102841 0.1102841
0 0.1323629 0.4595688 0.2021959 0.2021959
0 0.1360394 0.8382453 0.2021959 0.1617547
0 0.1599365 0.4871424 0.1470488 0.1470488
0 0.1636129 0.8658188 0.1470488 0.1341812
0 0.1783188 0.5055247 0.1102841 0.1102841
0 0.1819953 0.8842012 0.1102841 0.1102841
0 0.2077306 0.1967012 0.2021959 0.2021959
0 0.2353041 0.2242747 0.1470488 0.1470488
0 0.2536865 0.2426571 0.1102841 0.1102841
0 0.4595688 0.0110394 0.2757253 0.2757253
0 0.4963335 0.0478041 0.2021959 0.2021959
0 0.5239071 0.0753776 0.1470488 0.1470488
0 0.5551571 0.7610394 0.2021959 0.2021959
0 0.5827306 0.7886129 0.1470488 0.1470488
0 0.6011129 0.8069953 0.1102841 0.1102841
0 0.6875100 0.8731718 0.2021959 0.1268282
0 0.7150835 0.9007453 0.1470488 0.0992547
0 0.7334659 0.9191276 0.1102841 0.0808724
0 0.8088335 0.8106718 0.1911665 0.1893282
0 0.8308924 0.5717012 0.1691076 0.2021959
0 0.8364071 0.8382453 0.1470488 0.1470488
0 0.8547894 0.8566276 0.1102841 0.1102841
0 0.8584659 0.5992747 0.1415341 0.1470488
0 0.8768482 0.6176571 0.1102841 0.1102841
