0 0.0000100 0.6617747 0.2003576 0.2021959
0 0.0257453 0.6893482 0.1470488 0.1470488
0 0.0441276 0.7077306 0.1102841 0.1102841
0 0.0496424 0.4834659 0.2757253 0.2757253
0 0.0864071 0.5202306 0.2021959 0.2021959
0 0.0974365 0.2812600 0.2021959 0.2021959
0 0.1139806 0.5478041 0.1470488 0.1470488
0 0.1250100 0.3088335 0.1470488 0.1470488
0 0.1433924 0.3272159 0.1102841 0.1102841
0 0.1746424 0.6599365 0.2021959 0.2021959
0 0.2022159 0.6875100 0.1470488 0.1470488
0 0.2205982 0.7058924 0.1102841 0.1102841
0 0.2279512 0.3621424 0.2021959 0.2021959
0 0.2555247 0.3897159 0.1470488 0.1470488
0 0.2739071 0.4080982 0.1102841 0.1102841
0 0.2849365 0.5312600 0.2021959 0.2021959
0 0.3033188 0.2739071 0.2021959 0.2021959
0 0.3125100 0.5588335 0.1470488 0.1470488
0 0.3308924 0.3014806 0.1470488 0.1470488
0 0.3308924 0.5772159 0.1102841 0.1102841
0 0.3492747 0.3198629 0.1102841 0.1102841
0 0.4099365 0.3492747 0.2021959 0.2021959
0 0.4375100 0.3768482 0.1470488 0.1470488
0 0.4558924 0.3952306 0.1102841 0.1102841
0 0.4632453 0.2077306 0.2021959 0.2021959
0 0.4908188 0.2353041 0.1470488 0.1470488
0 0.5092012 0.2536865 0.1102841 0.1102841
