0 0.0000100 0.7058924 0.1157988 0.2021959
0 0.0000100 0.7334659 0.0882253 0.1470488
0 0.0000100 0.7408188 0.1764606 0.2021959
0 0.0000100 0.7518482 0.0698429 0.1102841
0 0.0018482 0.7683924 0.1470488 0.1470488
0 0.0202306 0.7867747 0.1102841 0.1102841
0 0.0294218 0.7022159 0.2021959 0.2021959
0 0.0312600 0.7371424 0.2021959 0.2021959
0 0.0422894 0.6709659 0.2021959 0.2021959
0 0.0569953 0.7297894 0.1470488 0.1470488
0 0.0588335 0.7647159 0.1470488 0.1470488
0 0.0698629 0.6985394 0.1470488 0.1470488
0 0.0753776 0.7481718 0.1102841 0.1102841
0 0.0772159 0.7830982 0.1102841 0.1102841
0 0.0882453 0.7169218 0.1102841 0.1102841
0 0.2739071 0.1360394 0.2021959 0.2021959
0 0.2849365 0.2187600 0.2021959 0.2021959
0 0.2978041 0.0367747 0.2021959 0.2021959
0 0.3014806 0.1636129 0.1470488 0.1470488
0 0.3088335 0.3051571 0.2021959 0.2021959
0 0.3125100 0.2463335 0.1470488 0.1470488
0 0.3198629 0.1819953 0.1102841 0.1102841
0 0.3253776 0.0643482 0.1470488 0.1470488
0 0.3308924 0.2647159 0.1102841 0.1102841
0 0.3364071 0.3327306 0.1470488 0.1470488
0 0.3437600 0.0827306 0.1102841 0.1102841
0 0.3547894 0.3511129 0.1102841 0.1102841
0 0.3768482 0.1636129 0.2021959 0.2021959
0 0.3915541 0.0036865 0.2021959 0.2021959
0 0.4044218 0.1911865 0.1470488 0.1470488
0 0.4191276 0.0312600 0.1470488 0.1470488
0 0.4228041 0.2095688 0.1102841 0.1102841
0 0.4301571 0.1231718 0.2021959 0.2021959
0 0.4375100 0.0496424 0.1102841 0.1102841
0 0.4577306 0.1507453 0.1470488 0.1470488
0 0.4761129 0.1691276 0.1102841 0.1102841
0 0.4834659 0.1231718 0.2021959 0.2021959
0 0.4853041 0.1544218 0.2021959 0.2021959
0 0.5110394 0.1507453 0.1470488 0.1470488
0 0.5128776 0.1819953 0.1470488 0.1470488
0 0.5294218 0.1691276 0.1102841 0.1102841
0 0.5312600 0.2003776 0.1102841 0.1102841
0 0.6286865 0.0533188 0.2021959 0.2021959
0 0.6562600 0.0808924 0.1470488 0.1470488
0 0.6746424 0.0992747 0.1102841 0.1102841
