0 0.0000100 0.6378776 0.1249900 0.2021959
0 0.0000100 0.6654512 0.0974165 0.1470488
0 0.0000100 0.6838335 0.0790341 0.1102841
0 0.0239071 0.6360394 0.2021959 0.2021959
0 0.0514806 0.6636129 0.1470488 0.1470488
0 0.0661865 0.7334659 0.2021959 0.2021959
0 0.0680247 0.7775835 0.2021959 0.2021959
0 0.0698629 0.6819953 0.1102841 0.1102841
0 0.0937600 0.7610394 0.1470488 0.1470488
0 0.0955982 0.8051571 0.1470488 0.1470488
0 0.1121424 0.7794218 0.1102841 0.1102841
0 0.1139806 0.8235394 0.1102841 0.1102841
0 0.1268482 0.7389806 0.2021959 0.2021959
0 0.1544218 0.7665541 0.1470488 0.1470488
0 0.1580982 0.6856718 0.2021959 0.2021959
0 0.1728041 0.7849365 0.1102841 0.1102841
0 0.1856718 0.7132453 0.1470488 0.1470488
0 0.2040541 0.7316276 0.1102841 0.1102841
