0 0.1783188 0.7003776 0.0919018 0.0919018
0 0.2150835 0.6672894 0.0919018 0.0919018
0 0.2150835 0.7187600 0.0919018 0.0919018
0 0.2444953 0.6948629 0.0919018 0.0919018
0 0.2665541 0.6783188 0.0919018 0.0919018
0 0.2849365 0.6599365 0.0919018 0.0919018
0 0.3382453 0.6875100 0.0919018 0.0919018
0 0.3400835 0.6525835 0.0919018 0.0919018
0 0.3658188 0.4117747 0.0919018 0.0919018
0 0.3694953 0.6250100 0.0919018 0.0919018
0 0.3731718 0.3235394 0.0919018 0.0919018
0 0.3915541 0.5955982 0.0919018 0.0919018
0 0.4044218 0.9356718 0.0919018 0.0643282
0 0.4080982 0.3529512 0.0919018 0.0919018
0 0.4228041 0.5919218 0.0919018 0.0919018
0 0.4467012 0.5698629 0.0919018 0.0919018
0 0.4522159 0.3088335 0.0919018 0.0919018
0 0.4522159 0.4632453 0.0919018 0.0919018
0 0.4908188 0.5257453 0.0919018 0.0919018
0 0.5000100 0.5000100 0.0919018 0.0919018
0 0.5202306 0.4650835 0.0919018 0.0919018
0 0.5459659 0.4724365 0.0919018 0.0919018
0 0.5606718 0.3694953 0.0919018 0.0919018
0 0.5643482 0.4908188 0.0919018 0.0919018
0 0.5680247 0.3327306 0.0919018 0.0919018
0 0.5919218 0.5386129 0.0919018 0.0919018
0 0.6011129 0.4522159 0.0919018 0.0919018
0 0.6011129 0.8033188 0.0919018 0.0919018
0 0.6029512 0.7261129 0.0919018 0.0919018
0 0.6286865 0.6250100 0.0919018 0.0919018
0 0.6342012 0.8658188 0.0919018 0.0919018
0 0.6525835 0.7150835 0.0919018 0.0919018
0 0.6580982 0.4650835 0.1102841 0.1102841
0 0.6599365 0.5680247 0.0919018 0.0919018
0 0.6709659 0.3382453 0.0919018 0.0919018
0 0.6746424 0.6856718 0.0919018 0.0919018
0 0.6893482 0.7426571 0.0919018 0.0919018
0 0.7003776 0.5882453 0.0919018 0.0919018
0 0.7095688 0.7095688 0.0919018 0.0919018
0 0.7169218 0.8897159 0.1102841 0.1102841
0 0.7297894 0.6728041 0.0919018 0.0919018
0 0.7426571 0.6011129 0.0919018 0.0919018
0 0.7463335 0.5735394 0.0919018 0.0919018
0 0.7500100 0.3547894 0.0919018 0.0919018
0 0.7996424 0.6507453 0.0919018 0.0919018
0 0.8511129 0.5000100 0.0919018 0.0919018
0 0.8547894 0.6029512 0.0919018 0.0919018
0 0.8989071 0.5790541 0.0919018 0.0919018
