0 0.0000100 0.8805247 0.0698429 0.0919018
0 0.0000100 0.8915541 0.0882253 0.0919018
0 0.0000100 0.9319953 0.0680047 0.0680047
0 0.0202306 0.8713335 0.0919018 0.0919018
0 0.0790541 0.8750100 0.0919018 0.0919018
0 0.2886129 0.7610394 0.1102841 0.1102841
0 0.2922894 0.6783188 0.0919018 0.0919018
0 0.3382453 0.6672894 0.0919018 0.0919018
0 0.3970688 0.6856718 0.0919018 0.0919018
0 0.4283188 0.6856718 0.0919018 0.0919018
0 0.4724365 0.6801571 0.0919018 0.0919018
0 0.5459659 0.8639806 0.0919018 0.0919018
0 0.7353041 0.7996424 0.0919018 0.0919018
0 0.7536865 0.7150835 0.0919018 0.0919018
