0 0.0478041 0.0698629 0.2021959 0.2021959
0 0.0753776 0.0974365 0.1470488 0.1470488
0 0.0937600 0.1158188 0.1102841 0.1102841
0 0.1875100 0.3474365 0.2021959 0.2021959
0 0.2150835 0.3750100 0.1470488 0.1470488
0 0.2279512 0.0000100 0.2021959 0.1874900
0 0.2334659 0.3933924 0.1102841 0.1102841
0 0.2555247 0.0128776 0.1470488 0.1470488
0 0.2739071 0.0312600 0.1102841 0.1102841
0 0.2996424 0.0000100 0.2021959 0.2003576
0 0.3272159 0.0257453 0.1470488 0.1470488
0 0.3400835 0.0000100 0.2021959 0.1985194
0 0.3455982 0.0441276 0.1102841 0.1102841
0 0.3676571 0.0239071 0.1470488 0.1470488
0 0.3860394 0.0422894 0.1102841 0.1102841
0 0.4062600 0.2463335 0.2021959 0.2021959
0 0.4338335 0.2739071 0.1470488 0.1470488
0 0.4522159 0.2922894 0.1102841 0.1102841
0 0.4761129 0.3805247 0.2021959 0.2021959
0 0.5036865 0.4080982 0.1470488 0.1470488
0 0.5055247 0.6562600 0.2757253 0.2757253
0 0.5220688 0.4264806 0.1102841 0.1102841
0 0.5422894 0.6930247 0.2021959 0.2021959
0 0.5698629 0.7205982 0.1470488 0.1470488
0 0.6636129 0.3989071 0.2021959 0.2021959
0 0.6911865 0.4264806 0.1470488 0.1470488
0 0.7095688 0.4448629 0.1102841 0.1102841
0 0.7242747 0.7683924 0.2757253 0.2316076
0 0.7481718 0.4650835 0.2021959 0.2021959
0 0.7610394 0.8051571 0.2021959 0.1948429
0 0.7757453 0.4926571 0.1470488 0.1470488
0 0.7886129 0.8327306 0.1470488 0.1470488
0 0.7941276 0.5110394 0.1102841 0.1102841
