0 0.0000100 0.1783188 0.0808724 0.0919018
0 0.0165541 0.4595688 0.0919018 0.0919018
0 0.0459659 0.0625100 0.0919018 0.0919018
0 0.0533188 0.5533188 0.0919018 0.0919018
0 0.1213335 0.0000100 0.0919018 0.0624900
0 0.1415541 0.3272159 0.0919018 0.0919018
0 0.1544218 0.0147159 0.0919018 0.0919018
0 0.1580982 0.0845688 0.1102841 0.1102841
0 0.1893482 0.2555247 0.0919018 0.0919018
0 0.2132453 0.0569953 0.0919018 0.0919018
0 0.2150835 0.1084659 0.1102841 0.1102841
0 0.2739071 0.1617747 0.0919018 0.0919018
0 0.3529512 0.0000100 0.0919018 0.0790341
0 0.4154512 0.0055247 0.0919018 0.0919018
0 0.5330982 0.0000100 0.0919018 0.0790341
0 0.5606718 0.0018482 0.0919018 0.0919018
0 0.5827306 0.0000100 0.0919018 0.0827106
0 0.8952306 0.0790541 0.0919018 0.0919018
