0 0.0919218 0.0680247 0.0919018 0.0919018
0 0.0974365 0.0183924 0.0919018 0.0919018
0 0.1158188 0.0698629 0.0919018 0.0919018
0 0.1231718 0.1158188 0.1102841 0.1102841
0 0.1452306 0.0000100 0.0919018 0.0477841
0 0.1525835 0.0680247 0.0919018 0.0919018
0 0.1544218 0.1342012 0.0919018 0.0919018
0 0.1709659 0.0992747 0.0919018 0.0919018
0 0.1930247 0.0128776 0.1470488 0.1470488
0 0.1930247 0.1470688 0.0919018 0.0919018
0 0.2187600 0.1121424 0.0919018 0.0919018
0 0.2426571 0.2132453 0.0919018 0.0919018
0 0.2500100 0.0000100 0.0919018 0.0735194
0 0.2610394 0.1415541 0.0919018 0.0919018
0 0.2739071 0.1654512 0.0919018 0.0919018
0 0.2941276 0.0496424 0.0919018 0.0919018
0 0.3180247 0.3437600 0.0919018 0.0919018
0 0.3345688 0.1250100 0.0919018 0.0919018
0 0.3382453 0.2150835 0.0919018 0.0919018
