0 0.4503776 0.1360394 0.2757253 0.2757253
0 0.4853041 0.6176571 0.2021959 0.2021959
0 0.4871424 0.1728041 0.2021959 0.2021959
0 0.5128776 0.6452306 0.1470488 0.1470488
0 0.5147159 0.2003776 0.1470488 0.1470488
0 0.5312600 0.6636129 0.1102841 0.1102841
0 0.5551571 0.1231718 0.2021959 0.2021959
0 0.5625100 0.0606718 0.2021959 0.2021959
0 0.5827306 0.1507453 0.1470488 0.1470488
0 0.5900835 0.0882453 0.1470488 0.1470488
0 0.6011129 0.1691276 0.1102841 0.1102841
0 0.6084659 0.1066276 0.1102841 0.1102841
0 0.7279512 0.5239071 0.2021959 0.2021959
0 0.7555247 0.5514806 0.1470488 0.1470488
0 0.7739071 0.5698629 0.1102841 0.1102841
