0 0.0092012 0.2371424 0.2021959 0.2021959
0 0.0367747 0.2647159 0.1470488 0.1470488
0 0.0551571 0.2830982 0.1102841 0.1102841
0 0.0661865 0.2739071 0.2021959 0.2021959
0 0.0937600 0.3014806 0.1470488 0.1470488
0 0.1121424 0.3198629 0.1102841 0.1102841
0 0.1746424 0.2187600 0.2021959 0.2021959
0 0.2022159 0.2463335 0.1470488 0.1470488
0 0.2205982 0.2647159 0.1102841 0.1102841
0 0.2279512 0.2536865 0.2021959 0.2021959
0 0.2316276 0.7058924 0.2021959 0.2021959
0 0.2555247 0.2812600 0.1470488 0.1470488
0 0.2592012 0.7334659 0.1470488 0.1470488
0 0.2739071 0.2996424 0.1102841 0.1102841
0 0.2775835 0.7518482 0.1102841 0.1102841
0 0.2922894 0.4356718 0.2021959 0.2021959
0 0.3198629 0.4632453 0.1470488 0.1470488
0 0.3382453 0.4816276 0.1102841 0.1102841
