0 0.0000100 0.2941276 0.1727841 0.2021959
0 0.0000100 0.3217012 0.1452106 0.1470488
0 0.0110394 0.0882453 0.2021959 0.2021959
0 0.0110394 0.3437600 0.2021959 0.2021959
0 0.0165541 0.3400835 0.1102841 0.1102841
0 0.0386129 0.1158188 0.1470488 0.1470488
0 0.0386129 0.3713335 0.1470488 0.1470488
0 0.0478041 0.0349365 0.2021959 0.2021959
0 0.0569953 0.1342012 0.1102841 0.1102841
0 0.0569953 0.3897159 0.1102841 0.1102841
0 0.0753776 0.0625100 0.1470488 0.1470488
0 0.0937600 0.0808924 0.1102841 0.1102841
0 0.1176571 0.0533188 0.2021959 0.2021959
0 0.1452306 0.0808924 0.1470488 0.1470488
0 0.1636129 0.0992747 0.1102841 0.1102841
