0 0.0000100 0.8143482 0.1801371 0.1856518
0 0.0055247 0.5606718 0.2021959 0.2021959
0 0.0055247 0.8419218 0.1470488 0.1470488
0 0.0239071 0.8603041 0.1102841 0.1102841
0 0.0330982 0.5882453 0.1470488 0.1470488
0 0.0514806 0.6066276 0.1102841 0.1102841
0 0.2757453 0.8290541 0.2021959 0.1709459
0 0.2904512 0.5018482 0.2021959 0.2021959
0 0.3033188 0.8566276 0.1470488 0.1433724
0 0.3180247 0.5294218 0.1470488 0.1470488
0 0.3217012 0.8750100 0.1102841 0.1102841
0 0.3364071 0.5478041 0.1102841 0.1102841
0 0.3970688 0.5735394 0.2021959 0.2021959
0 0.4246424 0.6011129 0.1470488 0.1470488
0 0.4430247 0.6194953 0.1102841 0.1102841
0 0.7022159 0.0808924 0.2021959 0.2021959
0 0.7297894 0.1084659 0.1470488 0.1470488
0 0.7481718 0.1268482 0.1102841 0.1102841
0 0.7996424 0.8106718 0.2003576 0.1893282
0 0.8272159 0.8382453 0.1470488 0.1470488
0 0.8455982 0.8566276 0.1102841 0.1102841
