0 0.0000100 0.3235394 0.1249900 0.2021959
0 0.0000100 0.3511129 0.0974165 0.1470488
0 0.0000100 0.3694953 0.0790341 0.1102841
0 0.0000100 0.7077306 0.1102841 0.2021959
0 0.0000100 0.7353041 0.0827106 0.1470488
0 0.0000100 0.7536865 0.0643282 0.1102841
0 0.2353041 0.3566276 0.2021959 0.2021959
0 0.2628776 0.3842012 0.1470488 0.1470488
0 0.2812600 0.4025835 0.1102841 0.1102841
0 0.2812600 0.4926571 0.2021959 0.2021959
0 0.2867747 0.8952306 0.2021959 0.1047694
0 0.3088335 0.5202306 0.1470488 0.1470488
0 0.3143482 0.9228041 0.1470488 0.0771959
0 0.3272159 0.5386129 0.1102841 0.1102841
0 0.3327306 0.9411865 0.1102841 0.0588135
0 0.4871424 0.4356718 0.2021959 0.2021959
0 0.5147159 0.4632453 0.1470488 0.1470488
0 0.5330982 0.4816276 0.1102841 0.1102841
0 0.6525835 0.2334659 0.2021959 0.2021959
0 0.6801571 0.2610394 0.1470488 0.1470488
0 0.6985394 0.2794218 0.1102841 0.1102841
