0 0.0000100 0.0625100 0.1305047 0.2021959
0 0.0000100 0.0900835 0.1029312 0.1470488
0 0.0000100 0.1084659 0.0845488 0.1102841
0 0.0000100 0.7224365 0.1691076 0.2021959
0 0.0000100 0.7500100 0.1415341 0.1470488
0 0.0073629 0.5202306 0.2021959 0.2021959
0 0.0128776 0.7683924 0.1102841 0.1102841
0 0.0349365 0.5478041 0.1470488 0.1470488
0 0.0533188 0.5661865 0.1102841 0.1102841
0 0.1562600 0.2316276 0.2021959 0.2021959
0 0.1838335 0.2592012 0.1470488 0.1470488
0 0.2022159 0.2775835 0.1102841 0.1102841
0 0.4558924 0.0680247 0.2021959 0.2021959
0 0.4834659 0.0955982 0.1470488 0.1470488
0 0.4871424 0.1930247 0.2021959 0.2021959
0 0.5018482 0.1139806 0.1102841 0.1102841
0 0.5147159 0.2205982 0.1470488 0.1470488
0 0.5330982 0.2389806 0.1102841 0.1102841
0 0.5422894 0.4687600 0.2021959 0.2021959
0 0.5698629 0.4963335 0.1470488 0.1470488
0 0.5772159 0.1011129 0.2021959 0.2021959
0 0.5882453 0.5147159 0.1102841 0.1102841
0 0.6047894 0.1286865 0.1470488 0.1470488
0 0.6231718 0.1470688 0.1102841 0.1102841
0 0.6544218 0.1433924 0.2021959 0.2021959
0 0.6819953 0.1709659 0.1470488 0.1470488
0 0.7003776 0.1893482 0.1102841 0.1102841
0 0.7224365 0.3106718 0.2021959 0.2021959
0 0.7500100 0.3382453 0.1470488 0.1470488
0 0.7683924 0.3566276 0.1102841 0.1102841
