0 0.0000100 0.2592012 0.1819753 0.2021959
0 0.0000100 0.2886129 0.2242547 0.2757253
0 0.0000100 0.3253776 0.1874900 0.2021959
0 0.0000100 0.4944953 0.2242547 0.2757253
0 0.0000100 0.5312600 0.1874900 0.2021959
0 0.0000100 0.5735394 0.2003576 0.2021959
0 0.0000100 0.6746424 0.1654312 0.2021959
0 0.0000100 0.7022159 0.1378576 0.1470488
0 0.0073629 0.2867747 0.1470488 0.1470488
0 0.0092012 0.7205982 0.1102841 0.1102841
0 0.0128776 0.3529512 0.1470488 0.1470488
0 0.0128776 0.5588335 0.1470488 0.1470488
0 0.0257453 0.3051571 0.1102841 0.1102841
0 0.0257453 0.4319953 0.2021959 0.2021959
0 0.0257453 0.6011129 0.1470488 0.1470488
0 0.0257453 0.8492747 0.2021959 0.1507253
0 0.0441276 0.6194953 0.1102841 0.1102841
0 0.0496424 0.7132453 0.2021959 0.2021959
0 0.0533188 0.4595688 0.1470488 0.1470488
0 0.0533188 0.8768482 0.1470488 0.1231518
0 0.0717012 0.4779512 0.1102841 0.1102841
0 0.0717012 0.8952306 0.1102841 0.1047694
0 0.0772159 0.5349365 0.2021959 0.2021959
0 0.0772159 0.7408188 0.1470488 0.1470488
0 0.0790541 0.3989071 0.2021959 0.2021959
0 0.0937600 0.1470688 0.2021959 0.2021959
0 0.0955982 0.7592012 0.1102841 0.1102841
0 0.1047894 0.5625100 0.1470488 0.1470488
0 0.1066276 0.4264806 0.1470488 0.1470488
0 0.1084659 0.8933924 0.2021959 0.1066076
0 0.1194953 0.2665541 0.2021959 0.2021959
0 0.1213335 0.1746424 0.1470488 0.1470488
0 0.1231718 0.5808924 0.1102841 0.1102841
0 0.1250100 0.4448629 0.1102841 0.1102841
0 0.1360394 0.9209659 0.1470488 0.0790341
0 0.1397159 0.1930247 0.1102841 0.1102841
0 0.1452306 0.4467012 0.2021959 0.2021959
0 0.1452306 0.7114071 0.2021959 0.2021959
0 0.1470688 0.2941276 0.1470488 0.1470488
0 0.1544218 0.9393482 0.1102841 0.0606518
0 0.1562600 0.6158188 0.2021959 0.2021959
0 0.1654512 0.3125100 0.1102841 0.1102841
0 0.1728041 0.4742747 0.1470488 0.1470488
0 0.1728041 0.7389806 0.1470488 0.1470488
0 0.1838335 0.6433924 0.1470488 0.1470488
0 0.1893482 0.0478041 0.2021959 0.2021959
0 0.1911865 0.4926571 0.1102841 0.1102841
0 0.1911865 0.7573629 0.1102841 0.1102841
0 0.2003776 0.1636129 0.2021959 0.2021959
0 0.2022159 0.6617747 0.1102841 0.1102841
0 0.2040541 0.7739071 0.2021959 0.2021959
0 0.2077306 0.8492747 0.2021959 0.1507253
0 0.2169218 0.0753776 0.1470488 0.1470488
0 0.2187600 0.6764806 0.2757253 0.2757253
0 0.2205982 0.3584659 0.2021959 0.2021959
0 0.2279512 0.1911865 0.1470488 0.1470488
0 0.2316276 0.8014806 0.1470488 0.1470488
0 0.2353041 0.0937600 0.1102841 0.1102841
0 0.2353041 0.8768482 0.1470488 0.1231518
0 0.2463335 0.2095688 0.1102841 0.1102841
0 0.2481718 0.3860394 0.1470488 0.1470488
0 0.2500100 0.8198629 0.1102841 0.1102841
0 0.2536865 0.8952306 0.1102841 0.1047694
0 0.2555247 0.7132453 0.2021959 0.2021959
0 0.2610394 0.8621424 0.2021959 0.1378576
0 0.2665541 0.2426571 0.2021959 0.2021959
0 0.2665541 0.4044218 0.1102841 0.1102841
0 0.2830982 0.7408188 0.1470488 0.1470488
0 0.2886129 0.8897159 0.1470488 0.1102841
0 0.2941276 0.2702306 0.1470488 0.1470488
0 0.3069953 0.9080982 0.1102841 0.0919018
0 0.3088335 0.3547894 0.2757253 0.2757253
0 0.3125100 0.2886129 0.1102841 0.1102841
0 0.3290541 0.0955982 0.2021959 0.2021959
0 0.3327306 0.7610394 0.2021959 0.2021959
0 0.3455982 0.3915541 0.2021959 0.2021959
0 0.3547894 0.6985394 0.2021959 0.2021959
0 0.3547894 0.8676571 0.2021959 0.1323429
0 0.3566276 0.1231718 0.1470488 0.1470488
0 0.3603041 0.7886129 0.1470488 0.1470488
0 0.3694953 0.7794218 0.2021959 0.2021959
0 0.3731718 0.4191276 0.1470488 0.1470488
0 0.3750100 0.1415541 0.1102841 0.1102841
0 0.3786865 0.8069953 0.1102841 0.1102841
0 0.3823629 0.2132453 0.2021959 0.2021959
0 0.3823629 0.7261129 0.1470488 0.1470488
0 0.3823629 0.8952306 0.1470488 0.1047694
0 0.3970688 0.8069953 0.1470488 0.1470488
0 0.4007453 0.7444953 0.1102841 0.1102841
0 0.4007453 0.9136129 0.1102841 0.0863871
0 0.4062600 0.8823629 0.2021959 0.1176371
0 0.4099365 0.2408188 0.1470488 0.1470488
0 0.4154512 0.8253776 0.1102841 0.1102841
0 0.4283188 0.2592012 0.1102841 0.1102841
0 0.4338335 0.9099365 0.1470488 0.0900635
0 0.4356718 0.4981718 0.2757253 0.2757253
0 0.4356718 0.7867747 0.2021959 0.2021959
0 0.4430247 0.7353041 0.2021959 0.2021959
0 0.4467012 0.1599365 0.2021959 0.2021959
0 0.4522159 0.9283188 0.1102841 0.0716812
0 0.4632453 0.8143482 0.1470488 0.1470488
0 0.4705982 0.7628776 0.1470488 0.1470488
0 0.4724365 0.2518482 0.2757253 0.2757253
0 0.4724365 0.5349365 0.2021959 0.2021959
0 0.4742747 0.1875100 0.1470488 0.1470488
0 0.4816276 0.8327306 0.1102841 0.1102841
0 0.4889806 0.7812600 0.1102841 0.1102841
0 0.4926571 0.2058924 0.1102841 0.1102841
0 0.5000100 0.5625100 0.1470488 0.1470488
0 0.5092012 0.2886129 0.2021959 0.2021959
0 0.5367747 0.3161865 0.1470488 0.1470488
0 0.5569953 0.0239071 0.2757253 0.2757253
0 0.5569953 0.6562600 0.2021959 0.2021959
0 0.5845688 0.6838335 0.1470488 0.1470488
0 0.5937600 0.0606718 0.2021959 0.2021959
0 0.6029512 0.7022159 0.1102841 0.1102841
0 0.6213335 0.0882453 0.1470488 0.1470488
0 0.6599365 0.0000100 0.2021959 0.1691076
0 0.6783188 0.4889806 0.2021959 0.2021959
0 0.6875100 0.0000100 0.1470488 0.1415341
0 0.7058924 0.0128776 0.1102841 0.1102841
0 0.7058924 0.5165541 0.1470488 0.1470488
0 0.7242747 0.5349365 0.1102841 0.1102841
