0 0.0312600 0.0735394 0.2021959 0.2021959
0 0.0588335 0.1011129 0.1470488 0.1470488
0 0.0772159 0.1194953 0.1102841 0.1102841
0 0.2297894 0.2426571 0.2021959 0.2021959
0 0.2573629 0.2702306 0.1470488 0.1470488
0 0.2757453 0.2886129 0.1102841 0.1102841
0 0.3290541 0.6489071 0.2021959 0.2021959
0 0.3566276 0.6764806 0.1470488 0.1470488
0 0.3750100 0.6948629 0.1102841 0.1102841
0 0.4228041 0.2077306 0.2021959 0.2021959
0 0.4503776 0.2353041 0.1470488 0.1470488
0 0.4687600 0.2536865 0.1102841 0.1102841
0 0.4761129 0.4448629 0.2021959 0.2021959
0 0.5036865 0.4724365 0.1470488 0.1470488
0 0.5220688 0.4908188 0.1102841 0.1102841
