0 0.0000100 0.0000100 0.0771959 0.0808724
0 0.0000100 0.0202306 0.0771959 0.0919018
0 0.0000100 0.1728041 0.0882253 0.0919018
0 0.0000100 0.2573629 0.0882253 0.0919018
0 0.0000100 0.3842012 0.0514606 0.0919018
0 0.0000100 0.6856718 0.0514606 0.0919018
0 0.0000100 0.7500100 0.0606518 0.0919018
0 0.0000100 0.7683924 0.0863871 0.0919018
0 0.0055247 0.0000100 0.0919018 0.0569753
0 0.0073629 0.1507453 0.0919018 0.0919018
0 0.0147159 0.3308924 0.0919018 0.0919018
0 0.0422894 0.0000100 0.0919018 0.0753576
0 0.0514806 0.6875100 0.0919018 0.0919018
0 0.0661865 0.0790541 0.0919018 0.0919018
0 0.0753776 0.0000100 0.0919018 0.0569753
0 0.0753776 0.0808924 0.1470488 0.1470488
0 0.0845688 0.6415541 0.0919018 0.0919018
0 0.0919218 0.4467012 0.0919018 0.0919018
0 0.1103041 0.6250100 0.0919018 0.0919018
0 0.1194953 0.2665541 0.0919018 0.0919018
0 0.1433924 0.4963335 0.0919018 0.0919018
0 0.1507453 0.2941276 0.0919018 0.0919018
0 0.1617747 0.0000100 0.0919018 0.0551371
0 0.1746424 0.2261129 0.0919018 0.0919018
0 0.1893482 0.4099365 0.0919018 0.0919018
0 0.2058924 0.2297894 0.0919018 0.0919018
0 0.3051571 0.1580982 0.0919018 0.0919018
0 0.3382453 0.0882453 0.0919018 0.0919018
0 0.3639806 0.0386129 0.0919018 0.0919018
0 0.3823629 0.1654512 0.0919018 0.0919018
0 0.4007453 0.2261129 0.0919018 0.0919018
0 0.4136129 0.0000100 0.0919018 0.0882253
0 0.4209659 0.0000100 0.0919018 0.0588135
0 0.4375100 0.0000100 0.0919018 0.0569753
0 0.4503776 0.0569953 0.0919018 0.0919018
0 0.4632453 0.0000100 0.0919018 0.0863871
0 0.5183924 0.0496424 0.0919018 0.0919018
0 0.5569953 0.0239071 0.0919018 0.0919018
0 0.7169218 0.6397159 0.1102841 0.1102841
0 0.7867747 0.0000100 0.0919018 0.0459459
