0 0.0000100 0.0000100 0.1709459 0.1029312
0 0.0000100 0.0000100 0.1433724 0.0753576
0 0.0147159 0.0000100 0.1102841 0.0569753
0 0.0239071 0.0000100 0.2021959 0.1911665
0 0.0514806 0.0165541 0.1470488 0.1470488
0 0.0698629 0.0349365 0.1102841 0.1102841
0 0.0717012 0.0000100 0.2021959 0.1599165
0 0.0992747 0.0000100 0.1470488 0.1323429
0 0.0992747 0.2849365 0.2021959 0.2021959
0 0.1103041 0.0000100 0.2021959 0.1249900
0 0.1176571 0.0036865 0.1102841 0.1102841
0 0.1231718 0.3713335 0.2021959 0.2021959
0 0.1268482 0.3125100 0.1470488 0.1470488
0 0.1342012 0.0514806 0.2021959 0.2021959
0 0.1378776 0.0000100 0.1470488 0.0974165
0 0.1397159 0.2095688 0.2021959 0.2021959
0 0.1433924 0.3842012 0.2021959 0.2021959
0 0.1433924 0.4117747 0.2021959 0.2021959
0 0.1452306 0.3308924 0.1102841 0.1102841
0 0.1507453 0.3989071 0.1470488 0.1470488
0 0.1544218 0.0790541 0.2021959 0.2021959
0 0.1562600 0.0000100 0.1102841 0.0790341
0 0.1617747 0.0790541 0.1470488 0.1470488
0 0.1672894 0.2371424 0.1470488 0.1470488
0 0.1691276 0.4172894 0.1102841 0.1102841
0 0.1709659 0.4117747 0.1470488 0.1470488
0 0.1709659 0.4393482 0.1470488 0.1470488
0 0.1801571 0.0974365 0.1102841 0.1102841
0 0.1819953 0.1066276 0.1470488 0.1470488
0 0.1856718 0.2022159 0.2021959 0.2021959
0 0.1856718 0.2555247 0.1102841 0.1102841
0 0.1893482 0.4301571 0.1102841 0.1102841
0 0.1893482 0.4577306 0.1102841 0.1102841
0 0.2003776 0.1250100 0.1102841 0.1102841
0 0.2132453 0.2297894 0.1470488 0.1470488
0 0.2316276 0.2481718 0.1102841 0.1102841
