0 0.0000100 0.4209659 0.1323429 0.2021959
0 0.0000100 0.4448629 0.1856518 0.2021959
0 0.0000100 0.4485394 0.1047694 0.1470488
0 0.0000100 0.4650835 0.1966812 0.2021959
0 0.0000100 0.4669218 0.0863871 0.1102841
0 0.0110394 0.4724365 0.1470488 0.1470488
0 0.0220688 0.4926571 0.1470488 0.1470488
0 0.0294218 0.4908188 0.1102841 0.1102841
0 0.0404512 0.5110394 0.1102841 0.1102841
0 0.0643482 0.4467012 0.2021959 0.2021959
0 0.0919218 0.4742747 0.1470488 0.1470488
0 0.1103041 0.4926571 0.1102841 0.1102841
0 0.1562600 0.5496424 0.2021959 0.2021959
0 0.1838335 0.5772159 0.1470488 0.1470488
0 0.2022159 0.5955982 0.1102841 0.1102841
