0 0.1801571 0.1158188 0.1470488 0.1470488
0 0.4172894 0.2205982 0.0919018 0.0919018
0 0.4926571 0.1323629 0.0919018 0.0919018
0 0.5128776 0.1893482 0.0919018 0.0919018
0 0.5386129 0.3088335 0.0919018 0.0919018
0 0.5588335 0.1139806 0.0919018 0.0919018
0 0.5753776 0.2279512 0.0919018 0.0919018
0 0.6286865 0.1213335 0.0919018 0.0919018
0 0.6378776 0.0367747 0.0919018 0.0919018
0 0.6378776 0.1783188 0.1470488 0.1470488
0 0.7095688 0.0533188 0.0919018 0.0919018
0 0.7886129 0.0000100 0.0919018 0.0496224
0 0.8364071 0.0165541 0.0919018 0.0919018
