0 0.0000100 0.2592012 0.1856518 0.2021959
0 0.0000100 0.3584659 0.1727841 0.2021959
0 0.0000100 0.3860394 0.1452106 0.1470488
0 0.0000100 0.5386129 0.1378576 0.2021959
0 0.0000100 0.5661865 0.1102841 0.1470488
0 0.0000100 0.5845688 0.0919018 0.1102841
0 0.0000100 0.6599365 0.1047694 0.2021959
0 0.0000100 0.6875100 0.0771959 0.1470488
0 0.0000100 0.7058924 0.0588135 0.1102841
0 0.0000100 0.8547894 0.1378576 0.1452106
0 0.0000100 0.8823629 0.1102841 0.1176371
0 0.0000100 0.9007453 0.0919018 0.0992547
0 0.0110394 0.2867747 0.1470488 0.1470488
0 0.0110394 0.5496424 0.2021959 0.2021959
0 0.0165541 0.4044218 0.1102841 0.1102841
0 0.0294218 0.3051571 0.1102841 0.1102841
0 0.0386129 0.5772159 0.1470488 0.1470488
0 0.0404512 0.2481718 0.2021959 0.2021959
0 0.0551571 0.1856718 0.2021959 0.2021959
0 0.0569953 0.5955982 0.1102841 0.1102841
0 0.0680247 0.2757453 0.1470488 0.1470488
0 0.0827306 0.2132453 0.1470488 0.1470488
0 0.0864071 0.2941276 0.1102841 0.1102841
0 0.1011129 0.2316276 0.1102841 0.1102841
0 0.1066276 0.4319953 0.2021959 0.2021959
0 0.1286865 0.0183924 0.2021959 0.2021959
0 0.1342012 0.4595688 0.1470488 0.1470488
0 0.1452306 0.2922894 0.2021959 0.2021959
0 0.1525835 0.4779512 0.1102841 0.1102841
0 0.1562600 0.0459659 0.1470488 0.1470488
0 0.1599365 0.5808924 0.2021959 0.2021959
0 0.1654512 0.1893482 0.2021959 0.2021959
0 0.1728041 0.1323629 0.2021959 0.2021959
0 0.1728041 0.3198629 0.1470488 0.1470488
0 0.1746424 0.0643482 0.1102841 0.1102841
0 0.1875100 0.6084659 0.1470488 0.1470488
0 0.1911865 0.3382453 0.1102841 0.1102841
0 0.1930247 0.2040541 0.2021959 0.2021959
0 0.1930247 0.2169218 0.1470488 0.1470488
0 0.2003776 0.1599365 0.1470488 0.1470488
0 0.2058924 0.6268482 0.1102841 0.1102841
0 0.2114071 0.2353041 0.1102841 0.1102841
0 0.2114071 0.2408188 0.2021959 0.2021959
0 0.2132453 0.0000100 0.2021959 0.1562400
0 0.2187600 0.1783188 0.1102841 0.1102841
0 0.2205982 0.2316276 0.1470488 0.1470488
0 0.2353041 0.1636129 0.2021959 0.2021959
0 0.2389806 0.2500100 0.1102841 0.1102841
0 0.2389806 0.2683924 0.1470488 0.1470488
0 0.2408188 0.0000100 0.1470488 0.1286665
0 0.2463335 0.2867747 0.2021959 0.2021959
0 0.2500100 0.1139806 0.2021959 0.2021959
0 0.2500100 0.3731718 0.2021959 0.2021959
0 0.2573629 0.2867747 0.1102841 0.1102841
0 0.2592012 0.0000100 0.1102841 0.1102841
0 0.2628776 0.0000100 0.2757253 0.2095488
0 0.2628776 0.0000100 0.2021959 0.1801371
0 0.2628776 0.0478041 0.2021959 0.2021959
0 0.2628776 0.1911865 0.1470488 0.1470488
0 0.2739071 0.3143482 0.1470488 0.1470488
0 0.2775835 0.1415541 0.1470488 0.1470488
0 0.2775835 0.4007453 0.1470488 0.1470488
0 0.2812600 0.2095688 0.1102841 0.1102841
0 0.2849365 0.1967012 0.2021959 0.2021959
0 0.2904512 0.0055247 0.1470488 0.1470488
0 0.2904512 0.0753776 0.1470488 0.1470488
0 0.2922894 0.3327306 0.1102841 0.1102841
0 0.2959659 0.1599365 0.1102841 0.1102841
0 0.2959659 0.4191276 0.1102841 0.1102841
0 0.2978041 0.2812600 0.2021959 0.2021959
0 0.2996424 0.0000100 0.2021959 0.1727841
0 0.3088335 0.0239071 0.1102841 0.1102841
0 0.3088335 0.0937600 0.1102841 0.1102841
0 0.3125100 0.2242747 0.1470488 0.1470488
0 0.3198629 0.1250100 0.2021959 0.2021959
0 0.3253776 0.3088335 0.1470488 0.1470488
0 0.3272159 0.0000100 0.1470488 0.1452106
0 0.3308924 0.2426571 0.1102841 0.1102841
0 0.3437600 0.3272159 0.1102841 0.1102841
0 0.3474365 0.1525835 0.1470488 0.1470488
0 0.3658188 0.1709659 0.1102841 0.1102841
0 0.3805247 0.0000100 0.2021959 0.1010929
0 0.4080982 0.0000100 0.1470488 0.0735194
0 0.4264806 0.0000100 0.1102841 0.0551371
