0 0.0000100 0.1342012 0.1268282 0.1470488
0 0.2426571 0.8639806 0.1470488 0.1360194
0 0.3658188 0.0790541 0.0919018 0.0919018
0 0.4025835 0.1452306 0.0919018 0.0919018
0 0.4522159 0.1011129 0.1470488 0.1470488
0 0.4540541 0.5661865 0.0919018 0.0919018
0 0.4558924 0.4191276 0.0919018 0.0919018
0 0.4797894 0.0220688 0.0919018 0.0919018
0 0.4944953 0.2040541 0.0919018 0.0919018
0 0.5422894 0.0239071 0.0919018 0.0919018
0 0.5422894 0.1011129 0.0919018 0.0919018
0 0.5551571 0.4926571 0.1102841 0.1102841
0 0.5790541 0.5588335 0.0919018 0.0919018
0 0.5827306 0.6470688 0.0919018 0.0919018
0 0.5937600 0.3492747 0.0919018 0.0919018
0 0.6250100 0.8272159 0.0919018 0.0919018
0 0.6286865 0.1047894 0.0919018 0.0919018
0 0.6286865 0.2261129 0.0919018 0.0919018
0 0.6323629 0.4944953 0.0919018 0.0919018
0 0.6415541 0.0533188 0.0919018 0.0919018
0 0.6544218 0.3455982 0.0919018 0.0919018
0 0.6967012 0.7297894 0.0919018 0.0919018
0 0.7150835 0.1176571 0.0919018 0.0919018
0 0.7169218 0.2610394 0.0919018 0.0919018
0 0.7169218 0.5367747 0.0919018 0.0919018
0 0.7297894 0.0000100 0.0919018 0.0532988
0 0.7297894 0.4246424 0.0919018 0.0919018
0 0.7775835 0.4375100 0.0919018 0.0919018
0 0.8033188 0.5073629 0.0919018 0.0919018
0 0.8033188 0.7261129 0.0919018 0.0919018
0 0.8161865 0.1378776 0.0919018 0.0919018
0 0.8547894 0.8731718 0.0919018 0.0919018
0 0.8970688 0.6305247 0.0919018 0.0919018
0 0.9062600 0.5055247 0.0919018 0.0919018
0 0.9172894 0.0312600 0.0827106 0.0919018
0 0.9209659 0.4522159 0.0790341 0.0919018
0 0.9264806 0.0000100 0.0735194 0.0459459
0 0.9356718 0.2242747 0.0643282 0.0919018
