0 0.0000100 0.7886129 0.1654312 0.2021959
0 0.0000100 0.8161865 0.1378576 0.1470488
0 0.0092012 0.5551571 0.2021959 0.2021959
0 0.0092012 0.8345688 0.1102841 0.1102841
0 0.0367747 0.5827306 0.1470488 0.1470488
0 0.0422894 0.1378776 0.2021959 0.2021959
0 0.0551571 0.6011129 0.1102841 0.1102841
0 0.0569953 0.8860394 0.2021959 0.1139606
0 0.0698629 0.1654512 0.1470488 0.1470488
0 0.0845688 0.9136129 0.1470488 0.0863871
0 0.0882453 0.1838335 0.1102841 0.1102841
0 0.0937600 0.5606718 0.2757253 0.2757253
0 0.1029512 0.9319953 0.1102841 0.0680047
0 0.1305247 0.5974365 0.2021959 0.2021959
0 0.1378776 0.5257453 0.2021959 0.2021959
0 0.1507453 0.1415541 0.2021959 0.2021959
0 0.1580982 0.6250100 0.1470488 0.1470488
0 0.1636129 0.2316276 0.2021959 0.2021959
0 0.1654512 0.5533188 0.1470488 0.1470488
0 0.1672894 0.1911865 0.2021959 0.2021959
0 0.1783188 0.1691276 0.1470488 0.1470488
0 0.1783188 0.4522159 0.2021959 0.2021959
0 0.1838335 0.5717012 0.1102841 0.1102841
0 0.1856718 0.3823629 0.2021959 0.2021959
0 0.1911865 0.2592012 0.1470488 0.1470488
0 0.1948629 0.2187600 0.1470488 0.1470488
0 0.1967012 0.1875100 0.1102841 0.1102841
0 0.2003776 0.0000100 0.2021959 0.1010929
0 0.2022159 0.2720688 0.2021959 0.2021959
0 0.2058924 0.4797894 0.1470488 0.1470488
0 0.2095688 0.2775835 0.1102841 0.1102841
0 0.2132453 0.2371424 0.1102841 0.1102841
0 0.2132453 0.4099365 0.1470488 0.1470488
0 0.2242747 0.4981718 0.1102841 0.1102841
0 0.2279512 0.0000100 0.1470488 0.0735194
0 0.2297894 0.2996424 0.1470488 0.1470488
0 0.2316276 0.4283188 0.1102841 0.1102841
0 0.2371424 0.0000100 0.2021959 0.1599165
0 0.2463335 0.0000100 0.1102841 0.0551371
0 0.2481718 0.3180247 0.1102841 0.1102841
0 0.2500100 0.0606718 0.2021959 0.2021959
0 0.2647159 0.0000100 0.1470488 0.1323429
0 0.2665541 0.1599365 0.2021959 0.2021959
0 0.2702306 0.5404512 0.2021959 0.2021959
0 0.2720688 0.3235394 0.2021959 0.2021959
0 0.2757453 0.0257453 0.2021959 0.2021959
0 0.2775835 0.0882453 0.1470488 0.1470488
0 0.2830982 0.0036865 0.1102841 0.1102841
0 0.2849365 0.1397159 0.2021959 0.2021959
0 0.2849365 0.3731718 0.2757253 0.2757253
0 0.2867747 0.3658188 0.2021959 0.2021959
0 0.2941276 0.1875100 0.1470488 0.1470488
0 0.2959659 0.1066276 0.1102841 0.1102841
0 0.2978041 0.2077306 0.2021959 0.2021959
0 0.2978041 0.5680247 0.1470488 0.1470488
0 0.2996424 0.3511129 0.1470488 0.1470488
0 0.3033188 0.0533188 0.1470488 0.1470488
0 0.3106718 0.5496424 0.2021959 0.2021959
0 0.3125100 0.1672894 0.1470488 0.1470488
0 0.3125100 0.2058924 0.1102841 0.1102841
0 0.3143482 0.0000100 0.2021959 0.1819753
0 0.3143482 0.3933924 0.1470488 0.1470488
0 0.3161865 0.5864071 0.1102841 0.1102841
0 0.3180247 0.2426571 0.2021959 0.2021959
0 0.3180247 0.3694953 0.1102841 0.1102841
0 0.3198629 0.1176571 0.2021959 0.2021959
0 0.3217012 0.0717012 0.1102841 0.1102841
0 0.3217012 0.4099365 0.2021959 0.2021959
0 0.3235394 0.0000100 0.2757253 0.2555047
0 0.3253776 0.2353041 0.1470488 0.1470488
0 0.3308924 0.1856718 0.1102841 0.1102841
0 0.3327306 0.4117747 0.1102841 0.1102841
0 0.3382453 0.5772159 0.1470488 0.1470488
0 0.3400835 0.0790541 0.2021959 0.2021959
0 0.3419218 0.0073629 0.1470488 0.1470488
0 0.3437600 0.2536865 0.1102841 0.1102841
0 0.3455982 0.2702306 0.1470488 0.1470488
0 0.3474365 0.1452306 0.1470488 0.1470488
0 0.3492747 0.4375100 0.1470488 0.1470488
0 0.3566276 0.5955982 0.1102841 0.1102841
0 0.3603041 0.0165541 0.2021959 0.2021959
0 0.3603041 0.0257453 0.1102841 0.1102841
0 0.3639806 0.2886129 0.1102841 0.1102841
0 0.3658188 0.1636129 0.1102841 0.1102841
0 0.3676571 0.1066276 0.1470488 0.1470488
0 0.3823629 0.5661865 0.2021959 0.2021959
0 0.3860394 0.1250100 0.1102841 0.1102841
0 0.3860394 0.2132453 0.2021959 0.2021959
0 0.3878776 0.0441276 0.1470488 0.1470488
0 0.3897159 0.0000100 0.2021959 0.1966812
0 0.3952306 0.2867747 0.2021959 0.2021959
0 0.4044218 0.2242747 0.2021959 0.2021959
0 0.4099365 0.5937600 0.1470488 0.1470488
0 0.4136129 0.2408188 0.1470488 0.1470488
0 0.4172894 0.0220688 0.1470488 0.1470488
0 0.4228041 0.2500100 0.2021959 0.2021959
0 0.4228041 0.3143482 0.1470488 0.1470488
0 0.4283188 0.6121424 0.1102841 0.1102841
0 0.4319953 0.2518482 0.1470488 0.1470488
0 0.4319953 0.2592012 0.1102841 0.1102841
0 0.4338335 0.0514806 0.2021959 0.2021959
0 0.4356718 0.0404512 0.1102841 0.1102841
0 0.4411865 0.0128776 0.2021959 0.2021959
0 0.4411865 0.3327306 0.1102841 0.1102841
0 0.4503776 0.0000100 0.2021959 0.1415341
0 0.4503776 0.2702306 0.1102841 0.1102841
0 0.4503776 0.2775835 0.1470488 0.1470488
0 0.4503776 0.5661865 0.2021959 0.2021959
0 0.4522159 0.0000100 0.2021959 0.1047694
0 0.4522159 0.2481718 0.2021959 0.2021959
0 0.4614071 0.0790541 0.1470488 0.1470488
0 0.4687600 0.0404512 0.1470488 0.1470488
0 0.4687600 0.2959659 0.1102841 0.1102841
0 0.4779512 0.0000100 0.1470488 0.1139606
0 0.4779512 0.0680247 0.2021959 0.2021959
0 0.4779512 0.5937600 0.1470488 0.1470488
0 0.4797894 0.0000100 0.1470488 0.0771959
0 0.4797894 0.0974365 0.1102841 0.1102841
0 0.4797894 0.2757453 0.1470488 0.1470488
0 0.4871424 0.0588335 0.1102841 0.1102841
0 0.4963335 0.0000100 0.1102841 0.0955782
0 0.4963335 0.6121424 0.1102841 0.1102841
0 0.4981718 0.0000100 0.1102841 0.0588135
0 0.4981718 0.2941276 0.1102841 0.1102841
0 0.5055247 0.0955982 0.1470488 0.1470488
0 0.5165541 0.3364071 0.2021959 0.2021959
0 0.5239071 0.1139806 0.1102841 0.1102841
0 0.5441276 0.3639806 0.1470488 0.1470488
0 0.5459659 0.0000100 0.2021959 0.1966812
0 0.5496424 0.2849365 0.2021959 0.2021959
0 0.5514806 0.0533188 0.2021959 0.2021959
0 0.5569953 0.1305247 0.2021959 0.2021959
0 0.5625100 0.3823629 0.1102841 0.1102841
0 0.5643482 0.2169218 0.2021959 0.2021959
0 0.5643482 0.8897159 0.2021959 0.1102841
0 0.5735394 0.0220688 0.1470488 0.1470488
0 0.5772159 0.3125100 0.1470488 0.1470488
0 0.5790541 0.0808924 0.1470488 0.1470488
0 0.5845688 0.1580982 0.1470488 0.1470488
0 0.5900835 0.0606718 0.2021959 0.2021959
0 0.5919218 0.0404512 0.1102841 0.1102841
0 0.5919218 0.2426571 0.2021959 0.2021959
0 0.5919218 0.2444953 0.1470488 0.1470488
0 0.5919218 0.9172894 0.1470488 0.0827106
0 0.5955982 0.3308924 0.1102841 0.1102841
0 0.5974365 0.0992747 0.1102841 0.1102841
0 0.6011129 0.0000100 0.2021959 0.1985194
0 0.6029512 0.0000100 0.2021959 0.1672694
0 0.6029512 0.1764806 0.1102841 0.1102841
0 0.6103041 0.2628776 0.1102841 0.1102841
0 0.6103041 0.9356718 0.1102841 0.0643282
0 0.6176571 0.0882453 0.1470488 0.1470488
0 0.6194953 0.2702306 0.1470488 0.1470488
0 0.6231718 0.1139806 0.2021959 0.2021959
0 0.6286865 0.0239071 0.1470488 0.1470488
0 0.6305247 0.0000100 0.1470488 0.1396959
0 0.6360394 0.1066276 0.1102841 0.1102841
0 0.6378776 0.2886129 0.1102841 0.1102841
0 0.6470688 0.0422894 0.1102841 0.1102841
0 0.6489071 0.0110394 0.1102841 0.1102841
0 0.6507453 0.1415541 0.1470488 0.1470488
0 0.6617747 0.0680247 0.2021959 0.2021959
0 0.6691276 0.1599365 0.1102841 0.1102841
0 0.6893482 0.0955982 0.1470488 0.1470488
0 0.7077306 0.1139806 0.1102841 0.1102841
