0 0.0000100 0.4228041 0.1764606 0.2021959
0 0.0018482 0.4503776 0.1470488 0.1470488
0 0.0202306 0.4687600 0.1102841 0.1102841
0 0.3455982 0.4853041 0.2021959 0.2021959
0 0.3492747 0.7169218 0.2021959 0.2021959
0 0.3731718 0.5128776 0.1470488 0.1470488
0 0.3768482 0.7444953 0.1470488 0.1470488
0 0.3915541 0.5312600 0.1102841 0.1102841
0 0.3952306 0.7628776 0.1102841 0.1102841
0 0.4099365 0.4908188 0.2021959 0.2021959
0 0.4375100 0.5183924 0.1470488 0.1470488
0 0.4558924 0.5367747 0.1102841 0.1102841
0 0.6415541 0.4595688 0.2021959 0.2021959
0 0.6691276 0.4871424 0.1470488 0.1470488
0 0.6875100 0.5055247 0.1102841 0.1102841
