0 0.0000100 0.5202306 0.1121224 0.2021959
0 0.0000100 0.5478041 0.0845488 0.1470488
0 0.0000100 0.5661865 0.0661665 0.1102841
0 0.0000100 0.5827306 0.1911665 0.2021959
0 0.0000100 0.6636129 0.1985194 0.2021959
0 0.0000100 0.7665541 0.1727841 0.2021959
0 0.0000100 0.7941276 0.1452106 0.1470488
0 0.0000100 0.8437600 0.1396959 0.1562400
0 0.0000100 0.8713335 0.1121224 0.1286665
0 0.0000100 0.8897159 0.0937400 0.1102841
0 0.0018482 0.7169218 0.2021959 0.2021959
0 0.0055247 0.8768482 0.2021959 0.1231518
0 0.0165541 0.6103041 0.1470488 0.1470488
0 0.0165541 0.8125100 0.1102841 0.1102841
0 0.0183924 0.5735394 0.2021959 0.2021959
0 0.0239071 0.6911865 0.1470488 0.1470488
0 0.0294218 0.7444953 0.1470488 0.1470488
0 0.0294218 0.8970688 0.2021959 0.1029312
0 0.0330982 0.9044218 0.1470488 0.0955782
0 0.0349365 0.6286865 0.1102841 0.1102841
0 0.0422894 0.7095688 0.1102841 0.1102841
0 0.0459659 0.6011129 0.1470488 0.1470488
0 0.0478041 0.7628776 0.1102841 0.1102841
0 0.0514806 0.9228041 0.1102841 0.0771959
0 0.0569953 0.9246424 0.1470488 0.0753576
0 0.0643482 0.6194953 0.1102841 0.1102841
0 0.0717012 0.7242747 0.2021959 0.2021959
0 0.0717012 0.7628776 0.2021959 0.2021959
0 0.0753776 0.9430247 0.1102841 0.0569753
0 0.0864071 0.8658188 0.2021959 0.1341812
0 0.0992747 0.7518482 0.1470488 0.1470488
0 0.0992747 0.7904512 0.1470488 0.1470488
0 0.0992747 0.7959659 0.2021959 0.2021959
0 0.1139806 0.8933924 0.1470488 0.1066076
0 0.1176571 0.7702306 0.1102841 0.1102841
0 0.1176571 0.8088335 0.1102841 0.1102841
0 0.1268482 0.8235394 0.1470488 0.1470488
0 0.1323629 0.8033188 0.2021959 0.1966812
0 0.1323629 0.9117747 0.1102841 0.0882253
0 0.1452306 0.8419218 0.1102841 0.1102841
0 0.1599365 0.8308924 0.1470488 0.1470488
0 0.1654512 0.8290541 0.2021959 0.1709459
0 0.1783188 0.8492747 0.1102841 0.1102841
0 0.1930247 0.8566276 0.1470488 0.1433724
0 0.2114071 0.8750100 0.1102841 0.1102841
0 0.2371424 0.7702306 0.2021959 0.2021959
0 0.2647159 0.7978041 0.1470488 0.1470488
0 0.2830982 0.8161865 0.1102841 0.1102841
