0 0.2536865 0.5257453 0.2021959 0.2021959
0 0.2812600 0.5533188 0.1470488 0.1470488
0 0.2996424 0.5717012 0.1102841 0.1102841
0 0.4356718 0.5533188 0.2021959 0.2021959
0 0.4632453 0.5808924 0.1470488 0.1470488
0 0.4816276 0.5992747 0.1102841 0.1102841
0 0.5018482 0.3805247 0.2021959 0.2021959
0 0.5294218 0.4080982 0.1470488 0.1470488
0 0.5478041 0.4264806 0.1102841 0.1102841
0 0.6948629 0.7592012 0.2021959 0.2021959
0 0.7224365 0.7867747 0.1470488 0.1470488
0 0.7408188 0.8051571 0.1102841 0.1102841
0 0.7665541 0.5220688 0.2021959 0.2021959
0 0.7941276 0.5496424 0.1470488 0.1470488
0 0.7959659 0.4117747 0.2021959 0.2021959
0 0.8125100 0.5680247 0.1102841 0.1102841
0 0.8235394 0.4393482 0.1470488 0.1470488
0 0.8419218 0.4577306 0.1102841 0.1102841
