0 0.0000100 0.2941276 0.1452106 0.2021959
0 0.0000100 0.3217012 0.1176371 0.1470488
0 0.0000100 0.3400835 0.0992547 0.1102841
0 0.1213335 0.0000100 0.2021959 0.1139606
0 0.1489071 0.0000100 0.1470488 0.0863871
0 0.1672894 0.0000100 0.1102841 0.0680047
0 0.1819953 0.0092012 0.2021959 0.2021959
0 0.1948629 0.0367747 0.2021959 0.2021959
0 0.2095688 0.0367747 0.1470488 0.1470488
0 0.2224365 0.0643482 0.1470488 0.1470488
0 0.2279512 0.0551571 0.1102841 0.1102841
0 0.2408188 0.0827306 0.1102841 0.1102841
