0 0.0533188 0.2261129 0.2021959 0.2021959
0 0.0808924 0.2536865 0.1470488 0.1470488
0 0.0974365 0.5147159 0.2021959 0.2021959
0 0.0992747 0.2720688 0.1102841 0.1102841
0 0.1250100 0.5422894 0.1470488 0.1470488
0 0.1433924 0.5606718 0.1102841 0.1102841
0 0.2720688 0.0404512 0.2021959 0.2021959
0 0.2996424 0.0680247 0.1470488 0.1470488
0 0.3180247 0.0864071 0.1102841 0.1102841
0 0.3474365 0.5165541 0.2021959 0.2021959
0 0.3694953 0.3823629 0.2021959 0.2021959
0 0.3750100 0.5441276 0.1470488 0.1470488
0 0.3933924 0.5625100 0.1102841 0.1102841
0 0.3970688 0.4099365 0.1470488 0.1470488
0 0.4154512 0.4283188 0.1102841 0.1102841
