0 0.3842012 0.5717012 0.2021959 0.2021959
0 0.4117747 0.5992747 0.1470488 0.1470488
0 0.4301571 0.6176571 0.1102841 0.1102841
0 0.5367747 0.5275835 0.2757253 0.2757253
0 0.5735394 0.5643482 0.2021959 0.2021959
0 0.6011129 0.5919218 0.1470488 0.1470488
0 0.6176571 0.3676571 0.2021959 0.2021959
0 0.6415541 0.7683924 0.2021959 0.2021959
0 0.6452306 0.3952306 0.1470488 0.1470488
0 0.6470688 0.4687600 0.2021959 0.2021959
0 0.6636129 0.4136129 0.1102841 0.1102841
0 0.6691276 0.7959659 0.1470488 0.1470488
0 0.6746424 0.4963335 0.1470488 0.1470488
0 0.6819953 0.7261129 0.2021959 0.2021959
0 0.6838335 0.6930247 0.2021959 0.2021959
0 0.6875100 0.8143482 0.1102841 0.1102841
0 0.6930247 0.5147159 0.1102841 0.1102841
0 0.7040541 0.4467012 0.2021959 0.2021959
0 0.7095688 0.7536865 0.1470488 0.1470488
0 0.7114071 0.7205982 0.1470488 0.1470488
0 0.7279512 0.7720688 0.1102841 0.1102841
0 0.7297894 0.7389806 0.1102841 0.1102841
0 0.7297894 0.7518482 0.2021959 0.2021959
0 0.7316276 0.4742747 0.1470488 0.1470488
0 0.7500100 0.4926571 0.1102841 0.1102841
0 0.7573629 0.7205982 0.2021959 0.2021959
0 0.7573629 0.7794218 0.1470488 0.1470488
0 0.7757453 0.7978041 0.1102841 0.1102841
0 0.7830982 0.6856718 0.2021959 0.2021959
0 0.7849365 0.7481718 0.1470488 0.1470488
0 0.8033188 0.5220688 0.1966812 0.2021959
0 0.8033188 0.7665541 0.1102841 0.1102841
0 0.8106718 0.7132453 0.1470488 0.1470488
0 0.8290541 0.7316276 0.1102841 0.1102841
0 0.8308924 0.5496424 0.1470488 0.1470488
0 0.8492747 0.5680247 0.1102841 0.1102841
0 0.8566276 0.0000100 0.1433724 0.1470488
0 0.8823629 0.0000100 0.1176371 0.1029312
0 0.8842012 0.0000100 0.1157988 0.1194753
0 0.8915541 0.6544218 0.1084459 0.2021959
0 0.9025835 0.0000100 0.0974165 0.1010929
0 0.9099365 0.0000100 0.0900635 0.0753576
0 0.9191276 0.6819953 0.0808724 0.1470488
0 0.9283188 0.0000100 0.0716812 0.0569753
0 0.9375100 0.7003776 0.0624900 0.1102841
