0 0.1525835 0.6158188 0.2021959 0.2021959
0 0.1801571 0.6433924 0.1470488 0.1470488
0 0.1985394 0.6617747 0.1102841 0.1102841
0 0.2739071 0.5900835 0.2021959 0.2021959
0 0.2775835 0.6856718 0.2021959 0.2021959
0 0.3014806 0.6176571 0.1470488 0.1470488
0 0.3051571 0.7132453 0.1470488 0.1470488
0 0.3198629 0.6360394 0.1102841 0.1102841
0 0.3235394 0.7279512 0.2021959 0.2021959
0 0.3235394 0.7316276 0.1102841 0.1102841
0 0.3511129 0.7555247 0.1470488 0.1470488
0 0.3694953 0.7739071 0.1102841 0.1102841
0 0.6103041 0.3878776 0.2021959 0.2021959
0 0.6378776 0.4154512 0.1470488 0.1470488
0 0.6562600 0.4338335 0.1102841 0.1102841
