0 0.0000100 0.5882453 0.1966812 0.2021959
0 0.0000100 0.7040541 0.1948429 0.2021959
0 0.0000100 0.7187600 0.1544018 0.2021959
0 0.0000100 0.7444953 0.1378576 0.2021959
0 0.0000100 0.7463335 0.1268282 0.1470488
0 0.0000100 0.7647159 0.1084459 0.1102841
0 0.0000100 0.7720688 0.1102841 0.1470488
0 0.0000100 0.7904512 0.0919018 0.1102841
0 0.0202306 0.7316276 0.1470488 0.1470488
0 0.0220688 0.6158188 0.1470488 0.1470488
0 0.0386129 0.7500100 0.1102841 0.1102841
0 0.0404512 0.6342012 0.1102841 0.1102841
0 0.0569953 0.7114071 0.2021959 0.2021959
0 0.0661865 0.5625100 0.2021959 0.2021959
0 0.0827306 0.6066276 0.2021959 0.2021959
0 0.0845688 0.7389806 0.1470488 0.1470488
0 0.0937600 0.5900835 0.1470488 0.1470488
0 0.1029512 0.7573629 0.1102841 0.1102841
0 0.1103041 0.6342012 0.1470488 0.1470488
0 0.1121424 0.6084659 0.1102841 0.1102841
0 0.1213335 0.5478041 0.2021959 0.2021959
0 0.1286865 0.6525835 0.1102841 0.1102841
0 0.1489071 0.5753776 0.1470488 0.1470488
0 0.1544218 0.3989071 0.2021959 0.2021959
0 0.1672894 0.5937600 0.1102841 0.1102841
0 0.1819953 0.4264806 0.1470488 0.1470488
0 0.2003776 0.4448629 0.1102841 0.1102841
