0 0.0147159 0.6397159 0.2021959 0.2021959
0 0.0183924 0.5661865 0.2021959 0.2021959
0 0.0239071 0.6709659 0.2021959 0.2021959
0 0.0422894 0.6672894 0.1470488 0.1470488
0 0.0459659 0.5937600 0.1470488 0.1470488
0 0.0459659 0.6231718 0.2021959 0.2021959
0 0.0514806 0.6985394 0.1470488 0.1470488
0 0.0606718 0.6856718 0.1102841 0.1102841
0 0.0643482 0.5294218 0.2757253 0.2757253
0 0.0643482 0.6121424 0.1102841 0.1102841
0 0.0698629 0.7169218 0.1102841 0.1102841
0 0.0735394 0.6507453 0.1470488 0.1470488
0 0.0735394 0.6948629 0.2021959 0.2021959
0 0.0772159 0.6213335 0.2021959 0.2021959
0 0.0919218 0.6691276 0.1102841 0.1102841
0 0.1011129 0.5661865 0.2021959 0.2021959
0 0.1011129 0.7224365 0.1470488 0.1470488
0 0.1047894 0.6489071 0.1470488 0.1470488
0 0.1194953 0.7408188 0.1102841 0.1102841
0 0.1231718 0.6672894 0.1102841 0.1102841
0 0.1250100 0.6452306 0.2021959 0.2021959
0 0.1286865 0.5937600 0.1470488 0.1470488
0 0.1360394 0.7610394 0.2021959 0.2021959
0 0.1525835 0.6728041 0.1470488 0.1470488
0 0.1636129 0.7886129 0.1470488 0.1470488
0 0.1709659 0.6911865 0.1102841 0.1102841
0 0.1819953 0.8069953 0.1102841 0.1102841
