0 0.0000100 0.0000100 0.0514606 0.0496224
0 0.0202306 0.0551571 0.0919018 0.0919018
0 0.0220688 0.3529512 0.0919018 0.0919018
0 0.0588335 0.3860394 0.0919018 0.0919018
0 0.0790541 0.0000100 0.0919018 0.0588135
0 0.0790541 0.4283188 0.0919018 0.0919018
0 0.1103041 0.2555247 0.0919018 0.0919018
0 0.1158188 0.3161865 0.0919018 0.0919018
0 0.1433924 0.1286865 0.0919018 0.0919018
0 0.1489071 0.4393482 0.0919018 0.0919018
0 0.1672894 0.0606718 0.0919018 0.0919018
0 0.1691276 0.2205982 0.0919018 0.0919018
0 0.1856718 0.3345688 0.0919018 0.0919018
0 0.1911865 0.4191276 0.0919018 0.0919018
0 0.2003776 0.1084659 0.0919018 0.0919018
0 0.2316276 0.0000100 0.0919018 0.0643282
0 0.2408188 0.1819953 0.0919018 0.0919018
0 0.2683924 0.4761129 0.0919018 0.0919018
0 0.2720688 0.0753776 0.0919018 0.0919018
0 0.2739071 0.2996424 0.0919018 0.0919018
0 0.2757453 0.0404512 0.0919018 0.0919018
0 0.2775835 0.0000100 0.0919018 0.0919018
0 0.2794218 0.2628776 0.0919018 0.0919018
0 0.2867747 0.1286865 0.0919018 0.0919018
0 0.2904512 0.3511129 0.0919018 0.0919018
0 0.2959659 0.3786865 0.0919018 0.0919018
0 0.3033188 0.1930247 0.0919018 0.0919018
0 0.3069953 0.2371424 0.0919018 0.0919018
0 0.3364071 0.0606718 0.0919018 0.0919018
0 0.3400835 0.2573629 0.0919018 0.0919018
0 0.3437600 0.0000100 0.0919018 0.0624900
0 0.3455982 0.4172894 0.0919018 0.0919018
0 0.3547894 0.1213335 0.0919018 0.0919018
0 0.3823629 0.3180247 0.1470488 0.1470488
0 0.3915541 0.1617747 0.0919018 0.0919018
0 0.4136129 0.1213335 0.0919018 0.0919018
0 0.4356718 0.2297894 0.0919018 0.0919018
0 0.4448629 0.1452306 0.0919018 0.0919018
0 0.4632453 0.0441276 0.0919018 0.0919018
0 0.4779512 0.0000100 0.0919018 0.0624900
0 0.5000100 0.0128776 0.0919018 0.0919018
0 0.5036865 0.1838335 0.0919018 0.0919018
0 0.5036865 0.3658188 0.0919018 0.0919018
0 0.5183924 0.0643482 0.0919018 0.0919018
0 0.5239071 0.0000100 0.0919018 0.0753576
0 0.5257453 0.2665541 0.0919018 0.0919018
0 0.5275835 0.0239071 0.0919018 0.0919018
0 0.5275835 0.3014806 0.0919018 0.0919018
0 0.5294218 0.3860394 0.0919018 0.0919018
0 0.5404512 0.2150835 0.0919018 0.0919018
0 0.5661865 0.0937600 0.0919018 0.0919018
0 0.5882453 0.2886129 0.0919018 0.0919018
0 0.5882453 0.3639806 0.0919018 0.0919018
0 0.5882453 0.4283188 0.0919018 0.0919018
0 0.5955982 0.0165541 0.0919018 0.0919018
0 0.5992747 0.1489071 0.0919018 0.0919018
0 0.6084659 0.2297894 0.0919018 0.0919018
0 0.6158188 0.3823629 0.0919018 0.0919018
0 0.6250100 0.2959659 0.0919018 0.0919018
0 0.6286865 0.0000100 0.0919018 0.0551371
0 0.6378776 0.0882453 0.0919018 0.0919018
0 0.6599365 0.3272159 0.0919018 0.0919018
0 0.6636129 0.4448629 0.0919018 0.0919018
0 0.6783188 0.1194953 0.0919018 0.0919018
0 0.6801571 0.1856718 0.0919018 0.0919018
0 0.6856718 0.3786865 0.0919018 0.0919018
0 0.6911865 0.2941276 0.0919018 0.0919018
0 0.6911865 0.3235394 0.0919018 0.0919018
0 0.6967012 0.0790541 0.0919018 0.0919018
0 0.7040541 0.2536865 0.0919018 0.0919018
0 0.7261129 0.1011129 0.0919018 0.0919018
0 0.7316276 0.0000100 0.0919018 0.0569753
0 0.7316276 0.5055247 0.0919018 0.0919018
0 0.7408188 0.4283188 0.0919018 0.0919018
0 0.7426571 0.2003776 0.0919018 0.0919018
0 0.7426571 0.2463335 0.0919018 0.0919018
0 0.7463335 0.0257453 0.0919018 0.0919018
0 0.7500100 0.3345688 0.0919018 0.0919018
0 0.7518482 0.0919218 0.0919018 0.0919018
0 0.7665541 0.1342012 0.0919018 0.0919018
0 0.7665541 0.2408188 0.0919018 0.0919018
0 0.7757453 0.2720688 0.0919018 0.0919018
0 0.7794218 0.4816276 0.0919018 0.0919018
0 0.8088335 0.1286865 0.0919018 0.0919018
0 0.8143482 0.3750100 0.0919018 0.0919018
0 0.8272159 0.2775835 0.0919018 0.0919018
0 0.8290541 0.2132453 0.0919018 0.0919018
0 0.8400835 0.1452306 0.0919018 0.0919018
0 0.8419218 0.3308924 0.0919018 0.0919018
0 0.8511129 0.4871424 0.0919018 0.0919018
0 0.8915541 0.3437600 0.0919018 0.0919018
0 0.9025835 0.0441276 0.0974165 0.1470488
0 0.9025835 0.4742747 0.0919018 0.0919018
0 0.9154512 0.1709659 0.0845488 0.0919018
0 0.9319953 0.2647159 0.0680047 0.0919018
0 0.9338335 0.0000100 0.0661665 0.0827106
0 0.9411865 0.3676571 0.0588135 0.0919018
0 0.9430247 0.4301571 0.0569753 0.0919018
0 0.9485394 0.2150835 0.0514606 0.0919018
