0 0.0000100 0.0000100 0.2003576 0.1121224
0 0.0000100 0.0239071 0.1746224 0.2021959
0 0.0000100 0.0514806 0.1470488 0.1470488
0 0.0183924 0.0698629 0.1102841 0.1102841
0 0.0257453 0.0000100 0.1470488 0.0845488
0 0.0441276 0.0000100 0.1102841 0.0661665
0 0.5974365 0.1654512 0.2757253 0.2757253
0 0.6342012 0.2022159 0.2021959 0.2021959
0 0.6617747 0.2297894 0.1470488 0.1470488
0 0.8327306 0.7702306 0.1672694 0.2297694
0 0.8694953 0.8069953 0.1305047 0.1930047
0 0.8970688 0.8345688 0.1029312 0.1470488
