0 0.0000100 0.1911865 0.0716812 0.0919018
0 0.0000100 0.4687600 0.0845488 0.1470488
0 0.0000100 0.6139806 0.0827106 0.0919018
0 0.0551571 0.3639806 0.0919018 0.0919018
0 0.0717012 0.0404512 0.0919018 0.0919018
0 0.1158188 0.4448629 0.0919018 0.0919018
0 0.1544218 0.2444953 0.0919018 0.0919018
0 0.1764806 0.0845688 0.0919018 0.0919018
0 0.1856718 0.3529512 0.0919018 0.0919018
0 0.2334659 0.0441276 0.0919018 0.0919018
0 0.2334659 0.6948629 0.0919018 0.0919018
0 0.2518482 0.2996424 0.0919018 0.0919018
0 0.2794218 0.8584659 0.0919018 0.0919018
0 0.3235394 0.3842012 0.0919018 0.0919018
0 0.3364071 0.1672894 0.0919018 0.0919018
0 0.3382453 0.3308924 0.0919018 0.0919018
0 0.3529512 0.0000100 0.0919018 0.0735194
0 0.3566276 0.0827306 0.0919018 0.0919018
0 0.3786865 0.3547894 0.0919018 0.0919018
0 0.4411865 0.0000100 0.0919018 0.0735194
0 0.4779512 0.0919218 0.0919018 0.0919018
0 0.7077306 0.5239071 0.1470488 0.1470488
