0 0.0000100 0.5661865 0.0845488 0.1470488
0 0.3125100 0.1930247 0.0919018 0.0919018
0 0.4191276 0.2610394 0.0919018 0.0919018
0 0.4356718 0.8014806 0.0919018 0.0919018
0 0.4669218 0.4117747 0.0919018 0.0919018
0 0.4816276 0.2665541 0.1470488 0.1470488
0 0.5551571 0.9154512 0.0919018 0.0845488
0 0.5606718 0.2408188 0.0919018 0.0919018
0 0.6011129 0.7592012 0.0919018 0.0919018
0 0.6139806 0.6470688 0.0919018 0.0919018
0 0.6415541 0.4191276 0.0919018 0.0919018
0 0.7279512 0.5661865 0.0919018 0.0919018
0 0.7536865 0.9356718 0.0919018 0.0643282
0 0.7665541 0.6856718 0.0919018 0.0919018
0 0.8051571 0.4246424 0.0919018 0.0919018
0 0.8069953 0.0919218 0.0919018 0.0919018
0 0.8345688 0.3566276 0.0919018 0.0919018
0 0.8400835 0.8308924 0.0919018 0.0919018
0 0.8511129 0.4908188 0.0919018 0.0919018
0 0.8878776 0.7224365 0.0919018 0.0919018
0 0.9044218 0.2371424 0.0919018 0.0919018
0 0.9154512 0.5974365 0.0845488 0.0919018
0 0.9301571 0.4944953 0.0698429 0.0919018
0 0.9411865 0.1599365 0.0588135 0.0919018
