0 0.2720688 0.6139806 0.2021959 0.2021959
0 0.2996424 0.6415541 0.1470488 0.1470488
0 0.3180247 0.6599365 0.1102841 0.1102841
0 0.5220688 0.4816276 0.2021959 0.2021959
0 0.5496424 0.5092012 0.1470488 0.1470488
0 0.5680247 0.5275835 0.1102841 0.1102841
0 0.5992747 0.8180247 0.2021959 0.1819753
0 0.6268482 0.8455982 0.1470488 0.1470488
0 0.6452306 0.8639806 0.1102841 0.1102841
0 0.6672894 0.7481718 0.2021959 0.2021959
0 0.6948629 0.7757453 0.1470488 0.1470488
0 0.7040541 0.5496424 0.2757253 0.2757253
0 0.7132453 0.7941276 0.1102841 0.1102841
0 0.7224365 0.4228041 0.2021959 0.2021959
0 0.7408188 0.5864071 0.2021959 0.2021959
0 0.7500100 0.4503776 0.1470488 0.1470488
0 0.7683924 0.4687600 0.1102841 0.1102841
0 0.7683924 0.6139806 0.1470488 0.1470488
