0 0.4246424 0.0000100 0.2021959 0.1580782
0 0.4356718 0.0294218 0.2021959 0.2021959
0 0.4522159 0.0000100 0.1470488 0.1305047
0 0.4632453 0.0569953 0.1470488 0.1470488
0 0.4705982 0.0018482 0.1102841 0.1102841
0 0.4816276 0.0753776 0.1102841 0.1102841
0 0.4871424 0.0000100 0.2021959 0.1249900
0 0.5147159 0.0000100 0.1470488 0.0974165
0 0.5330982 0.0000100 0.1102841 0.0790341
0 0.5643482 0.6930247 0.2021959 0.2021959
0 0.5919218 0.2555247 0.2757253 0.2757253
0 0.5919218 0.7205982 0.1470488 0.1470488
0 0.5955982 0.8731718 0.2021959 0.1268282
0 0.6029512 0.8308924 0.2021959 0.1691076
0 0.6084659 0.7408188 0.2021959 0.2021959
0 0.6103041 0.7389806 0.1102841 0.1102841
0 0.6231718 0.9007453 0.1470488 0.0992547
0 0.6286865 0.2922894 0.2021959 0.2021959
0 0.6305247 0.0239071 0.2021959 0.2021959
0 0.6305247 0.0606718 0.2021959 0.2021959
0 0.6305247 0.8584659 0.1470488 0.1415341
0 0.6323629 0.7003776 0.2021959 0.2021959
0 0.6360394 0.7683924 0.1470488 0.1470488
0 0.6415541 0.9191276 0.1102841 0.0808724
0 0.6489071 0.8768482 0.1102841 0.1102841
0 0.6525835 0.6213335 0.2021959 0.2021959
0 0.6544218 0.7867747 0.1102841 0.1102841
0 0.6562600 0.3198629 0.1470488 0.1470488
0 0.6580982 0.0514806 0.1470488 0.1470488
0 0.6580982 0.0882453 0.1470488 0.1470488
0 0.6599365 0.5275835 0.2021959 0.2021959
0 0.6599365 0.7279512 0.1470488 0.1470488
0 0.6764806 0.0698629 0.1102841 0.1102841
0 0.6764806 0.1066276 0.1102841 0.1102841
0 0.6783188 0.7463335 0.1102841 0.1102841
0 0.6801571 0.6489071 0.1470488 0.1470488
0 0.6875100 0.5551571 0.1470488 0.1470488
0 0.6985394 0.6672894 0.1102841 0.1102841
0 0.7058924 0.5735394 0.1102841 0.1102841
0 0.7334659 0.0000100 0.2021959 0.1691076
0 0.7408188 0.1636129 0.2021959 0.2021959
0 0.7610394 0.0000100 0.1470488 0.1415341
0 0.7610394 0.2739071 0.2021959 0.2021959
0 0.7610394 0.4264806 0.2021959 0.2021959
0 0.7683924 0.1911865 0.1470488 0.1470488
0 0.7794218 0.0128776 0.1102841 0.1102841
0 0.7867747 0.2095688 0.1102841 0.1102841
0 0.7867747 0.3511129 0.2021959 0.2021959
0 0.7867747 0.5790541 0.2021959 0.2021959
0 0.7886129 0.0514806 0.2021959 0.2021959
0 0.7886129 0.3014806 0.1470488 0.1470488
0 0.7886129 0.4540541 0.1470488 0.1470488
0 0.7941276 0.1672894 0.2021959 0.2021959
0 0.8014806 0.8364071 0.1985194 0.1635929
0 0.8069953 0.3198629 0.1102841 0.1102841
0 0.8069953 0.4724365 0.1102841 0.1102841
0 0.8106718 0.0000100 0.1893282 0.1544018
0 0.8143482 0.3786865 0.1470488 0.1470488
0 0.8143482 0.6066276 0.1470488 0.1470488
0 0.8161865 0.0790541 0.1470488 0.1470488
0 0.8217012 0.1948629 0.1470488 0.1470488
0 0.8290541 0.3989071 0.1709459 0.2757253
0 0.8290541 0.8639806 0.1470488 0.1360194
0 0.8327306 0.3970688 0.1102841 0.1102841
0 0.8327306 0.6250100 0.1102841 0.1102841
0 0.8345688 0.0974365 0.1102841 0.1102841
0 0.8382453 0.0000100 0.1470488 0.1268282
0 0.8400835 0.2132453 0.1102841 0.1102841
0 0.8474365 0.8823629 0.1102841 0.1102841
0 0.8566276 0.0000100 0.1102841 0.1084459
0 0.8658188 0.4356718 0.1341812 0.2021959
0 0.8731718 0.5606718 0.1268282 0.2021959
0 0.8786865 0.0864071 0.1213135 0.2021959
0 0.8933924 0.4632453 0.1066076 0.1470488
0 0.9007453 0.5882453 0.0992547 0.1470488
0 0.9062600 0.1139806 0.0937400 0.1470488
0 0.9191276 0.6066276 0.0808724 0.1102841
0 0.9246424 0.1323629 0.0753576 0.1102841
