0 0.5386129 0.0367747 0.2021959 0.2021959
0 0.5661865 0.0643482 0.1470488 0.1470488
0 0.5845688 0.0827306 0.1102841 0.1102841
0 0.7371424 0.0441276 0.2021959 0.2021959
0 0.7500100 0.0000100 0.2021959 0.1801371
0 0.7647159 0.0717012 0.1470488 0.1470488
0 0.7775835 0.0055247 0.1470488 0.1470488
0 0.7830982 0.0900835 0.1102841 0.1102841
0 0.7959659 0.0239071 0.1102841 0.1102841
0 0.8106718 0.0000100 0.1893282 0.1911665
0 0.8382453 0.0165541 0.1470488 0.1470488
0 0.8566276 0.0349365 0.1102841 0.1102841
0 0.8603041 0.1066276 0.1396959 0.2021959
0 0.8878776 0.1342012 0.1121224 0.1470488
0 0.9062600 0.1525835 0.0937400 0.1102841
