0 0.6801571 0.7665541 0.0919018 0.0919018
0 0.6856718 0.6985394 0.0919018 0.0919018
0 0.6875100 0.7904512 0.1470488 0.1470488
0 0.6875100 0.8842012 0.0919018 0.0919018
0 0.7150835 0.7279512 0.0919018 0.0919018
0 0.7224365 0.6599365 0.0919018 0.0919018
0 0.7408188 0.9283188 0.0919018 0.0716812
0 0.7665541 0.7132453 0.0919018 0.0919018
0 0.7757453 0.8915541 0.0919018 0.0919018
0 0.8069953 0.6544218 0.0919018 0.0919018
0 0.8088335 0.7316276 0.0919018 0.0919018
0 0.8088335 0.8474365 0.0919018 0.0919018
0 0.8198629 0.6783188 0.0919018 0.0919018
0 0.8235394 0.8051571 0.0919018 0.0919018
0 0.8290541 0.8952306 0.0919018 0.0919018
0 0.8529512 0.6489071 0.0919018 0.0919018
0 0.8547894 0.7757453 0.0919018 0.0919018
0 0.8860394 0.6985394 0.0919018 0.0919018
0 0.8915541 0.6139806 0.0919018 0.0919018
