0 0.1911865 0.7444953 0.2021959 0.2021959
0 0.2003776 0.6452306 0.2021959 0.2021959
0 0.2150835 0.7114071 0.2021959 0.2021959
0 0.2187600 0.7720688 0.1470488 0.1470488
0 0.2279512 0.6728041 0.1470488 0.1470488
0 0.2371424 0.7904512 0.1102841 0.1102841
0 0.2408188 0.7536865 0.2021959 0.2021959
0 0.2426571 0.7389806 0.1470488 0.1470488
0 0.2444953 0.6158188 0.2757253 0.2757253
0 0.2463335 0.6911865 0.1102841 0.1102841
0 0.2481718 0.7628776 0.2021959 0.2021959
0 0.2518482 0.6911865 0.2021959 0.2021959
0 0.2610394 0.5422894 0.2021959 0.2021959
0 0.2610394 0.7573629 0.1102841 0.1102841
0 0.2628776 0.6029512 0.2021959 0.2021959
0 0.2683924 0.7812600 0.1470488 0.1470488
0 0.2757453 0.7904512 0.1470488 0.1470488
0 0.2794218 0.7187600 0.1470488 0.1470488
0 0.2794218 0.7297894 0.2021959 0.2021959
0 0.2812600 0.6525835 0.2021959 0.2021959
0 0.2867747 0.7996424 0.1102841 0.1102841
0 0.2886129 0.5698629 0.1470488 0.1470488
0 0.2904512 0.6305247 0.1470488 0.1470488
0 0.2941276 0.8088335 0.1102841 0.1102841
0 0.2978041 0.7371424 0.1102841 0.1102841
0 0.3051571 0.7536865 0.2021959 0.2021959
0 0.3069953 0.5882453 0.1102841 0.1102841
0 0.3069953 0.7573629 0.1470488 0.1470488
0 0.3088335 0.6489071 0.1102841 0.1102841
0 0.3088335 0.6801571 0.1470488 0.1470488
0 0.3198629 0.6323629 0.2021959 0.2021959
0 0.3253776 0.7757453 0.1102841 0.1102841
0 0.3308924 0.7794218 0.2021959 0.2021959
0 0.3327306 0.7812600 0.1470488 0.1470488
0 0.3364071 0.5808924 0.2021959 0.2021959
0 0.3474365 0.6599365 0.1470488 0.1470488
0 0.3511129 0.7996424 0.1102841 0.1102841
0 0.3584659 0.8069953 0.1470488 0.1470488
0 0.3639806 0.6084659 0.1470488 0.1470488
0 0.3658188 0.6783188 0.1102841 0.1102841
0 0.3768482 0.8253776 0.1102841 0.1102841
0 0.3823629 0.6268482 0.1102841 0.1102841
0 0.6562600 0.0000100 0.2021959 0.1452106
0 0.6838335 0.0000100 0.1470488 0.1176371
0 0.6911865 0.0000100 0.2021959 0.1672694
0 0.7022159 0.0000100 0.1102841 0.0992547
0 0.7187600 0.0000100 0.1470488 0.1396959
0 0.7371424 0.0110394 0.1102841 0.1102841
