0 0.0864071 0.5735394 0.2021959 0.2021959
0 0.1139806 0.6011129 0.1470488 0.1470488
0 0.1323629 0.6194953 0.1102841 0.1102841
0 0.4705982 0.3823629 0.2757253 0.2757253
0 0.5073629 0.4191276 0.2021959 0.2021959
0 0.5349365 0.4467012 0.1470488 0.1470488
0 0.5386129 0.4724365 0.2021959 0.2021959
0 0.5661865 0.4834659 0.2021959 0.2021959
0 0.5661865 0.5000100 0.1470488 0.1470488
0 0.5845688 0.5183924 0.1102841 0.1102841
0 0.5937600 0.5110394 0.1470488 0.1470488
0 0.6011129 0.4908188 0.2021959 0.2021959
0 0.6121424 0.5294218 0.1102841 0.1102841
0 0.6286865 0.5183924 0.1470488 0.1470488
0 0.6305247 0.5018482 0.2021959 0.2021959
0 0.6470688 0.5367747 0.1102841 0.1102841
0 0.6580982 0.5294218 0.1470488 0.1470488
0 0.6654512 0.5128776 0.2021959 0.2021959
0 0.6764806 0.5478041 0.1102841 0.1102841
0 0.6930247 0.5404512 0.1470488 0.1470488
0 0.7114071 0.5588335 0.1102841 0.1102841
