0 0.1893482 0.2205982 0.2021959 0.2021959
0 0.2169218 0.2481718 0.1470488 0.1470488
0 0.2353041 0.2665541 0.1102841 0.1102841
0 0.2500100 0.1562600 0.2757253 0.2757253
0 0.2867747 0.1930247 0.2021959 0.2021959
0 0.3143482 0.2205982 0.1470488 0.1470488
0 0.6066276 0.0055247 0.2021959 0.2021959
0 0.6342012 0.0330982 0.1470488 0.1470488
0 0.6470688 0.1783188 0.2021959 0.2021959
0 0.6507453 0.3989071 0.2021959 0.2021959
0 0.6525835 0.0514806 0.1102841 0.1102841
0 0.6746424 0.2058924 0.1470488 0.1470488
0 0.6783188 0.4264806 0.1470488 0.1470488
0 0.6930247 0.2242747 0.1102841 0.1102841
0 0.6967012 0.4448629 0.1102841 0.1102841
0 0.8860394 0.0000100 0.1139606 0.1654312
0 0.9136129 0.0000100 0.0863871 0.1378576
0 0.9319953 0.0092012 0.0680047 0.1102841
