0 0.2610394 0.5275835 0.2021959 0.2021959
0 0.2886129 0.5551571 0.1470488 0.1470488
0 0.3069953 0.5735394 0.1102841 0.1102841
0 0.3161865 0.4411865 0.2021959 0.2021959
0 0.3437600 0.4687600 0.1470488 0.1470488
0 0.3621424 0.4871424 0.1102841 0.1102841
0 0.5919218 0.5606718 0.2021959 0.2021959
0 0.6194953 0.5882453 0.1470488 0.1470488
0 0.6378776 0.6066276 0.1102841 0.1102841
0 0.8161865 0.1948629 0.1838135 0.2021959
0 0.8437600 0.2224365 0.1470488 0.1470488
0 0.8547894 0.5588335 0.1452106 0.2757253
0 0.8621424 0.2408188 0.1102841 0.1102841
0 0.8915541 0.5955982 0.1084459 0.2021959
0 0.9191276 0.6231718 0.0808724 0.1470488
