0 0.0661865 0.6783188 0.0919018 0.0919018
0 0.1286865 0.4926571 0.0919018 0.0919018
0 0.1397159 0.9007453 0.0919018 0.0919018
0 0.1617747 0.5055247 0.0919018 0.0919018
0 0.1764806 0.7224365 0.0919018 0.0919018
0 0.2647159 0.9080982 0.0919018 0.0919018
0 0.5661865 0.9080982 0.0919018 0.0919018
0 0.6489071 0.9264806 0.0919018 0.0735194
0 0.6783188 0.6875100 0.0919018 0.0919018
0 0.7040541 0.9246424 0.0919018 0.0753576
0 0.7536865 0.5202306 0.0919018 0.0919018
0 0.7573629 0.6930247 0.0919018 0.0919018
0 0.7592012 0.8014806 0.0919018 0.0919018
0 0.8750100 0.5551571 0.0919018 0.0919018
0 0.8768482 0.7187600 0.0919018 0.0919018
0 0.8915541 0.7886129 0.0919018 0.0919018
0 0.9264806 0.8731718 0.0735194 0.0919018
0 0.9485394 0.8547894 0.0514606 0.0919018
