0 0.0000100 0.5257453 0.0698429 0.0919018
0 0.0018482 0.4044218 0.0919018 0.0919018
0 0.0275835 0.2739071 0.0919018 0.0919018
0 0.1176571 0.3860394 0.0919018 0.0919018
0 0.1433924 0.5717012 0.0919018 0.0919018
0 0.1470688 0.0808924 0.0919018 0.0919018
0 0.1544218 0.4338335 0.0919018 0.0919018
0 0.2205982 0.4393482 0.0919018 0.0919018
0 0.2353041 0.7408188 0.0919018 0.0919018
0 0.2408188 0.3125100 0.0919018 0.0919018
0 0.2426571 0.3933924 0.0919018 0.0919018
0 0.2500100 0.5845688 0.0919018 0.0919018
0 0.2592012 0.6378776 0.1470488 0.1470488
0 0.2739071 0.5055247 0.0919018 0.0919018
0 0.3161865 0.4485394 0.0919018 0.0919018
0 0.3253776 0.2683924 0.0919018 0.0919018
0 0.7757453 0.0000100 0.1470488 0.1341812
