0 0.2665541 0.7426571 0.2021959 0.2021959
0 0.2922894 0.6783188 0.2021959 0.2021959
0 0.2941276 0.7702306 0.1470488 0.1470488
0 0.3125100 0.7886129 0.1102841 0.1102841
0 0.3198629 0.7058924 0.1470488 0.1470488
0 0.3290541 0.7242747 0.2021959 0.2021959
0 0.3382453 0.7242747 0.1102841 0.1102841
0 0.3566276 0.7518482 0.1470488 0.1470488
0 0.3750100 0.7702306 0.1102841 0.1102841
0 0.3897159 0.7297894 0.2021959 0.2021959
0 0.4172894 0.7573629 0.1470488 0.1470488
0 0.4356718 0.7757453 0.1102841 0.1102841
