0 0.0000100 0.4944953 0.0606518 0.0919018
0 0.0000100 0.9154512 0.0716812 0.0845488
0 0.0239071 0.5955982 0.0919018 0.0919018
0 0.0312600 0.5753776 0.0919018 0.0919018
0 0.0864071 0.8290541 0.0919018 0.0919018
0 0.1176571 0.7702306 0.0919018 0.0919018
0 0.2169218 0.0625100 0.0919018 0.0919018
0 0.2408188 0.0000100 0.0919018 0.0661665
0 0.2830982 0.0000100 0.0919018 0.0569753
0 0.3106718 0.1654512 0.0919018 0.0919018
0 0.3658188 0.5239071 0.1470488 0.1470488
0 0.5312600 0.7886129 0.0919018 0.0919018
