0 0.1783188 0.2830982 0.0919018 0.0919018
0 0.2242747 0.7518482 0.1470488 0.1470488
0 0.2426571 0.7077306 0.0919018 0.0919018
0 0.2647159 0.4614071 0.0919018 0.0919018
0 0.3125100 0.5735394 0.0919018 0.0919018
0 0.3290541 0.7169218 0.0919018 0.0919018
0 0.3290541 0.8566276 0.0919018 0.0919018
0 0.3658188 0.5036865 0.0919018 0.0919018
0 0.3731718 0.4761129 0.0919018 0.0919018
0 0.3768482 0.2169218 0.0919018 0.0919018
0 0.3860394 0.2683924 0.0919018 0.0919018
0 0.3915541 0.1893482 0.0919018 0.0919018
0 0.3915541 0.3970688 0.0919018 0.0919018
0 0.4025835 0.5882453 0.0919018 0.0919018
0 0.4209659 0.4007453 0.0919018 0.0919018
0 0.4632453 0.6580982 0.0919018 0.0919018
0 0.4853041 0.5239071 0.0919018 0.0919018
0 0.4981718 0.2996424 0.0919018 0.0919018
0 0.5073629 0.4411865 0.0919018 0.0919018
0 0.5147159 0.4871424 0.0919018 0.0919018
0 0.5202306 0.8400835 0.0919018 0.0919018
0 0.5404512 0.4338335 0.0919018 0.0919018
0 0.5588335 0.7463335 0.0919018 0.0919018
0 0.5643482 0.6654512 0.0919018 0.0919018
0 0.5790541 0.7812600 0.0919018 0.0919018
0 0.6323629 0.6158188 0.0919018 0.0919018
0 0.6893482 0.5441276 0.0919018 0.0919018
