0 0.1875100 0.5827306 0.2021959 0.2021959
0 0.2150835 0.6103041 0.1470488 0.1470488
0 0.2334659 0.6286865 0.1102841 0.1102841
0 0.2353041 0.5478041 0.2021959 0.2021959
0 0.2628776 0.5753776 0.1470488 0.1470488
0 0.2702306 0.4356718 0.2021959 0.2021959
0 0.2812600 0.5937600 0.1102841 0.1102841
0 0.2978041 0.4632453 0.1470488 0.1470488
0 0.3161865 0.4816276 0.1102841 0.1102841
0 0.3253776 0.6452306 0.2021959 0.2021959
0 0.3529512 0.6728041 0.1470488 0.1470488
0 0.3713335 0.6911865 0.1102841 0.1102841
0 0.3731718 0.0992747 0.2021959 0.2021959
0 0.3823629 0.4154512 0.2021959 0.2021959
0 0.3860394 0.0569953 0.2021959 0.2021959
0 0.4007453 0.1268482 0.1470488 0.1470488
0 0.4099365 0.4430247 0.1470488 0.1470488
0 0.4136129 0.0845688 0.1470488 0.1470488
0 0.4191276 0.1452306 0.1102841 0.1102841
0 0.4283188 0.4614071 0.1102841 0.1102841
0 0.4319953 0.1029512 0.1102841 0.1102841
0 0.4687600 0.4209659 0.2021959 0.2021959
0 0.4963335 0.4485394 0.1470488 0.1470488
0 0.5147159 0.4669218 0.1102841 0.1102841
0 0.5367747 0.0000100 0.2021959 0.1396959
0 0.5643482 0.0000100 0.1470488 0.1121224
0 0.5827306 0.0000100 0.1102841 0.0937400
