0 0.1029512 0.6176571 0.2021959 0.2021959
0 0.1305247 0.6452306 0.1470488 0.1470488
0 0.1489071 0.6636129 0.1102841 0.1102841
0 0.2536865 0.7463335 0.2021959 0.2021959
0 0.2812600 0.7739071 0.1470488 0.1470488
0 0.2996424 0.7922894 0.1102841 0.1102841
0 0.3400835 0.6617747 0.2021959 0.2021959
0 0.3676571 0.6893482 0.1470488 0.1470488
0 0.3860394 0.7077306 0.1102841 0.1102841
0 0.4687600 0.7610394 0.2021959 0.2021959
0 0.4963335 0.7886129 0.1470488 0.1470488
0 0.5147159 0.8069953 0.1102841 0.1102841
