0 0.0000100 0.3419218 0.1930047 0.2021959
0 0.0000100 0.6580982 0.1525635 0.2021959
0 0.0000100 0.6856718 0.1249900 0.1470488
0 0.0000100 0.7040541 0.1066076 0.1102841
0 0.0183924 0.3694953 0.1470488 0.1470488
0 0.0367747 0.3878776 0.1102841 0.1102841
0 0.1158188 0.8272159 0.2021959 0.1727841
0 0.1250100 0.5036865 0.2021959 0.2021959
0 0.1433924 0.8547894 0.1470488 0.1452106
0 0.1525835 0.5312600 0.1470488 0.1470488
0 0.1617747 0.8731718 0.1102841 0.1102841
0 0.1691276 0.3970688 0.2021959 0.2021959
0 0.1709659 0.5496424 0.1102841 0.1102841
0 0.1967012 0.4246424 0.1470488 0.1470488
0 0.2150835 0.4430247 0.1102841 0.1102841
0 0.3970688 0.7389806 0.2021959 0.2021959
0 0.4246424 0.7665541 0.1470488 0.1470488
0 0.4430247 0.7849365 0.1102841 0.1102841
