0 0.0000100 0.5808924 0.0680047 0.0919018
0 0.0275835 0.5864071 0.0919018 0.0919018
0 0.0404512 0.7555247 0.0919018 0.0919018
0 0.0955982 0.9375100 0.0919018 0.0624900
0 0.1176571 0.7003776 0.0919018 0.0919018
0 0.1323629 0.5974365 0.0919018 0.0919018
0 0.1397159 0.8382453 0.0919018 0.0919018
0 0.1801571 0.7978041 0.0919018 0.0919018
0 0.1875100 0.7463335 0.0919018 0.0919018
0 0.1893482 0.8860394 0.0919018 0.0919018
0 0.3823629 0.9044218 0.0919018 0.0919018
0 0.8382453 0.6433924 0.1470488 0.1470488
