0 0.3547894 0.4099365 0.2021959 0.2021959
0 0.3823629 0.4375100 0.1470488 0.1470488
0 0.4007453 0.4558924 0.1102841 0.1102841
0 0.4761129 0.3639806 0.2021959 0.2021959
0 0.5036865 0.3915541 0.1470488 0.1470488
0 0.5220688 0.4099365 0.1102841 0.1102841
0 0.5496424 0.6397159 0.2021959 0.2021959
0 0.5772159 0.6672894 0.1470488 0.1470488
0 0.5955982 0.6856718 0.1102841 0.1102841
0 0.8014806 0.2132453 0.1985194 0.2021959
0 0.8051571 0.6580982 0.1948429 0.2021959
0 0.8235394 0.2996424 0.1764606 0.2757253
0 0.8290541 0.2408188 0.1470488 0.1470488
0 0.8327306 0.6856718 0.1470488 0.1470488
0 0.8364071 0.0165541 0.1635929 0.2021959
0 0.8474365 0.2592012 0.1102841 0.1102841
0 0.8511129 0.7040541 0.1102841 0.1102841
0 0.8584659 0.8823629 0.1415341 0.1176371
0 0.8603041 0.3364071 0.1396959 0.2021959
0 0.8639806 0.0441276 0.1360194 0.1470488
0 0.8823629 0.0625100 0.1102841 0.1102841
0 0.8860394 0.9099365 0.1139606 0.0900635
0 0.8878776 0.3639806 0.1121224 0.1470488
0 0.9044218 0.9283188 0.0955782 0.0716812
