0 0.0845688 0.7647159 0.2021959 0.2021959
0 0.0974365 0.8970688 0.2021959 0.1029312
0 0.1121424 0.7922894 0.1470488 0.1470488
0 0.1250100 0.9246424 0.1470488 0.0753576
0 0.1305247 0.8106718 0.1102841 0.1102841
0 0.1433924 0.9430247 0.1102841 0.0569753
0 0.2481718 0.1764806 0.2757253 0.2757253
0 0.2849365 0.2132453 0.2021959 0.2021959
0 0.3125100 0.2408188 0.1470488 0.1470488
0 0.8308924 0.1103041 0.1691076 0.2021959
0 0.8584659 0.1378776 0.1415341 0.1470488
0 0.8768482 0.1562600 0.1102841 0.1102841
