0 0.0937600 0.6930247 0.2021959 0.2021959
0 0.1213335 0.7205982 0.1470488 0.1470488
0 0.1397159 0.7389806 0.1102841 0.1102841
0 0.2040541 0.0569953 0.2021959 0.2021959
0 0.2316276 0.0845688 0.1470488 0.1470488
0 0.2500100 0.1029512 0.1102841 0.1102841
0 0.2849365 0.6452306 0.2021959 0.2021959
0 0.3125100 0.6728041 0.1470488 0.1470488
0 0.3308924 0.6911865 0.1102841 0.1102841
0 0.3860394 0.2279512 0.2021959 0.2021959
0 0.4136129 0.2555247 0.1470488 0.1470488
0 0.4319953 0.2739071 0.1102841 0.1102841
0 0.4448629 0.0845688 0.2021959 0.2021959
0 0.4724365 0.1121424 0.1470488 0.1470488
0 0.4908188 0.1305247 0.1102841 0.1102841
0 0.5018482 0.4485394 0.2021959 0.2021959
0 0.5294218 0.4761129 0.1470488 0.1470488
0 0.5478041 0.4944953 0.1102841 0.1102841
0 0.6011129 0.0000100 0.2021959 0.1268282
0 0.6286865 0.0000100 0.1470488 0.0992547
0 0.6286865 0.2114071 0.2021959 0.2021959
0 0.6470688 0.0000100 0.1102841 0.0808724
0 0.6562600 0.2389806 0.1470488 0.1470488
0 0.6746424 0.2573629 0.1102841 0.1102841
