0 0.3198629 0.4485394 0.2021959 0.2021959
0 0.3474365 0.4761129 0.1470488 0.1470488
0 0.3658188 0.4944953 0.1102841 0.1102841
0 0.4044218 0.1415541 0.2757253 0.2757253
0 0.4411865 0.1783188 0.2021959 0.2021959
0 0.4632453 0.8694953 0.2021959 0.1305047
0 0.4687600 0.0000100 0.2021959 0.1911665
0 0.4687600 0.2058924 0.1470488 0.1470488
0 0.4908188 0.8970688 0.1470488 0.1029312
0 0.4963335 0.0165541 0.1470488 0.1470488
0 0.5092012 0.9154512 0.1102841 0.0845488
0 0.5147159 0.0349365 0.1102841 0.1102841
0 0.8364071 0.1562600 0.1635929 0.2021959
0 0.8584659 0.0349365 0.1415341 0.2021959
0 0.8639806 0.1838335 0.1360194 0.1470488
0 0.8823629 0.2022159 0.1102841 0.1102841
0 0.8860394 0.0625100 0.1139606 0.1470488
0 0.9044218 0.0808924 0.0955782 0.1102841
