0 0.2812600 0.4430247 0.2021959 0.2021959
0 0.2849365 0.5110394 0.2021959 0.2021959
0 0.3088335 0.4705982 0.1470488 0.1470488
0 0.3125100 0.5386129 0.1470488 0.1470488
0 0.3235394 0.4356718 0.2021959 0.2021959
0 0.3272159 0.4889806 0.1102841 0.1102841
0 0.3308924 0.5569953 0.1102841 0.1102841
0 0.3511129 0.4632453 0.1470488 0.1470488
0 0.3658188 0.4522159 0.2021959 0.2021959
0 0.3694953 0.4816276 0.1102841 0.1102841
0 0.3750100 0.3878776 0.2021959 0.2021959
0 0.3786865 0.5092012 0.2021959 0.2021959
0 0.3933924 0.4797894 0.1470488 0.1470488
0 0.4025835 0.4154512 0.1470488 0.1470488
0 0.4062600 0.5367747 0.1470488 0.1470488
0 0.4117747 0.4981718 0.1102841 0.1102841
0 0.4209659 0.4338335 0.1102841 0.1102841
0 0.4228041 0.4650835 0.2021959 0.2021959
0 0.4246424 0.5551571 0.1102841 0.1102841
0 0.4503776 0.4926571 0.1470488 0.1470488
0 0.4522159 0.5073629 0.2021959 0.2021959
0 0.4687600 0.5110394 0.1102841 0.1102841
0 0.4797894 0.5349365 0.1470488 0.1470488
0 0.4834659 0.3768482 0.2021959 0.2021959
0 0.4853041 0.2683924 0.2021959 0.2021959
0 0.4871424 0.5036865 0.2021959 0.2021959
0 0.4981718 0.5533188 0.1102841 0.1102841
0 0.5036865 0.3437600 0.2021959 0.2021959
0 0.5110394 0.4044218 0.1470488 0.1470488
0 0.5128776 0.2959659 0.1470488 0.1470488
0 0.5147159 0.5312600 0.1470488 0.1470488
0 0.5239071 0.3878776 0.2021959 0.2021959
0 0.5239071 0.4908188 0.2021959 0.2021959
0 0.5294218 0.4228041 0.1102841 0.1102841
0 0.5294218 0.4779512 0.2021959 0.2021959
0 0.5312600 0.3143482 0.1102841 0.1102841
0 0.5312600 0.3713335 0.1470488 0.1470488
0 0.5330982 0.1856718 0.2021959 0.2021959
0 0.5330982 0.5496424 0.1102841 0.1102841
0 0.5478041 0.4338335 0.2021959 0.2021959
0 0.5496424 0.3897159 0.1102841 0.1102841
0 0.5514806 0.4154512 0.1470488 0.1470488
0 0.5514806 0.5183924 0.1470488 0.1470488
0 0.5569953 0.5055247 0.1470488 0.1470488
0 0.5606718 0.2132453 0.1470488 0.1470488
0 0.5698629 0.4338335 0.1102841 0.1102841
0 0.5698629 0.5367747 0.1102841 0.1102841
0 0.5753776 0.4614071 0.1470488 0.1470488
0 0.5753776 0.5239071 0.1102841 0.1102841
0 0.5790541 0.2316276 0.1102841 0.1102841
0 0.5937600 0.4797894 0.1102841 0.1102841
0 0.6066276 0.2187600 0.2021959 0.2021959
0 0.6213335 0.3437600 0.2021959 0.2021959
0 0.6342012 0.2463335 0.1470488 0.1470488
0 0.6360394 0.4871424 0.2021959 0.2021959
0 0.6415541 0.1158188 0.2021959 0.2021959
0 0.6489071 0.3713335 0.1470488 0.1470488
0 0.6525835 0.2647159 0.1102841 0.1102841
0 0.6636129 0.5147159 0.1470488 0.1470488
0 0.6672894 0.3823629 0.2021959 0.2021959
0 0.6672894 0.3897159 0.1102841 0.1102841
0 0.6691276 0.1433924 0.1470488 0.1470488
0 0.6746424 0.5753776 0.2021959 0.2021959
0 0.6819953 0.5330982 0.1102841 0.1102841
0 0.6875100 0.1617747 0.1102841 0.1102841
0 0.6930247 0.0496424 0.2021959 0.2021959
0 0.6930247 0.1433924 0.2021959 0.2021959
0 0.6948629 0.4099365 0.1470488 0.1470488
0 0.7022159 0.6029512 0.1470488 0.1470488
0 0.7132453 0.3639806 0.2021959 0.2021959
0 0.7132453 0.4283188 0.1102841 0.1102841
0 0.7169218 0.1250100 0.2021959 0.2021959
0 0.7205982 0.0772159 0.1470488 0.1470488
0 0.7205982 0.1709659 0.1470488 0.1470488
0 0.7205982 0.6213335 0.1102841 0.1102841
0 0.7389806 0.0955982 0.1102841 0.1102841
0 0.7389806 0.1893482 0.1102841 0.1102841
0 0.7408188 0.3915541 0.1470488 0.1470488
0 0.7444953 0.1525835 0.1470488 0.1470488
0 0.7536865 0.5312600 0.2021959 0.2021959
0 0.7592012 0.4099365 0.1102841 0.1102841
0 0.7628776 0.1709659 0.1102841 0.1102841
0 0.7775835 0.3308924 0.2224165 0.2757253
0 0.7812600 0.5588335 0.1470488 0.1470488
0 0.7849365 0.1562600 0.2021959 0.2021959
0 0.7886129 0.5661865 0.2021959 0.2021959
0 0.7996424 0.5772159 0.1102841 0.1102841
0 0.8051571 0.1360394 0.1948429 0.2021959
0 0.8051571 0.4595688 0.1948429 0.2021959
0 0.8125100 0.1838335 0.1470488 0.1470488
0 0.8143482 0.3676571 0.1856518 0.2021959
0 0.8161865 0.5937600 0.1470488 0.1470488
0 0.8272159 0.0239071 0.1727841 0.2021959
0 0.8308924 0.1231718 0.1691076 0.2021959
0 0.8308924 0.2022159 0.1102841 0.1102841
0 0.8327306 0.1636129 0.1470488 0.1470488
0 0.8327306 0.4871424 0.1470488 0.1470488
0 0.8345688 0.6121424 0.1102841 0.1102841
0 0.8419218 0.3952306 0.1470488 0.1470488
0 0.8511129 0.1819953 0.1102841 0.1102841
0 0.8511129 0.5055247 0.1102841 0.1102841
0 0.8547894 0.0514806 0.1452106 0.1470488
0 0.8566276 0.5257453 0.1433724 0.2021959
0 0.8584659 0.1507453 0.1415341 0.1470488
0 0.8731718 0.0698629 0.1102841 0.1102841
0 0.8768482 0.1691276 0.1102841 0.1102841
0 0.8805247 0.5165541 0.1194753 0.2021959
0 0.8842012 0.5533188 0.1157988 0.1470488
0 0.8933924 0.0845688 0.1066076 0.2021959
0 0.8933924 0.5386129 0.1066076 0.2021959
0 0.9025835 0.5717012 0.0974165 0.1102841
0 0.9080982 0.5441276 0.0919018 0.1470488
0 0.9209659 0.1121424 0.0790341 0.1470488
0 0.9209659 0.5661865 0.0790341 0.1470488
0 0.9264806 0.5625100 0.0735194 0.1102841
0 0.9393482 0.1305247 0.0606518 0.1102841
0 0.9393482 0.5845688 0.0606518 0.1102841
