0 0.0000100 0.1250100 0.1010929 0.2021959
0 0.0000100 0.1525835 0.0735194 0.1470488
0 0.0000100 0.1709659 0.0551371 0.1102841
0 0.0000100 0.2169218 0.1966812 0.2021959
0 0.0000100 0.2426571 0.1580782 0.2021959
0 0.0000100 0.2702306 0.1305047 0.1470488
0 0.0018482 0.2886129 0.1102841 0.1102841
0 0.0220688 0.2444953 0.1470488 0.1470488
0 0.0404512 0.2628776 0.1102841 0.1102841
0 0.0422894 0.0000100 0.2021959 0.1341812
0 0.0698629 0.0000100 0.1470488 0.1066076
0 0.0735394 0.3345688 0.2757253 0.2757253
0 0.0882453 0.0000100 0.1102841 0.0882253
0 0.1103041 0.0000100 0.2021959 0.1727841
0 0.1103041 0.3713335 0.2021959 0.2021959
0 0.1323629 0.0000100 0.2021959 0.1562400
0 0.1378776 0.0000100 0.1470488 0.1452106
0 0.1378776 0.3989071 0.1470488 0.1470488
0 0.1562600 0.0165541 0.1102841 0.1102841
0 0.1599365 0.0000100 0.1470488 0.1286665
0 0.1783188 0.0000100 0.1102841 0.1102841
0 0.2683924 0.1011129 0.2021959 0.2021959
0 0.2959659 0.1286865 0.1470488 0.1470488
0 0.3143482 0.1470688 0.1102841 0.1102841
