0 0.0000100 0.0367747 0.1249900 0.2021959
0 0.0000100 0.0643482 0.0974165 0.1470488
0 0.0000100 0.0827306 0.0790341 0.1102841
0 0.0000100 0.0900835 0.1029312 0.2021959
0 0.0000100 0.1176571 0.0753576 0.1470488
0 0.0000100 0.1360394 0.0569753 0.1102841
0 0.0000100 0.2077306 0.2003576 0.2021959
0 0.0000100 0.2297894 0.1286665 0.2021959
0 0.0000100 0.2573629 0.1010929 0.1470488
0 0.0000100 0.2647159 0.1819753 0.2021959
0 0.0000100 0.2757453 0.0827106 0.1102841
0 0.0073629 0.2922894 0.1470488 0.1470488
0 0.0257453 0.2353041 0.1470488 0.1470488
0 0.0257453 0.3106718 0.1102841 0.1102841
0 0.0441276 0.2536865 0.1102841 0.1102841
0 0.3878776 0.3345688 0.2757253 0.2757253
0 0.4246424 0.3713335 0.2021959 0.2021959
0 0.4411865 0.8143482 0.2021959 0.1856518
0 0.4522159 0.3989071 0.1470488 0.1470488
0 0.4687600 0.8419218 0.1470488 0.1470488
0 0.4871424 0.8603041 0.1102841 0.1102841
