0 0.1121424 0.6507453 0.1470488 0.1470488
0 0.3033188 0.6544218 0.0919018 0.0919018
0 0.4025835 0.0000100 0.0919018 0.0643282
0 0.4062600 0.2242747 0.0919018 0.0919018
0 0.4283188 0.7279512 0.0919018 0.0919018
0 0.4577306 0.0000100 0.1470488 0.1084459
0 0.5404512 0.4430247 0.0919018 0.0919018
0 0.6084659 0.5036865 0.0919018 0.0919018
0 0.6121424 0.7444953 0.0919018 0.0919018
0 0.6378776 0.3676571 0.0919018 0.0919018
0 0.6507453 0.0625100 0.0919018 0.0919018
0 0.6636129 0.2261129 0.0919018 0.0919018
0 0.7150835 0.0036865 0.0919018 0.0919018
0 0.7665541 0.0000100 0.0919018 0.0459459
0 0.8033188 0.0735394 0.0919018 0.0919018
0 0.8198629 0.2628776 0.0919018 0.0919018
