0 0.0000100 0.0422894 0.0735194 0.0919018
0 0.0000100 0.1397159 0.0680047 0.0919018
0 0.0000100 0.6838335 0.0514606 0.0919018
0 0.4007453 0.1047894 0.0919018 0.0919018
0 0.4264806 0.0000100 0.0919018 0.0680047
0 0.5643482 0.0643482 0.0919018 0.0919018
0 0.5643482 0.2775835 0.0919018 0.0919018
0 0.6342012 0.1176571 0.0919018 0.0919018
0 0.6489071 0.0000100 0.0919018 0.0459459
0 0.6783188 0.0661865 0.1470488 0.1470488
0 0.7077306 0.0000100 0.0919018 0.0863871
0 0.8033188 0.0000100 0.0919018 0.0643282
