0 0.0625100 0.8033188 0.2021959 0.1966812
0 0.0900835 0.8308924 0.1470488 0.1470488
0 0.1084659 0.8492747 0.1102841 0.1102841
0 0.1176571 0.8805247 0.2021959 0.1194753
0 0.1452306 0.9080982 0.1470488 0.0919018
0 0.1636129 0.9264806 0.1102841 0.0735194
0 0.2003776 0.7739071 0.2021959 0.2021959
0 0.2279512 0.8014806 0.1470488 0.1470488
0 0.2463335 0.8198629 0.1102841 0.1102841
0 0.2720688 0.8860394 0.2021959 0.1139606
0 0.2996424 0.9136129 0.1470488 0.0863871
0 0.3180247 0.9319953 0.1102841 0.0680047
0 0.3198629 0.0000100 0.2757253 0.2077106
0 0.3566276 0.0000100 0.2021959 0.1709459
0 0.3566276 0.7739071 0.2021959 0.2021959
0 0.3842012 0.0000100 0.1470488 0.1433724
0 0.3842012 0.8014806 0.1470488 0.1470488
0 0.4025835 0.8198629 0.1102841 0.1102841
0 0.5055247 0.7610394 0.2021959 0.2021959
0 0.5330982 0.7886129 0.1470488 0.1470488
0 0.5514806 0.8069953 0.1102841 0.1102841
0 0.5661865 0.8952306 0.2021959 0.1047694
0 0.5937600 0.9228041 0.1470488 0.0771959
0 0.6121424 0.9411865 0.1102841 0.0588135
0 0.6507453 0.7739071 0.2021959 0.2021959
0 0.6783188 0.8014806 0.1470488 0.1470488
0 0.6967012 0.8198629 0.1102841 0.1102841
