0 0.0000100 0.0000100 0.1010929 0.1010929
0 0.0000100 0.0000100 0.0735194 0.0735194
0 0.0000100 0.0000100 0.0551371 0.0551371
0 0.0000100 0.1360394 0.2463135 0.2757253
0 0.0073629 0.1728041 0.2021959 0.2021959
0 0.0202306 0.0900835 0.2021959 0.2021959
0 0.0349365 0.2003776 0.1470488 0.1470488
0 0.0422894 0.0000100 0.2021959 0.1213135
0 0.0478041 0.1176571 0.1470488 0.1470488
0 0.0606718 0.0000100 0.2021959 0.1010929
0 0.0661865 0.1360394 0.1102841 0.1102841
0 0.0698629 0.0000100 0.1470488 0.0937400
0 0.0882453 0.0000100 0.1470488 0.0735194
0 0.0882453 0.0000100 0.1102841 0.0753576
0 0.1066276 0.0000100 0.1102841 0.0551371
0 0.1433924 0.0000100 0.2021959 0.1010929
0 0.1709659 0.0000100 0.1470488 0.0735194
0 0.1893482 0.0000100 0.1102841 0.0551371
