0 0.3823629 0.0000100 0.2021959 0.1084459
0 0.4099365 0.0000100 0.1470488 0.0808724
0 0.4246424 0.0000100 0.2021959 0.1360194
0 0.4283188 0.0000100 0.1102841 0.0624900
0 0.4522159 0.0000100 0.1470488 0.1084459
0 0.4705982 0.0000100 0.1102841 0.0900635
0 0.5202306 0.1029512 0.2021959 0.2021959
0 0.5478041 0.1305247 0.1470488 0.1470488
0 0.5661865 0.1489071 0.1102841 0.1102841
0 0.7389806 0.2628776 0.2021959 0.2021959
0 0.7665541 0.2904512 0.1470488 0.1470488
0 0.7849365 0.3088335 0.1102841 0.1102841
0 0.7978041 0.2904512 0.2021959 0.2021959
0 0.8253776 0.3180247 0.1470488 0.1470488
0 0.8437600 0.3364071 0.1102841 0.1102841
0 0.8952306 0.2463335 0.1047694 0.2021959
0 0.9228041 0.2739071 0.0771959 0.1470488
0 0.9411865 0.2922894 0.0588135 0.1102841
