0 0.0000100 0.0000100 0.2297694 0.1654312
0 0.0000100 0.0000100 0.1930047 0.1286665
0 0.0183924 0.0000100 0.1470488 0.1010929
0 0.1801571 0.1268482 0.2021959 0.2021959
0 0.2077306 0.1544218 0.1470488 0.1470488
0 0.2261129 0.1728041 0.1102841 0.1102841
0 0.2683924 0.0330982 0.2021959 0.2021959
0 0.2959659 0.0606718 0.1470488 0.1470488
0 0.3143482 0.0790541 0.1102841 0.1102841
0 0.3694953 0.0000100 0.2021959 0.1378576
0 0.3970688 0.0000100 0.1470488 0.1102841
0 0.4154512 0.0000100 0.1102841 0.0919018
