0 0.3474365 0.8529512 0.2021959 0.1470488
0 0.3750100 0.8805247 0.1470488 0.1194753
0 0.3860394 0.7610394 0.2021959 0.2021959
0 0.3933924 0.7058924 0.2021959 0.2021959
0 0.3933924 0.8989071 0.1102841 0.1010929
0 0.3989071 0.8676571 0.2021959 0.1323429
0 0.4099365 0.8290541 0.2021959 0.1709459
0 0.4136129 0.7886129 0.1470488 0.1470488
0 0.4209659 0.7334659 0.1470488 0.1470488
0 0.4264806 0.8952306 0.1470488 0.1047694
0 0.4319953 0.8069953 0.1102841 0.1102841
0 0.4375100 0.8566276 0.1470488 0.1433724
0 0.4393482 0.7518482 0.1102841 0.1102841
0 0.4411865 0.8088335 0.2021959 0.1911665
0 0.4448629 0.9136129 0.1102841 0.0863871
0 0.4558924 0.8750100 0.1102841 0.1102841
0 0.4687600 0.8364071 0.1470488 0.1470488
0 0.4871424 0.8547894 0.1102841 0.1102841
0 0.5018482 0.2683924 0.2021959 0.2021959
0 0.5239071 0.7904512 0.2021959 0.2021959
0 0.5275835 0.6783188 0.2021959 0.2021959
0 0.5275835 0.7114071 0.2021959 0.2021959
0 0.5294218 0.2959659 0.1470488 0.1470488
0 0.5294218 0.5974365 0.2021959 0.2021959
0 0.5459659 0.6360394 0.2021959 0.2021959
0 0.5478041 0.3143482 0.1102841 0.1102841
0 0.5514806 0.8180247 0.1470488 0.1470488
0 0.5551571 0.7058924 0.1470488 0.1470488
0 0.5551571 0.7389806 0.1470488 0.1470488
0 0.5569953 0.6250100 0.1470488 0.1470488
0 0.5606718 0.7996424 0.2021959 0.2003576
0 0.5661865 0.5055247 0.2021959 0.2021959
0 0.5698629 0.8364071 0.1102841 0.1102841
0 0.5698629 0.8805247 0.2021959 0.1194753
0 0.5735394 0.6636129 0.1470488 0.1470488
0 0.5735394 0.7242747 0.1102841 0.1102841
0 0.5735394 0.7573629 0.1102841 0.1102841
0 0.5753776 0.6433924 0.1102841 0.1102841
0 0.5864071 0.6360394 0.2021959 0.2021959
0 0.5882453 0.3676571 0.2021959 0.2021959
0 0.5882453 0.8272159 0.1470488 0.1470488
0 0.5900835 0.8603041 0.2021959 0.1396959
0 0.5919218 0.6819953 0.1102841 0.1102841
0 0.5937600 0.5330982 0.1470488 0.1470488
0 0.5974365 0.9080982 0.1470488 0.0919018
0 0.6066276 0.8455982 0.1102841 0.1102841
0 0.6121424 0.5514806 0.1102841 0.1102841
0 0.6139806 0.6636129 0.1470488 0.1470488
0 0.6158188 0.3952306 0.1470488 0.1470488
0 0.6158188 0.9264806 0.1102841 0.0735194
0 0.6176571 0.8878776 0.1470488 0.1121224
0 0.6323629 0.6819953 0.1102841 0.1102841
0 0.6342012 0.4136129 0.1102841 0.1102841
0 0.6360394 0.9062600 0.1102841 0.0937400
0 0.6709659 0.8603041 0.2021959 0.1396959
0 0.6764806 0.6121424 0.2021959 0.2021959
0 0.6856718 0.5551571 0.2021959 0.2021959
0 0.6985394 0.8878776 0.1470488 0.1121224
0 0.7040541 0.6397159 0.1470488 0.1470488
0 0.7040541 0.6783188 0.2021959 0.2021959
0 0.7132453 0.5827306 0.1470488 0.1470488
0 0.7169218 0.9062600 0.1102841 0.0937400
0 0.7224365 0.6580982 0.1102841 0.1102841
0 0.7242747 0.5514806 0.2021959 0.2021959
0 0.7316276 0.6011129 0.1102841 0.1102841
0 0.7316276 0.7058924 0.1470488 0.1470488
0 0.7353041 0.6121424 0.2021959 0.2021959
0 0.7408188 0.7463335 0.2021959 0.2021959
0 0.7444953 0.6709659 0.2021959 0.2021959
0 0.7500100 0.7242747 0.1102841 0.1102841
0 0.7518482 0.5790541 0.1470488 0.1470488
0 0.7592012 0.5937600 0.2021959 0.2021959
0 0.7628776 0.6397159 0.1470488 0.1470488
0 0.7683924 0.7739071 0.1470488 0.1470488
0 0.7702306 0.5974365 0.1102841 0.1102841
0 0.7720688 0.6985394 0.1470488 0.1470488
0 0.7739071 0.2922894 0.2021959 0.2021959
0 0.7812600 0.6525835 0.2021959 0.2021959
0 0.7812600 0.6580982 0.1102841 0.1102841
0 0.7867747 0.5974365 0.2021959 0.2021959
0 0.7867747 0.6213335 0.1470488 0.1470488
0 0.7867747 0.7922894 0.1102841 0.1102841
0 0.7904512 0.2739071 0.2021959 0.2021959
0 0.7904512 0.7169218 0.1102841 0.1102841
0 0.8014806 0.3198629 0.1470488 0.1470488
0 0.8051571 0.6397159 0.1102841 0.1102841
0 0.8088335 0.6801571 0.1470488 0.1470488
0 0.8143482 0.6250100 0.1470488 0.1470488
0 0.8180247 0.3014806 0.1470488 0.1470488
0 0.8198629 0.3382453 0.1102841 0.1102841
0 0.8272159 0.6985394 0.1102841 0.1102841
0 0.8327306 0.6433924 0.1102841 0.1102841
0 0.8364071 0.3198629 0.1102841 0.1102841
0 0.8382453 0.4797894 0.1617547 0.2021959
0 0.8639806 0.6525835 0.1360194 0.2021959
0 0.8658188 0.5073629 0.1341812 0.1470488
0 0.8842012 0.5257453 0.1102841 0.1102841
0 0.8915541 0.6801571 0.1084459 0.1470488
0 0.9099365 0.6985394 0.0900635 0.1102841
