0 0.7720688 0.4062600 0.2021959 0.2021959
0 0.7757453 0.3327306 0.2021959 0.2021959
0 0.7886129 0.5606718 0.2021959 0.2021959
0 0.7996424 0.4338335 0.1470488 0.1470488
0 0.8033188 0.3603041 0.1470488 0.1470488
0 0.8161865 0.5882453 0.1470488 0.1470488
0 0.8180247 0.4522159 0.1102841 0.1102841
0 0.8217012 0.3786865 0.1102841 0.1102841
0 0.8235394 0.1875100 0.1764606 0.2021959
0 0.8345688 0.6066276 0.1102841 0.1102841
0 0.8455982 0.0330982 0.1544018 0.2021959
0 0.8511129 0.2150835 0.1470488 0.1470488
0 0.8694953 0.2334659 0.1102841 0.1102841
0 0.8731718 0.0606718 0.1268282 0.1470488
0 0.8915541 0.0790541 0.1084459 0.1102841
