0 0.1525835 0.8474365 0.2021959 0.1525635
0 0.1801571 0.8750100 0.1470488 0.1249900
0 0.1985394 0.8933924 0.1102841 0.1066076
0 0.2077306 0.8529512 0.2021959 0.1470488
0 0.2297894 0.8768482 0.2021959 0.1231518
0 0.2353041 0.8805247 0.1470488 0.1194753
0 0.2536865 0.8989071 0.1102841 0.1010929
0 0.2573629 0.9044218 0.1470488 0.0955782
0 0.2757453 0.9228041 0.1102841 0.0771959
0 0.3106718 0.8106718 0.2021959 0.1893282
0 0.3364071 0.7481718 0.2021959 0.2021959
0 0.3382453 0.8382453 0.1470488 0.1470488
0 0.3455982 0.8364071 0.2021959 0.1635929
0 0.3566276 0.8566276 0.1102841 0.1102841
0 0.3639806 0.7757453 0.1470488 0.1470488
0 0.3731718 0.8639806 0.1470488 0.1360194
0 0.3823629 0.7941276 0.1102841 0.1102841
0 0.3915541 0.8823629 0.1102841 0.1102841
