0 0.0000100 0.0110394 0.1231518 0.2021959
0 0.0000100 0.0239071 0.1746224 0.2021959
0 0.0000100 0.0386129 0.0955782 0.1470488
0 0.0000100 0.0514806 0.1470488 0.1470488
0 0.0000100 0.0569953 0.0771959 0.1102841
0 0.0000100 0.2224365 0.1691076 0.2021959
0 0.0000100 0.2500100 0.1415341 0.1470488
0 0.0000100 0.4044218 0.1378576 0.2021959
0 0.0000100 0.4319953 0.1102841 0.1470488
0 0.0000100 0.4503776 0.0919018 0.1102841
0 0.0128776 0.2683924 0.1102841 0.1102841
0 0.0165541 0.2922894 0.2021959 0.2021959
0 0.0183924 0.0698629 0.1102841 0.1102841
0 0.0202306 0.0441276 0.2021959 0.2021959
0 0.0275835 0.0000100 0.2021959 0.1874900
0 0.0441276 0.3198629 0.1470488 0.1470488
0 0.0478041 0.0717012 0.1470488 0.1470488
0 0.0551571 0.0128776 0.1470488 0.1470488
0 0.0625100 0.1047894 0.2021959 0.2021959
0 0.0625100 0.3382453 0.1102841 0.1102841
0 0.0661865 0.0900835 0.1102841 0.1102841
0 0.0735394 0.0312600 0.1102841 0.1102841
0 0.0900835 0.1323629 0.1470488 0.1470488
0 0.1084659 0.1507453 0.1102841 0.1102841
0 0.1158188 0.2720688 0.2021959 0.2021959
0 0.1268482 0.0000100 0.2021959 0.1396959
0 0.1433924 0.2996424 0.1470488 0.1470488
0 0.1544218 0.0000100 0.1470488 0.1121224
0 0.1617747 0.3180247 0.1102841 0.1102841
0 0.1728041 0.0000100 0.1102841 0.0937400
0 0.2003776 0.1525835 0.2021959 0.2021959
0 0.2279512 0.1801571 0.1470488 0.1470488
0 0.2408188 0.1121424 0.2021959 0.2021959
0 0.2463335 0.1985394 0.1102841 0.1102841
0 0.2573629 0.0680247 0.2021959 0.2021959
0 0.2683924 0.1397159 0.1470488 0.1470488
0 0.2849365 0.0955982 0.1470488 0.1470488
0 0.2867747 0.1580982 0.1102841 0.1102841
0 0.3014806 0.0588335 0.2021959 0.2021959
0 0.3033188 0.1139806 0.1102841 0.1102841
0 0.3217012 0.1047894 0.2021959 0.2021959
0 0.3290541 0.0239071 0.2021959 0.2021959
0 0.3290541 0.0864071 0.1470488 0.1470488
0 0.3400835 0.0000100 0.2021959 0.1727841
0 0.3474365 0.1047894 0.1102841 0.1102841
0 0.3474365 0.1967012 0.2021959 0.2021959
0 0.3492747 0.1323629 0.1470488 0.1470488
0 0.3547894 0.0606718 0.2021959 0.2021959
0 0.3566276 0.0514806 0.1470488 0.1470488
0 0.3676571 0.0000100 0.1470488 0.1452106
0 0.3676571 0.1507453 0.1102841 0.1102841
0 0.3750100 0.0698629 0.1102841 0.1102841
0 0.3750100 0.2242747 0.1470488 0.1470488
0 0.3823629 0.0882453 0.1470488 0.1470488
0 0.3860394 0.0165541 0.1102841 0.1102841
0 0.3933924 0.2426571 0.1102841 0.1102841
0 0.3989071 0.0386129 0.2021959 0.2021959
0 0.4007453 0.0000100 0.2021959 0.1838135
0 0.4007453 0.1066276 0.1102841 0.1102841
0 0.4025835 0.1433924 0.2021959 0.2021959
0 0.4117747 0.1728041 0.2021959 0.2021959
0 0.4264806 0.0661865 0.1470488 0.1470488
0 0.4283188 0.0092012 0.1470488 0.1470488
0 0.4301571 0.1709659 0.1470488 0.1470488
0 0.4393482 0.2003776 0.1470488 0.1470488
0 0.4448629 0.0845688 0.1102841 0.1102841
0 0.4467012 0.0275835 0.1102841 0.1102841
0 0.4485394 0.1893482 0.1102841 0.1102841
0 0.4577306 0.2187600 0.1102841 0.1102841
0 0.4687600 0.0000100 0.2021959 0.2003576
0 0.4963335 0.0257453 0.1470488 0.1470488
0 0.5147159 0.0441276 0.1102841 0.1102841
0 0.6360394 0.0000100 0.2021959 0.1893282
0 0.6636129 0.0147159 0.1470488 0.1470488
0 0.6819953 0.0330982 0.1102841 0.1102841
0 0.7279512 0.0000100 0.2021959 0.1231518
0 0.7555247 0.0000100 0.1470488 0.0955782
0 0.7739071 0.0000100 0.1102841 0.0771959
