0 0.0000100 0.5643482 0.1139606 0.2021959
0 0.0000100 0.5919218 0.0863871 0.1470488
0 0.0000100 0.6103041 0.0680047 0.1102841
0 0.0000100 0.6268482 0.1746224 0.2021959
0 0.0000100 0.6433924 0.1121224 0.2021959
0 0.0000100 0.6489071 0.1470488 0.2021959
0 0.0000100 0.6544218 0.1470488 0.1470488
0 0.0000100 0.6709659 0.0845488 0.1470488
0 0.0000100 0.6764806 0.1194753 0.1470488
0 0.0000100 0.6893482 0.0661665 0.1102841
0 0.0000100 0.6948629 0.1010929 0.1102841
0 0.0000100 0.8952306 0.1562400 0.1047694
0 0.0000100 0.9228041 0.1286665 0.0771959
0 0.0000100 0.9411865 0.1102841 0.0588135
0 0.0183924 0.6728041 0.1102841 0.1102841
