0 0.0478041 0.4595688 0.2021959 0.2021959
0 0.0753776 0.4871424 0.1470488 0.1470488
0 0.0937600 0.5055247 0.1102841 0.1102841
0 0.3419218 0.4687600 0.2021959 0.2021959
0 0.3694953 0.4963335 0.1470488 0.1470488
0 0.3860394 0.6305247 0.2021959 0.2021959
0 0.3878776 0.5147159 0.1102841 0.1102841
0 0.4080982 0.2849365 0.2021959 0.2021959
0 0.4117747 0.6985394 0.2021959 0.2021959
0 0.4136129 0.6580982 0.1470488 0.1470488
0 0.4246424 0.7555247 0.2021959 0.2021959
0 0.4319953 0.6764806 0.1102841 0.1102841
0 0.4356718 0.3125100 0.1470488 0.1470488
0 0.4393482 0.7261129 0.1470488 0.1470488
0 0.4522159 0.7830982 0.1470488 0.1470488
0 0.4540541 0.3308924 0.1102841 0.1102841
0 0.4577306 0.7444953 0.1102841 0.1102841
0 0.4705982 0.8014806 0.1102841 0.1102841
0 0.4724365 0.8088335 0.2021959 0.1911665
0 0.5000100 0.8364071 0.1470488 0.1470488
0 0.5183924 0.8547894 0.1102841 0.1102841
0 0.7794218 0.0606718 0.2205782 0.2757253
0 0.8161865 0.0974365 0.1838135 0.2021959
0 0.8437600 0.1250100 0.1470488 0.1470488
0 0.8842012 0.0000100 0.1157988 0.1249900
0 0.9117747 0.0000100 0.0882253 0.0974165
0 0.9301571 0.0000100 0.0698429 0.0790341
