0 0.1875100 0.4724365 0.2021959 0.2021959
0 0.2150835 0.5000100 0.1470488 0.1470488
0 0.2334659 0.5183924 0.1102841 0.1102841
0 0.2353041 0.3014806 0.2021959 0.2021959
0 0.2628776 0.3290541 0.1470488 0.1470488
0 0.2812600 0.3474365 0.1102841 0.1102841
0 0.3511129 0.3842012 0.2021959 0.2021959
0 0.3786865 0.4117747 0.1470488 0.1470488
0 0.3970688 0.4301571 0.1102841 0.1102841
0 0.4283188 0.4614071 0.2757253 0.2757253
0 0.4650835 0.4981718 0.2021959 0.2021959
0 0.4926571 0.5257453 0.1470488 0.1470488
