0 0.0000100 0.0000100 0.1378576 0.1360194
0 0.0000100 0.0000100 0.1985194 0.1488871
0 0.0000100 0.0000100 0.1102841 0.1084459
0 0.0000100 0.0000100 0.0919018 0.0900635
0 0.0000100 0.0312600 0.1635929 0.2021959
0 0.0000100 0.0588335 0.1360194 0.1470488
0 0.0000100 0.0698629 0.2297694 0.2757253
0 0.0000100 0.1066276 0.1930047 0.2021959
0 0.0000100 0.1507453 0.1507253 0.2021959
0 0.0000100 0.1783188 0.1231518 0.1470488
0 0.0000100 0.1967012 0.1286665 0.2021959
0 0.0000100 0.1967012 0.1047694 0.1102841
0 0.0000100 0.2242747 0.1010929 0.1470488
0 0.0000100 0.2426571 0.0827106 0.1102841
0 0.0000100 0.3897159 0.1874900 0.2021959
0 0.0000100 0.4724365 0.1507253 0.2021959
0 0.0000100 0.5000100 0.1231518 0.1470488
0 0.0000100 0.5183924 0.1047694 0.1102841
0 0.0000100 0.5496424 0.2021959 0.2021959
0 0.0000100 0.6764806 0.1010929 0.2021959
0 0.0000100 0.7040541 0.0735194 0.1470488
0 0.0000100 0.7224365 0.0551371 0.1102841
0 0.0000100 0.8180247 0.1102841 0.1819753
0 0.0000100 0.8455982 0.0827106 0.1470488
0 0.0000100 0.8603041 0.1764606 0.1396959
0 0.0000100 0.8639806 0.0643282 0.1102841
0 0.0000100 0.8970688 0.1396959 0.1029312
0 0.0000100 0.9246424 0.1121224 0.0753576
0 0.0073629 0.0772159 0.1102841 0.1102841
0 0.0128776 0.4172894 0.1470488 0.1470488
0 0.0147159 0.2261129 0.2021959 0.2021959
0 0.0183924 0.1342012 0.1470488 0.1470488
0 0.0239071 0.0000100 0.1470488 0.1213135
0 0.0275835 0.5772159 0.1470488 0.1470488
0 0.0312600 0.4356718 0.1102841 0.1102841
0 0.0349365 0.3253776 0.2021959 0.2021959
0 0.0422894 0.0000100 0.1102841 0.1029312
0 0.0422894 0.2536865 0.1470488 0.1470488
0 0.0459659 0.1746424 0.2021959 0.2021959
0 0.0459659 0.5955982 0.1102841 0.1102841
0 0.0478041 0.0018482 0.2021959 0.2021959
0 0.0606718 0.0974365 0.2021959 0.2021959
0 0.0606718 0.2720688 0.1102841 0.1102841
0 0.0625100 0.3529512 0.1470488 0.1470488
0 0.0735394 0.2022159 0.1470488 0.1470488
0 0.0753776 0.0294218 0.1470488 0.1470488
0 0.0808924 0.3713335 0.1102841 0.1102841
0 0.0882453 0.1250100 0.1470488 0.1470488
0 0.0919218 0.2205982 0.1102841 0.1102841
0 0.0937600 0.0478041 0.1102841 0.1102841
0 0.1066276 0.1342012 0.2021959 0.2021959
0 0.1066276 0.1433924 0.1102841 0.1102841
0 0.1323629 0.6139806 0.2757253 0.2757253
0 0.1342012 0.1617747 0.1470488 0.1470488
0 0.1525835 0.1801571 0.1102841 0.1102841
0 0.1691276 0.6507453 0.2021959 0.2021959
0 0.1967012 0.6783188 0.1470488 0.1470488
