0 0.0000100 0.1948629 0.1507253 0.2021959
0 0.0000100 0.2224365 0.1231518 0.1470488
0 0.0000100 0.2408188 0.1047694 0.1102841
0 0.0000100 0.2812600 0.1396959 0.2757253
0 0.0000100 0.3180247 0.1029312 0.2021959
0 0.0000100 0.3455982 0.0753576 0.1470488
0 0.0000100 0.3989071 0.1194753 0.2021959
0 0.0000100 0.4264806 0.0919018 0.1470488
0 0.0000100 0.4448629 0.0735194 0.1102841
0 0.0000100 0.4503776 0.1084459 0.2021959
0 0.0000100 0.4779512 0.0808724 0.1470488
0 0.0000100 0.4963335 0.0624900 0.1102841
0 0.0000100 0.5514806 0.1599165 0.2021959
0 0.0000100 0.5790541 0.1323429 0.1470488
0 0.0036865 0.5974365 0.1102841 0.1102841
0 0.0092012 0.4558924 0.2021959 0.2021959
0 0.0367747 0.4834659 0.1470488 0.1470488
0 0.0478041 0.4044218 0.2021959 0.2021959
0 0.0551571 0.5018482 0.1102841 0.1102841
0 0.0753776 0.4319953 0.1470488 0.1470488
0 0.0937600 0.4503776 0.1102841 0.1102841
