0 0.3933924 0.2353041 0.2021959 0.2021959
0 0.4007453 0.5588335 0.2021959 0.2021959
0 0.4209659 0.2628776 0.1470488 0.1470488
0 0.4283188 0.5864071 0.1470488 0.1470488
0 0.4393482 0.2812600 0.1102841 0.1102841
0 0.4467012 0.6047894 0.1102841 0.1102841
0 0.4614071 0.1893482 0.2021959 0.2021959
0 0.4687600 0.5349365 0.2021959 0.2021959
0 0.4889806 0.2169218 0.1470488 0.1470488
0 0.4963335 0.5625100 0.1470488 0.1470488
0 0.5073629 0.2353041 0.1102841 0.1102841
0 0.5092012 0.2941276 0.2021959 0.2021959
0 0.5147159 0.5808924 0.1102841 0.1102841
0 0.5367747 0.3217012 0.1470488 0.1470488
0 0.5551571 0.3400835 0.1102841 0.1102841
0 0.6066276 0.5496424 0.2021959 0.2021959
0 0.6342012 0.5772159 0.1470488 0.1470488
0 0.6525835 0.4117747 0.2021959 0.2021959
0 0.6525835 0.5955982 0.1102841 0.1102841
0 0.6801571 0.4393482 0.1470488 0.1470488
0 0.6985394 0.4577306 0.1102841 0.1102841
0 0.7261129 0.2886129 0.2021959 0.2021959
0 0.7389806 0.1783188 0.2021959 0.2021959
0 0.7536865 0.3161865 0.1470488 0.1470488
0 0.7665541 0.2058924 0.1470488 0.1470488
0 0.7720688 0.3345688 0.1102841 0.1102841
0 0.7849365 0.2242747 0.1102841 0.1102841
0 0.7922894 0.3235394 0.2021959 0.2021959
0 0.8198629 0.3511129 0.1470488 0.1470488
0 0.8382453 0.3694953 0.1102841 0.1102841
0 0.8584659 0.1066276 0.1415341 0.2021959
0 0.8860394 0.1342012 0.1139606 0.1470488
0 0.9044218 0.1525835 0.0955782 0.1102841
