0 0.2830982 0.5073629 0.2021959 0.2021959
0 0.3106718 0.5349365 0.1470488 0.1470488
0 0.3180247 0.3327306 0.2021959 0.2021959
0 0.3272159 0.0386129 0.2021959 0.2021959
0 0.3290541 0.5533188 0.1102841 0.1102841
0 0.3327306 0.2132453 0.2021959 0.2021959
0 0.3437600 0.2830982 0.2021959 0.2021959
0 0.3437600 0.3860394 0.2021959 0.2021959
0 0.3455982 0.0919218 0.2021959 0.2021959
0 0.3455982 0.3603041 0.1470488 0.1470488
0 0.3511129 0.4264806 0.2021959 0.2021959
0 0.3511129 0.4595688 0.2021959 0.2021959
0 0.3547894 0.0661865 0.1470488 0.1470488
0 0.3603041 0.2408188 0.1470488 0.1470488
0 0.3639806 0.3786865 0.1102841 0.1102841
0 0.3713335 0.3106718 0.1470488 0.1470488
0 0.3713335 0.4136129 0.1470488 0.1470488
0 0.3731718 0.0845688 0.1102841 0.1102841
0 0.3731718 0.1194953 0.1470488 0.1470488
0 0.3786865 0.2592012 0.1102841 0.1102841
0 0.3786865 0.4540541 0.1470488 0.1470488
0 0.3786865 0.4871424 0.1470488 0.1470488
0 0.3842012 0.0000100 0.2021959 0.1360194
0 0.3897159 0.1084659 0.2021959 0.2021959
0 0.3897159 0.1507453 0.2021959 0.2021959
0 0.3897159 0.3290541 0.1102841 0.1102841
0 0.3897159 0.4319953 0.1102841 0.1102841
0 0.3915541 0.1378776 0.1102841 0.1102841
0 0.3970688 0.4724365 0.1102841 0.1102841
0 0.3970688 0.5055247 0.1102841 0.1102841
0 0.3989071 0.4393482 0.2021959 0.2021959
0 0.4025835 0.0000100 0.2021959 0.1727841
0 0.4099365 0.2922894 0.2021959 0.2021959
0 0.4117747 0.0000100 0.1470488 0.1084459
0 0.4172894 0.1360394 0.1470488 0.1470488
0 0.4172894 0.1783188 0.1470488 0.1470488
0 0.4228041 0.4687600 0.2021959 0.2021959
0 0.4264806 0.1360394 0.2021959 0.2021959
0 0.4264806 0.4669218 0.1470488 0.1470488
0 0.4301571 0.0000100 0.1470488 0.1452106
0 0.4301571 0.0000100 0.1102841 0.0900635
0 0.4301571 0.3823629 0.2021959 0.2021959
0 0.4338335 0.2022159 0.2021959 0.2021959
0 0.4356718 0.1544218 0.1102841 0.1102841
0 0.4356718 0.1967012 0.1102841 0.1102841
0 0.4375100 0.3198629 0.1470488 0.1470488
0 0.4411865 0.0974365 0.2757253 0.2757253
0 0.4430247 0.3033188 0.2021959 0.2021959
0 0.4448629 0.4853041 0.1102841 0.1102841
0 0.4485394 0.0165541 0.1102841 0.1102841
0 0.4485394 0.4283188 0.2021959 0.2021959
0 0.4485394 0.4540541 0.2021959 0.2021959
0 0.4503776 0.4963335 0.1470488 0.1470488
0 0.4522159 0.0478041 0.2021959 0.2021959
0 0.4540541 0.1636129 0.1470488 0.1470488
0 0.4540541 0.3253776 0.2021959 0.2021959
0 0.4558924 0.3382453 0.1102841 0.1102841
0 0.4577306 0.4099365 0.1470488 0.1470488
0 0.4614071 0.2297894 0.1470488 0.1470488
0 0.4687600 0.3455982 0.2021959 0.2021959
0 0.4687600 0.5147159 0.1102841 0.1102841
0 0.4705982 0.3308924 0.1470488 0.1470488
0 0.4724365 0.1819953 0.1102841 0.1102841
0 0.4761129 0.4283188 0.1102841 0.1102841
0 0.4761129 0.4558924 0.1470488 0.1470488
0 0.4761129 0.4816276 0.1470488 0.1470488
0 0.4779512 0.1342012 0.2021959 0.2021959
0 0.4797894 0.0753776 0.1470488 0.1470488
0 0.4797894 0.2481718 0.1102841 0.1102841
0 0.4816276 0.3529512 0.1470488 0.1470488
0 0.4889806 0.3492747 0.1102841 0.1102841
0 0.4889806 0.4301571 0.2021959 0.2021959
0 0.4944953 0.4742747 0.1102841 0.1102841
0 0.4944953 0.5000100 0.1102841 0.1102841
0 0.4963335 0.3731718 0.1470488 0.1470488
0 0.4981718 0.0937600 0.1102841 0.1102841
0 0.4981718 0.3713335 0.2021959 0.2021959
0 0.5000100 0.3713335 0.1102841 0.1102841
0 0.5018482 0.2573629 0.2021959 0.2021959
0 0.5055247 0.1617747 0.1470488 0.1470488
0 0.5055247 0.3290541 0.2021959 0.2021959
0 0.5147159 0.3915541 0.1102841 0.1102841
0 0.5165541 0.4577306 0.1470488 0.1470488
0 0.5220688 0.2371424 0.2021959 0.2021959
0 0.5257453 0.1452306 0.2021959 0.2021959
0 0.5257453 0.3989071 0.1470488 0.1470488
0 0.5294218 0.2849365 0.1470488 0.1470488
0 0.5330982 0.3566276 0.1470488 0.1470488
0 0.5349365 0.4761129 0.1102841 0.1102841
0 0.5367747 0.2040541 0.2021959 0.2021959
0 0.5441276 0.4172894 0.1102841 0.1102841
0 0.5478041 0.3033188 0.1102841 0.1102841
0 0.5496424 0.2647159 0.1470488 0.1470488
0 0.5514806 0.3750100 0.1102841 0.1102841
0 0.5533188 0.1728041 0.1470488 0.1470488
0 0.5643482 0.2316276 0.1470488 0.1470488
0 0.5680247 0.2830982 0.1102841 0.1102841
0 0.5717012 0.1911865 0.1102841 0.1102841
0 0.5827306 0.2500100 0.1102841 0.1102841
0 0.6838335 0.1672894 0.2021959 0.2021959
0 0.7003776 0.0000100 0.2021959 0.1874900
0 0.7114071 0.1948629 0.1470488 0.1470488
0 0.7279512 0.0128776 0.1470488 0.1470488
0 0.7297894 0.2132453 0.1102841 0.1102841
0 0.7463335 0.0312600 0.1102841 0.1102841
