0 0.0000100 0.4650835 0.1231518 0.2021959
0 0.0000100 0.4926571 0.0955782 0.1470488
0 0.0000100 0.5110394 0.0771959 0.1102841
0 0.0000100 0.5349365 0.1047694 0.2021959
0 0.0000100 0.5625100 0.0771959 0.1470488
0 0.0000100 0.5808924 0.0588135 0.1102841
0 0.0000100 0.6250100 0.1323429 0.2021959
0 0.0000100 0.6397159 0.1084459 0.2021959
0 0.0000100 0.6525835 0.1047694 0.1470488
0 0.0000100 0.6672894 0.0808724 0.1470488
0 0.0000100 0.6709659 0.0863871 0.1102841
0 0.0000100 0.6856718 0.0624900 0.1102841
0 0.0000100 0.7371424 0.1488871 0.2021959
0 0.0000100 0.7647159 0.1213135 0.1470488
0 0.0000100 0.7830982 0.1029312 0.1102841
0 0.0000100 0.8455982 0.1801371 0.1544018
0 0.0055247 0.8731718 0.1470488 0.1268282
0 0.0239071 0.8915541 0.1102841 0.1084459
0 0.0349365 0.7297894 0.2021959 0.2021959
0 0.0625100 0.7334659 0.2021959 0.2021959
0 0.0625100 0.7573629 0.1470488 0.1470488
0 0.0680247 0.8125100 0.2021959 0.1874900
0 0.0808924 0.7757453 0.1102841 0.1102841
0 0.0900835 0.7610394 0.1470488 0.1470488
0 0.0955982 0.8400835 0.1470488 0.1470488
0 0.1066276 0.8474365 0.2021959 0.1525635
0 0.1084659 0.7794218 0.1102841 0.1102841
0 0.1139806 0.8584659 0.1102841 0.1102841
0 0.1250100 0.8750100 0.2021959 0.1249900
0 0.1342012 0.8750100 0.1470488 0.1249900
0 0.1525835 0.8933924 0.1102841 0.1066076
0 0.1525835 0.9025835 0.1470488 0.0974165
0 0.1709659 0.9209659 0.1102841 0.0790341
