0 0.0864071 0.1636129 0.2021959 0.2021959
0 0.1139806 0.1911865 0.1470488 0.1470488
0 0.1176571 0.1507453 0.2021959 0.2021959
0 0.1323629 0.2095688 0.1102841 0.1102841
0 0.1452306 0.1783188 0.1470488 0.1470488
0 0.1489071 0.1360394 0.2021959 0.2021959
0 0.1562600 0.0000100 0.2021959 0.1930047
0 0.1636129 0.1967012 0.1102841 0.1102841
0 0.1654512 0.1562600 0.2021959 0.2021959
0 0.1764806 0.1636129 0.1470488 0.1470488
0 0.1838335 0.0183924 0.1470488 0.1470488
0 0.1930247 0.1838335 0.1470488 0.1470488
0 0.1948629 0.1819953 0.1102841 0.1102841
0 0.1985394 0.1378776 0.2021959 0.2021959
0 0.2022159 0.0367747 0.1102841 0.1102841
0 0.2114071 0.2022159 0.1102841 0.1102841
0 0.2261129 0.1654512 0.1470488 0.1470488
0 0.2444953 0.1838335 0.1102841 0.1102841
0 0.8161865 0.0000100 0.1838135 0.1709459
0 0.8437600 0.0000100 0.1470488 0.1433724
0 0.8621424 0.0147159 0.1102841 0.1102841
