0 0.3897159 0.0827306 0.2757253 0.2757253
0 0.4264806 0.1194953 0.2021959 0.2021959
0 0.4540541 0.1470688 0.1470488 0.1470488
0 0.5422894 0.0533188 0.2021959 0.2021959
0 0.5698629 0.0808924 0.1470488 0.1470488
0 0.5882453 0.0992747 0.1102841 0.1102841
0 0.5955982 0.0496424 0.2021959 0.2021959
0 0.5974365 0.1415541 0.2021959 0.2021959
0 0.6029512 0.3547894 0.2021959 0.2021959
0 0.6231718 0.0772159 0.1470488 0.1470488
0 0.6250100 0.1691276 0.1470488 0.1470488
0 0.6250100 0.2353041 0.2021959 0.2021959
0 0.6250100 0.3069953 0.2021959 0.2021959
0 0.6305247 0.3823629 0.1470488 0.1470488
0 0.6415541 0.0955982 0.1102841 0.1102841
0 0.6433924 0.1875100 0.1102841 0.1102841
0 0.6489071 0.4007453 0.1102841 0.1102841
0 0.6525835 0.2628776 0.1470488 0.1470488
0 0.6525835 0.3345688 0.1470488 0.1470488
0 0.6709659 0.2812600 0.1102841 0.1102841
0 0.6709659 0.3529512 0.1102841 0.1102841
0 0.7114071 0.2444953 0.2021959 0.2021959
0 0.7224365 0.1746424 0.2021959 0.2021959
0 0.7389806 0.2720688 0.1470488 0.1470488
0 0.7481718 0.1360394 0.2021959 0.2021959
0 0.7500100 0.2022159 0.1470488 0.1470488
0 0.7536865 0.4595688 0.2021959 0.2021959
0 0.7573629 0.2904512 0.1102841 0.1102841
0 0.7647159 0.1893482 0.2021959 0.2021959
0 0.7683924 0.2205982 0.1102841 0.1102841
0 0.7757453 0.1636129 0.1470488 0.1470488
0 0.7794218 0.4246424 0.2021959 0.2021959
0 0.7812600 0.4871424 0.1470488 0.1470488
0 0.7904512 0.1415541 0.2021959 0.2021959
0 0.7922894 0.2169218 0.1470488 0.1470488
0 0.7941276 0.1819953 0.1102841 0.1102841
0 0.7978041 0.3842012 0.2021959 0.2021959
0 0.7978041 0.4044218 0.2021959 0.2021959
0 0.7996424 0.5055247 0.1102841 0.1102841
0 0.8051571 0.3694953 0.1948429 0.2021959
0 0.8069953 0.4522159 0.1470488 0.1470488
0 0.8106718 0.2353041 0.1102841 0.1102841
0 0.8180247 0.1691276 0.1470488 0.1470488
0 0.8198629 0.2922894 0.1801371 0.2021959
0 0.8253776 0.4117747 0.1470488 0.1470488
0 0.8253776 0.4319953 0.1470488 0.1470488
0 0.8253776 0.4705982 0.1102841 0.1102841
0 0.8327306 0.3970688 0.1470488 0.1470488
0 0.8364071 0.1875100 0.1102841 0.1102841
0 0.8382453 0.3345688 0.1617547 0.2021959
0 0.8437600 0.4301571 0.1102841 0.1102841
0 0.8437600 0.4503776 0.1102841 0.1102841
0 0.8474365 0.3198629 0.1470488 0.1470488
0 0.8511129 0.4154512 0.1102841 0.1102841
0 0.8658188 0.3382453 0.1102841 0.1102841
0 0.8658188 0.3621424 0.1341812 0.1470488
0 0.8750100 0.5239071 0.1249900 0.2021959
0 0.8842012 0.3805247 0.1102841 0.1102841
0 0.9025835 0.5514806 0.0974165 0.1470488
0 0.9209659 0.5698629 0.0790341 0.1102841
