0 0.7444953 0.0955982 0.2021959 0.2021959
0 0.7481718 0.1121424 0.2518282 0.2757253
0 0.7720688 0.1231718 0.1470488 0.1470488
0 0.7720688 0.2500100 0.2021959 0.2021959
0 0.7849365 0.1489071 0.2021959 0.2021959
0 0.7904512 0.1415541 0.1102841 0.1102841
0 0.7996424 0.2775835 0.1470488 0.1470488
0 0.8125100 0.1764806 0.1470488 0.1470488
0 0.8180247 0.2959659 0.1102841 0.1102841
0 0.8327306 0.0183924 0.1672694 0.2021959
0 0.8603041 0.0459659 0.1396959 0.1470488
0 0.8786865 0.0643482 0.1102841 0.1102841
0 0.8970688 0.0239071 0.1029312 0.2021959
0 0.9246424 0.0514806 0.0753576 0.1470488
0 0.9430247 0.0698629 0.0569753 0.1102841
