0 0.0000100 0.0000100 0.1047694 0.1378576
0 0.0000100 0.0000100 0.0771959 0.1102841
0 0.0000100 0.0000100 0.0588135 0.0919018
0 0.0000100 0.0386129 0.1930047 0.2021959
0 0.0147159 0.0000100 0.2021959 0.1544018
0 0.0183924 0.0661865 0.1470488 0.1470488
0 0.0367747 0.0845688 0.1102841 0.1102841
0 0.0422894 0.0000100 0.1470488 0.1268282
0 0.0459659 0.2665541 0.2021959 0.2021959
0 0.0588335 0.1378776 0.2021959 0.2021959
0 0.0606718 0.0000100 0.1102841 0.1084459
0 0.0735394 0.2941276 0.1470488 0.1470488
0 0.0864071 0.1654512 0.1470488 0.1470488
0 0.0919218 0.3125100 0.1102841 0.1102841
0 0.0992747 0.0257453 0.2021959 0.2021959
0 0.1011129 0.1305247 0.2021959 0.2021959
0 0.1047894 0.1838335 0.1102841 0.1102841
0 0.1194953 0.2481718 0.2021959 0.2021959
0 0.1268482 0.0533188 0.1470488 0.1470488
0 0.1286865 0.1580982 0.1470488 0.1470488
0 0.1452306 0.0717012 0.1102841 0.1102841
0 0.1470688 0.1764806 0.1102841 0.1102841
0 0.1470688 0.2757453 0.1470488 0.1470488
0 0.1654512 0.2941276 0.1102841 0.1102841
0 0.1967012 0.3860394 0.2021959 0.2021959
0 0.2095688 0.0000100 0.2021959 0.1930047
0 0.2114071 0.0808924 0.2021959 0.2021959
0 0.2187600 0.3198629 0.2021959 0.2021959
0 0.2242747 0.4136129 0.1470488 0.1470488
0 0.2371424 0.0183924 0.1470488 0.1470488
0 0.2389806 0.1084659 0.1470488 0.1470488
0 0.2426571 0.4319953 0.1102841 0.1102841
0 0.2463335 0.3474365 0.1470488 0.1470488
0 0.2555247 0.0367747 0.1102841 0.1102841
0 0.2573629 0.1268482 0.1102841 0.1102841
0 0.2573629 0.2812600 0.2021959 0.2021959
0 0.2647159 0.3658188 0.1102841 0.1102841
0 0.2683924 0.3989071 0.2021959 0.2021959
0 0.2739071 0.1507453 0.2021959 0.2021959
0 0.2849365 0.0000100 0.2021959 0.1948429
0 0.2849365 0.3088335 0.1470488 0.1470488
0 0.2959659 0.4264806 0.1470488 0.1470488
0 0.3014806 0.1783188 0.1470488 0.1470488
0 0.3033188 0.3272159 0.1102841 0.1102841
0 0.3069953 0.0900835 0.2021959 0.2021959
0 0.3125100 0.0202306 0.1470488 0.1470488
0 0.3143482 0.4448629 0.1102841 0.1102841
0 0.3198629 0.1967012 0.1102841 0.1102841
0 0.3235394 0.0367747 0.2021959 0.2021959
0 0.3235394 0.2132453 0.2021959 0.2021959
0 0.3308924 0.0386129 0.1102841 0.1102841
0 0.3345688 0.1176571 0.1470488 0.1470488
0 0.3511129 0.0643482 0.1470488 0.1470488
0 0.3511129 0.2408188 0.1470488 0.1470488
0 0.3529512 0.1360394 0.1102841 0.1102841
0 0.3694953 0.0827306 0.1102841 0.1102841
0 0.3694953 0.2592012 0.1102841 0.1102841
0 0.4797894 0.5367747 0.2757253 0.2757253
0 0.4908188 0.2279512 0.2021959 0.2021959
0 0.4963335 0.0239071 0.2021959 0.2021959
0 0.5165541 0.5735394 0.2021959 0.2021959
0 0.5183924 0.2555247 0.1470488 0.1470488
0 0.5239071 0.0514806 0.1470488 0.1470488
0 0.5367747 0.2739071 0.1102841 0.1102841
0 0.5422894 0.0698629 0.1102841 0.1102841
0 0.5441276 0.6011129 0.1470488 0.1470488
0 0.6819953 0.0000100 0.2021959 0.1672694
0 0.7095688 0.0000100 0.1470488 0.1396959
0 0.7279512 0.0110394 0.1102841 0.1102841
