0 0.0000100 0.0845688 0.1654312 0.2021959
0 0.0000100 0.1121424 0.1378576 0.1470488
0 0.0000100 0.2481718 0.1709459 0.2021959
0 0.0000100 0.2757453 0.1433724 0.1470488
0 0.0092012 0.1305247 0.1102841 0.1102841
0 0.0147159 0.2941276 0.1102841 0.1102841
0 0.0496424 0.0735394 0.2021959 0.2021959
0 0.0772159 0.1011129 0.1470488 0.1470488
0 0.0955982 0.1194953 0.1102841 0.1102841
0 0.1378776 0.2371424 0.2021959 0.2021959
0 0.1654512 0.2647159 0.1470488 0.1470488
0 0.1838335 0.2830982 0.1102841 0.1102841
0 0.1856718 0.1047894 0.2021959 0.2021959
0 0.2132453 0.1323629 0.1470488 0.1470488
0 0.2187600 0.1617747 0.2757253 0.2757253
0 0.2316276 0.1507453 0.1102841 0.1102841
0 0.2371424 0.0000100 0.2021959 0.1507253
0 0.2555247 0.1985394 0.2021959 0.2021959
0 0.2647159 0.0000100 0.1470488 0.1231518
0 0.2830982 0.0000100 0.1102841 0.1047694
0 0.2830982 0.2261129 0.1470488 0.1470488
0 0.3400835 0.0698629 0.2021959 0.2021959
0 0.3676571 0.0974365 0.1470488 0.1470488
0 0.3860394 0.1158188 0.1102841 0.1102841
0 0.4062600 0.1838335 0.2021959 0.2021959
0 0.4301571 0.0000100 0.2021959 0.1433724
0 0.4338335 0.2114071 0.1470488 0.1470488
0 0.4522159 0.2297894 0.1102841 0.1102841
0 0.4577306 0.0000100 0.1470488 0.1157988
0 0.4761129 0.0000100 0.1102841 0.0974165
0 0.7481718 0.1875100 0.2021959 0.2021959
0 0.7757453 0.2150835 0.1470488 0.1470488
0 0.7941276 0.2334659 0.1102841 0.1102841
