0 0.1654512 0.5055247 0.0919018 0.0919018
0 0.1911865 0.7058924 0.0919018 0.0919018
0 0.1930247 0.5606718 0.0919018 0.0919018
0 0.2150835 0.4871424 0.0919018 0.0919018
0 0.2849365 0.7904512 0.0919018 0.0919018
0 0.2886129 0.5330982 0.0919018 0.0919018
0 0.3088335 0.7334659 0.0919018 0.0919018
0 0.3364071 0.4007453 0.0919018 0.0919018
0 0.3437600 0.4485394 0.0919018 0.0919018
0 0.3547894 0.3529512 0.0919018 0.0919018
0 0.3897159 0.5092012 0.0919018 0.0919018
0 0.4025835 0.2647159 0.0919018 0.0919018
0 0.4650835 0.3566276 0.0919018 0.0919018
0 0.5073629 0.5055247 0.0919018 0.0919018
0 0.5772159 0.4724365 0.0919018 0.0919018
0 0.5864071 0.4117747 0.0919018 0.0919018
