0 0.0000100 0.0000100 0.1746224 0.1360194
0 0.0000100 0.0000100 0.1470488 0.1084459
0 0.0183924 0.0000100 0.1102841 0.0900635
0 0.0478041 0.0147159 0.2021959 0.2021959
0 0.0551571 0.0919218 0.2021959 0.2021959
0 0.0753776 0.0422894 0.1470488 0.1470488
0 0.0827306 0.1194953 0.1470488 0.1470488
0 0.0937600 0.0606718 0.1102841 0.1102841
0 0.1011129 0.1378776 0.1102841 0.1102841
0 0.3492747 0.4411865 0.2021959 0.2021959
0 0.3768482 0.4687600 0.1470488 0.1470488
0 0.3952306 0.4871424 0.1102841 0.1102841
