0 0.0000100 0.8658188 0.1856518 0.1341812
0 0.0018482 0.8143482 0.2021959 0.1856518
0 0.0110394 0.8933924 0.1470488 0.1066076
0 0.0239071 0.5514806 0.2757253 0.2757253
0 0.0294218 0.8419218 0.1470488 0.1470488
0 0.0294218 0.9117747 0.1102841 0.0882253
0 0.0404512 0.8823629 0.2021959 0.1176371
0 0.0478041 0.8603041 0.1102841 0.1102841
0 0.0514806 0.8014806 0.2021959 0.1985194
0 0.0606718 0.5882453 0.2021959 0.2021959
0 0.0680247 0.9099365 0.1470488 0.0900635
0 0.0790541 0.8290541 0.1470488 0.1470488
0 0.0808924 0.8308924 0.2021959 0.1691076
0 0.0864071 0.9283188 0.1102841 0.0716812
0 0.0882453 0.6158188 0.1470488 0.1470488
0 0.0974365 0.8474365 0.1102841 0.1102841
0 0.1084659 0.8584659 0.1470488 0.1415341
0 0.1268482 0.8768482 0.1102841 0.1102841
0 0.1985394 0.8419218 0.2021959 0.1580782
0 0.2261129 0.8694953 0.1470488 0.1305047
0 0.2444953 0.8878776 0.1102841 0.1102841
0 0.3217012 0.8474365 0.2021959 0.1525635
0 0.3364071 0.5055247 0.2021959 0.2021959
0 0.3492747 0.8750100 0.1470488 0.1249900
0 0.3639806 0.5330982 0.1470488 0.1470488
0 0.3676571 0.8933924 0.1102841 0.1066076
0 0.3823629 0.5514806 0.1102841 0.1102841
0 0.4025835 0.6231718 0.2021959 0.2021959
0 0.4136129 0.8474365 0.2021959 0.1525635
0 0.4228041 0.8970688 0.2021959 0.1029312
0 0.4246424 0.8014806 0.2021959 0.1985194
0 0.4301571 0.6507453 0.1470488 0.1470488
0 0.4411865 0.8750100 0.1470488 0.1249900
0 0.4485394 0.6691276 0.1102841 0.1102841
0 0.4503776 0.9246424 0.1470488 0.0753576
0 0.4522159 0.8290541 0.1470488 0.1470488
0 0.4540541 0.4908188 0.2021959 0.2021959
0 0.4595688 0.8933924 0.1102841 0.1066076
0 0.4687600 0.7996424 0.2021959 0.2003576
0 0.4687600 0.9430247 0.1102841 0.0569753
0 0.4705982 0.8474365 0.1102841 0.1102841
0 0.4742747 0.8768482 0.2021959 0.1231518
0 0.4816276 0.5183924 0.1470488 0.1470488
0 0.4853041 0.6360394 0.2021959 0.2021959
0 0.4871424 0.5478041 0.2021959 0.2021959
0 0.4908188 0.8161865 0.2021959 0.1838135
0 0.4963335 0.8272159 0.1470488 0.1470488
0 0.5000100 0.5367747 0.1102841 0.1102841
0 0.5018482 0.9044218 0.1470488 0.0955782
0 0.5128776 0.6636129 0.1470488 0.1470488
0 0.5147159 0.5753776 0.1470488 0.1470488
0 0.5147159 0.8455982 0.1102841 0.1102841
0 0.5183924 0.8437600 0.1470488 0.1470488
0 0.5202306 0.9228041 0.1102841 0.0771959
0 0.5239071 0.8143482 0.2021959 0.1856518
0 0.5312600 0.6819953 0.1102841 0.1102841
0 0.5330982 0.5937600 0.1102841 0.1102841
0 0.5367747 0.8621424 0.1102841 0.1102841
0 0.5514806 0.8419218 0.1470488 0.1470488
0 0.5606718 0.7242747 0.2021959 0.2021959
0 0.5698629 0.8603041 0.1102841 0.1102841
0 0.5808924 0.7739071 0.2021959 0.2021959
0 0.5882453 0.7518482 0.1470488 0.1470488
0 0.5900835 0.6764806 0.2021959 0.2021959
0 0.6066276 0.7702306 0.1102841 0.1102841
0 0.6084659 0.8014806 0.1470488 0.1470488
0 0.6121424 0.8621424 0.2021959 0.1378576
0 0.6176571 0.7040541 0.1470488 0.1470488
0 0.6268482 0.8198629 0.1102841 0.1102841
0 0.6342012 0.5753776 0.2021959 0.2021959
0 0.6360394 0.7224365 0.1102841 0.1102841
0 0.6397159 0.8897159 0.1470488 0.1102841
0 0.6452306 0.7757453 0.2021959 0.2021959
0 0.6580982 0.9080982 0.1102841 0.0919018
0 0.6617747 0.6029512 0.1470488 0.1470488
0 0.6691276 0.6525835 0.2021959 0.2021959
0 0.6728041 0.8033188 0.1470488 0.1470488
0 0.6801571 0.6213335 0.1102841 0.1102841
0 0.6911865 0.8217012 0.1102841 0.1102841
0 0.6967012 0.6801571 0.1470488 0.1470488
0 0.7150835 0.6985394 0.1102841 0.1102841
0 0.7224365 0.8603041 0.2021959 0.1396959
0 0.7500100 0.8878776 0.1470488 0.1121224
0 0.7683924 0.9062600 0.1102841 0.0937400
0 0.8235394 0.8750100 0.1764606 0.1249900
0 0.8511129 0.9025835 0.1470488 0.0974165
0 0.8694953 0.9209659 0.1102841 0.0790341
