0 0.4375100 0.0000100 0.2021959 0.1341812
0 0.4650835 0.0000100 0.1470488 0.1066076
0 0.4834659 0.0000100 0.1102841 0.0882253
0 0.5478041 0.0000100 0.2021959 0.1286665
0 0.5753776 0.0000100 0.1470488 0.1010929
0 0.5937600 0.0000100 0.1102841 0.0827106
0 0.8106718 0.0000100 0.1893282 0.1139606
0 0.8364071 0.2996424 0.1635929 0.2021959
0 0.8382453 0.0000100 0.1470488 0.0863871
0 0.8566276 0.0000100 0.1102841 0.0680047
0 0.8639806 0.3272159 0.1360194 0.1470488
0 0.8823629 0.3455982 0.1102841 0.1102841
