0 0.0000100 0.5459659 0.2426371 0.2757253
0 0.0000100 0.7058924 0.1691076 0.2021959
0 0.0000100 0.7334659 0.1415341 0.1470488
0 0.0018482 0.2978041 0.2021959 0.2021959
0 0.0036865 0.5827306 0.2021959 0.2021959
0 0.0128776 0.7518482 0.1102841 0.1102841
0 0.0294218 0.3253776 0.1470488 0.1470488
0 0.0312600 0.6103041 0.1470488 0.1470488
0 0.0478041 0.3437600 0.1102841 0.1102841
0 0.0717012 0.3437600 0.2021959 0.2021959
0 0.0974365 0.8382453 0.2021959 0.1617547
0 0.0992747 0.3713335 0.1470488 0.1470488
0 0.1047894 0.5569953 0.2021959 0.2021959
0 0.1176571 0.3897159 0.1102841 0.1102841
0 0.1250100 0.8658188 0.1470488 0.1341812
0 0.1305247 0.5606718 0.2021959 0.2021959
0 0.1323629 0.5845688 0.1470488 0.1470488
0 0.1433924 0.8842012 0.1102841 0.1102841
0 0.1507453 0.6029512 0.1102841 0.1102841
0 0.1580982 0.5882453 0.1470488 0.1470488
0 0.1764806 0.6066276 0.1102841 0.1102841
0 0.5000100 0.8511129 0.2021959 0.1488871
0 0.5275835 0.8786865 0.1470488 0.1213135
0 0.5459659 0.8970688 0.1102841 0.1029312
0 0.5606718 0.8603041 0.2021959 0.1396959
0 0.5882453 0.8878776 0.1470488 0.1121224
0 0.6066276 0.9062600 0.1102841 0.0937400
