0 0.0000100 0.2316276 0.0992547 0.1102841
0 0.0000100 0.6029512 0.0680047 0.0919018
0 0.0165541 0.0753776 0.0919018 0.0919018
0 0.0257453 0.3933924 0.0919018 0.0919018
0 0.0386129 0.4467012 0.0919018 0.0919018
0 0.0404512 0.8529512 0.0919018 0.0919018
0 0.0588335 0.0790541 0.0919018 0.0919018
0 0.0606718 0.6672894 0.0919018 0.0919018
0 0.0643482 0.7297894 0.0919018 0.0919018
0 0.0661865 0.0147159 0.0919018 0.0919018
0 0.0827306 0.0000100 0.0919018 0.0845488
0 0.1121424 0.6268482 0.0919018 0.0919018
0 0.1286865 0.9025835 0.0919018 0.0919018
0 0.1397159 0.7334659 0.0919018 0.0919018
0 0.1452306 0.6011129 0.0919018 0.0919018
0 0.1489071 0.7757453 0.0919018 0.0919018
0 0.1580982 0.6415541 0.0919018 0.0919018
0 0.2003776 0.6158188 0.0919018 0.0919018
0 0.2040541 0.9025835 0.0919018 0.0919018
0 0.2077306 0.8161865 0.0919018 0.0919018
0 0.2775835 0.8878776 0.0919018 0.0919018
0 0.2830982 0.8455982 0.0919018 0.0919018
0 0.2849365 0.7978041 0.0919018 0.0919018
0 0.2996424 0.4430247 0.0919018 0.0919018
0 0.3014806 0.5275835 0.0919018 0.0919018
0 0.3069953 0.7187600 0.1470488 0.1470488
0 0.3125100 0.9154512 0.0919018 0.0845488
0 0.3198629 0.4080982 0.0919018 0.0919018
0 0.3400835 0.2536865 0.0919018 0.0919018
0 0.3419218 0.9228041 0.0919018 0.0771959
0 0.3731718 0.0000100 0.0919018 0.0624900
0 0.3731718 0.3069953 0.0919018 0.0919018
0 0.3750100 0.3915541 0.0919018 0.0919018
0 0.4062600 0.1342012 0.0919018 0.0919018
0 0.4319953 0.8437600 0.0919018 0.0919018
0 0.4411865 0.9338335 0.0919018 0.0661665
0 0.4558924 0.0165541 0.0919018 0.0919018
0 0.4595688 0.3290541 0.0919018 0.0919018
0 0.4650835 0.2665541 0.0919018 0.0919018
0 0.4650835 0.9025835 0.0919018 0.0919018
0 0.4834659 0.4062600 0.1102841 0.1102841
0 0.4889806 0.0569953 0.0919018 0.0919018
0 0.5128776 0.1029512 0.0919018 0.0919018
0 0.5533188 0.3033188 0.0919018 0.0919018
0 0.6103041 0.4393482 0.0919018 0.0919018
0 0.6323629 0.5974365 0.0919018 0.0919018
0 0.6691276 0.2242747 0.1470488 0.1470488
0 0.6801571 0.6415541 0.0919018 0.0919018
0 0.6856718 0.5110394 0.0919018 0.0919018
0 0.7242747 0.6066276 0.0919018 0.0919018
0 0.7426571 0.0606718 0.0919018 0.0919018
0 0.7426571 0.5165541 0.0919018 0.0919018
0 0.7463335 0.4540541 0.0919018 0.0919018
0 0.7702306 0.2978041 0.0919018 0.0919018
0 0.7702306 0.3915541 0.0919018 0.0919018
0 0.7812600 0.3161865 0.0919018 0.0919018
0 0.8088335 0.3658188 0.0919018 0.0919018
0 0.8290541 0.3437600 0.0919018 0.0919018
0 0.8308924 0.2775835 0.0919018 0.0919018
0 0.8547894 0.4264806 0.0919018 0.0919018
0 0.8639806 0.5367747 0.0919018 0.0919018
0 0.8676571 0.6268482 0.1102841 0.1102841
0 0.8713335 0.2978041 0.0919018 0.0919018
0 0.8860394 0.4099365 0.0919018 0.0919018
0 0.9301571 0.2775835 0.0698429 0.0919018
0 0.9375100 0.4522159 0.0624900 0.0919018
