0 0.6194953 0.7592012 0.1470488 0.1470488
0 0.6470688 0.0514806 0.1470488 0.1470488
0 0.7628776 0.0680247 0.0919018 0.0919018
0 0.7702306 0.1066276 0.0919018 0.0919018
0 0.7739071 0.2500100 0.0919018 0.0919018
0 0.7996424 0.1489071 0.0919018 0.0919018
0 0.8143482 0.0496424 0.0919018 0.0919018
0 0.8198629 0.1176571 0.0919018 0.0919018
0 0.8529512 0.5698629 0.0919018 0.0919018
0 0.8639806 0.1360394 0.0919018 0.0919018
0 0.8731718 0.1819953 0.0919018 0.0919018
0 0.8823629 0.3161865 0.0919018 0.0919018
0 0.9283188 0.1525835 0.0716812 0.0919018
0 0.9411865 0.3069953 0.0588135 0.0919018
