0 0.0386129 0.3106718 0.2021959 0.2021959
0 0.0661865 0.3382453 0.1470488 0.1470488
0 0.0845688 0.3566276 0.1102841 0.1102841
0 0.0974365 0.2978041 0.2021959 0.2021959
0 0.1011129 0.0000100 0.2021959 0.1286665
0 0.1176571 0.7996424 0.2757253 0.2003576
0 0.1250100 0.3253776 0.1470488 0.1470488
0 0.1286865 0.0000100 0.1470488 0.1010929
0 0.1305247 0.6103041 0.2021959 0.2021959
0 0.1415541 0.2426571 0.2757253 0.2757253
0 0.1433924 0.3437600 0.1102841 0.1102841
0 0.1470688 0.0000100 0.1102841 0.0827106
0 0.1470688 0.0183924 0.2021959 0.2021959
0 0.1544218 0.8364071 0.2021959 0.1635929
0 0.1580982 0.6378776 0.1470488 0.1470488
0 0.1636129 0.5422894 0.2021959 0.2021959
0 0.1746424 0.0459659 0.1470488 0.1470488
0 0.1764806 0.6562600 0.1102841 0.1102841
0 0.1783188 0.2794218 0.2021959 0.2021959
0 0.1819953 0.8639806 0.1470488 0.1360194
0 0.1911865 0.5698629 0.1470488 0.1470488
0 0.1930247 0.0643482 0.1102841 0.1102841
0 0.1948629 0.0110394 0.2021959 0.2021959
0 0.2058924 0.3069953 0.1470488 0.1470488
0 0.2095688 0.5882453 0.1102841 0.1102841
0 0.2205982 0.1194953 0.2021959 0.2021959
0 0.2205982 0.5000100 0.2021959 0.2021959
0 0.2224365 0.0386129 0.1470488 0.1470488
0 0.2408188 0.0569953 0.1102841 0.1102841
0 0.2481718 0.1470688 0.1470488 0.1470488
0 0.2481718 0.5275835 0.1470488 0.1470488
0 0.2536865 0.4264806 0.2021959 0.2021959
0 0.2665541 0.1654512 0.1102841 0.1102841
0 0.2665541 0.5459659 0.1102841 0.1102841
0 0.2739071 0.1231718 0.2021959 0.2021959
0 0.2794218 0.7114071 0.2021959 0.2021959
0 0.2812600 0.4540541 0.1470488 0.1470488
0 0.2904512 0.0533188 0.2021959 0.2021959
0 0.2996424 0.4724365 0.1102841 0.1102841
0 0.3014806 0.1507453 0.1470488 0.1470488
0 0.3033188 0.8566276 0.2021959 0.1433724
0 0.3069953 0.7389806 0.1470488 0.1470488
0 0.3180247 0.0808924 0.1470488 0.1470488
0 0.3198629 0.1691276 0.1102841 0.1102841
0 0.3217012 0.0000100 0.2021959 0.1157988
0 0.3235394 0.0000100 0.2021959 0.1948429
0 0.3253776 0.7573629 0.1102841 0.1102841
0 0.3308924 0.8842012 0.1470488 0.1157988
0 0.3364071 0.0992747 0.1102841 0.1102841
0 0.3364071 0.3621424 0.2021959 0.2021959
0 0.3474365 0.0000100 0.2021959 0.1249900
0 0.3492747 0.0000100 0.1470488 0.0882253
0 0.3492747 0.9025835 0.1102841 0.0974165
0 0.3511129 0.0202306 0.1470488 0.1470488
0 0.3603041 0.7224365 0.2021959 0.2021959
0 0.3639806 0.3897159 0.1470488 0.1470488
0 0.3676571 0.0000100 0.1102841 0.0698429
0 0.3694953 0.0386129 0.1102841 0.1102841
0 0.3750100 0.0000100 0.1470488 0.0974165
0 0.3823629 0.4080982 0.1102841 0.1102841
0 0.3860394 0.0000100 0.2021959 0.1507253
0 0.3860394 0.4411865 0.2021959 0.2021959
0 0.3878776 0.7500100 0.1470488 0.1470488
0 0.3933924 0.0000100 0.1102841 0.0790341
0 0.4025835 0.1103041 0.2021959 0.2021959
0 0.4062600 0.7683924 0.1102841 0.1102841
0 0.4136129 0.0000100 0.1470488 0.1231518
0 0.4136129 0.4687600 0.1470488 0.1470488
0 0.4191276 0.4154512 0.2021959 0.2021959
0 0.4209659 0.0551571 0.2021959 0.2021959
0 0.4228041 0.2536865 0.2021959 0.2021959
0 0.4246424 0.0000100 0.2757253 0.1396959
0 0.4301571 0.1378776 0.1470488 0.1470488
0 0.4319953 0.0000100 0.1102841 0.1047694
0 0.4319953 0.2959659 0.2021959 0.2021959
0 0.4319953 0.4871424 0.1102841 0.1102841
0 0.4467012 0.0827306 0.2021959 0.2021959
0 0.4467012 0.4430247 0.1470488 0.1470488
0 0.4485394 0.0827306 0.1470488 0.1470488
0 0.4485394 0.1562600 0.1102841 0.1102841
0 0.4503776 0.2812600 0.1470488 0.1470488
0 0.4558924 0.0275835 0.2021959 0.2021959
0 0.4595688 0.3235394 0.1470488 0.1470488
0 0.4614071 0.0000100 0.2021959 0.1029312
0 0.4650835 0.4614071 0.1102841 0.1102841
0 0.4669218 0.1011129 0.1102841 0.1102841
0 0.4687600 0.2996424 0.1102841 0.1102841
0 0.4742747 0.1103041 0.1470488 0.1470488
0 0.4779512 0.3419218 0.1102841 0.1102841
0 0.4797894 0.3180247 0.2021959 0.2021959
0 0.4834659 0.0551571 0.1470488 0.1470488
0 0.4871424 0.0864071 0.2021959 0.2021959
0 0.4889806 0.0000100 0.1470488 0.0753576
0 0.4926571 0.1286865 0.1102841 0.1102841
0 0.4981718 0.4981718 0.2021959 0.2021959
0 0.5018482 0.0735394 0.1102841 0.1102841
0 0.5073629 0.3455982 0.1470488 0.1470488
0 0.5110394 0.0330982 0.2021959 0.2021959
0 0.5147159 0.1139806 0.1470488 0.1470488
0 0.5257453 0.3639806 0.1102841 0.1102841
0 0.5257453 0.5257453 0.1470488 0.1470488
0 0.5330982 0.1323629 0.1102841 0.1102841
0 0.5386129 0.0606718 0.1470488 0.1470488
0 0.5422894 0.0330982 0.2021959 0.2021959
0 0.5441276 0.5441276 0.1102841 0.1102841
0 0.5569953 0.0790541 0.1102841 0.1102841
0 0.5661865 0.1470688 0.2021959 0.2021959
0 0.5698629 0.0606718 0.1470488 0.1470488
0 0.5735394 0.2978041 0.2021959 0.2021959
0 0.5790541 0.1103041 0.2021959 0.2021959
0 0.5882453 0.0790541 0.1102841 0.1102841
0 0.5937600 0.1746424 0.1470488 0.1470488
0 0.6011129 0.3253776 0.1470488 0.1470488
0 0.6066276 0.1378776 0.1470488 0.1470488
0 0.6084659 0.0110394 0.2021959 0.2021959
0 0.6121424 0.1930247 0.1102841 0.1102841
0 0.6194953 0.3437600 0.1102841 0.1102841
0 0.6250100 0.1562600 0.1102841 0.1102841
0 0.6268482 0.0845688 0.2021959 0.2021959
0 0.6323629 0.1305247 0.2021959 0.2021959
0 0.6360394 0.0386129 0.1470488 0.1470488
0 0.6544218 0.0569953 0.1102841 0.1102841
0 0.6544218 0.1121424 0.1470488 0.1470488
0 0.6562600 0.0294218 0.2021959 0.2021959
0 0.6599365 0.1580982 0.1470488 0.1470488
0 0.6617747 0.0000100 0.2021959 0.1746224
0 0.6636129 0.0680247 0.2021959 0.2021959
0 0.6728041 0.1305247 0.1102841 0.1102841
0 0.6783188 0.1764806 0.1102841 0.1102841
0 0.6838335 0.0569953 0.1470488 0.1470488
0 0.6893482 0.0000100 0.1470488 0.1470488
0 0.6911865 0.0955982 0.1470488 0.1470488
0 0.6985394 0.0864071 0.2021959 0.2021959
0 0.7022159 0.0753776 0.1102841 0.1102841
0 0.7077306 0.0183924 0.1102841 0.1102841
0 0.7095688 0.1139806 0.1102841 0.1102841
0 0.7224365 0.1323629 0.2021959 0.2021959
0 0.7261129 0.1139806 0.1470488 0.1470488
0 0.7444953 0.0239071 0.2021959 0.2021959
0 0.7444953 0.1323629 0.1102841 0.1102841
0 0.7500100 0.1599365 0.1470488 0.1470488
0 0.7683924 0.1783188 0.1102841 0.1102841
0 0.7720688 0.0514806 0.1470488 0.1470488
0 0.7904512 0.0698629 0.1102841 0.1102841
0 0.8235394 0.0000100 0.1764606 0.1893282
0 0.8308924 0.0698629 0.1691076 0.2021959
0 0.8364071 0.3713335 0.1635929 0.2021959
0 0.8511129 0.0147159 0.1470488 0.1470488
0 0.8584659 0.0974365 0.1415341 0.1470488
0 0.8639806 0.3989071 0.1360194 0.1470488
0 0.8694953 0.0330982 0.1102841 0.1102841
0 0.8768482 0.0478041 0.1231518 0.2021959
0 0.8768482 0.1158188 0.1102841 0.1102841
0 0.8823629 0.4172894 0.1102841 0.1102841
0 0.8860394 0.0000100 0.1139606 0.1488871
0 0.9044218 0.0753776 0.0955782 0.1470488
0 0.9136129 0.0000100 0.0863871 0.1213135
0 0.9228041 0.0937600 0.0771959 0.1102841
0 0.9319953 0.0000100 0.0680047 0.1029312
