0 0.5882453 0.0000100 0.2021959 0.1801371
0 0.6158188 0.0055247 0.1470488 0.1470488
0 0.6342012 0.0239071 0.1102841 0.1102841
0 0.6893482 0.0000100 0.2021959 0.1838135
0 0.7114071 0.0000100 0.2757253 0.1580782
0 0.7169218 0.0092012 0.1470488 0.1470488
0 0.7353041 0.0275835 0.1102841 0.1102841
0 0.7481718 0.0000100 0.2021959 0.1213135
0 0.7757453 0.0000100 0.1470488 0.0937400
0 0.8106718 0.0000100 0.1893282 0.1874900
0 0.8290541 0.0000100 0.1709459 0.1488871
0 0.8308924 0.0000100 0.1691076 0.1139606
0 0.8382453 0.0128776 0.1470488 0.1470488
0 0.8474365 0.0000100 0.1525635 0.1047694
0 0.8566276 0.0000100 0.1433724 0.1213135
0 0.8566276 0.0312600 0.1102841 0.1102841
0 0.8584659 0.0000100 0.1415341 0.0863871
0 0.8750100 0.0000100 0.1249900 0.0771959
0 0.8750100 0.0000100 0.1102841 0.1029312
0 0.8768482 0.0000100 0.1102841 0.0680047
0 0.8823629 0.0000100 0.1176371 0.1782988
0 0.8933924 0.0000100 0.1066076 0.0588135
0 0.9099365 0.0036865 0.0900635 0.1470488
0 0.9283188 0.0220688 0.0716812 0.1102841
