0 0.5239071 0.5735394 0.2021959 0.2021959
0 0.5514806 0.6011129 0.1470488 0.1470488
0 0.5698629 0.6194953 0.1102841 0.1102841
0 0.6103041 0.5790541 0.2021959 0.2021959
0 0.6103041 0.6286865 0.2021959 0.2021959
0 0.6176571 0.5478041 0.2021959 0.2021959
0 0.6378776 0.6066276 0.1470488 0.1470488
0 0.6378776 0.6562600 0.1470488 0.1470488
0 0.6452306 0.5753776 0.1470488 0.1470488
0 0.6562600 0.5827306 0.2021959 0.2021959
0 0.6562600 0.6250100 0.1102841 0.1102841
0 0.6562600 0.6746424 0.1102841 0.1102841
0 0.6636129 0.5937600 0.1102841 0.1102841
0 0.6672894 0.7058924 0.2021959 0.2021959
0 0.6709659 0.4099365 0.2021959 0.2021959
0 0.6764806 0.6691276 0.2021959 0.2021959
0 0.6838335 0.6103041 0.1470488 0.1470488
0 0.6948629 0.7334659 0.1470488 0.1470488
0 0.6985394 0.4375100 0.1470488 0.1470488
0 0.7022159 0.6286865 0.1102841 0.1102841
0 0.7040541 0.6967012 0.1470488 0.1470488
0 0.7132453 0.7518482 0.1102841 0.1102841
0 0.7169218 0.3989071 0.2021959 0.2021959
0 0.7169218 0.4558924 0.1102841 0.1102841
0 0.7224365 0.7150835 0.1102841 0.1102841
0 0.7242747 0.3474365 0.2021959 0.2021959
0 0.7444953 0.4264806 0.1470488 0.1470488
0 0.7518482 0.3750100 0.1470488 0.1470488
0 0.7518482 0.5496424 0.2481518 0.2757253
0 0.7628776 0.4448629 0.1102841 0.1102841
0 0.7702306 0.3933924 0.1102841 0.1102841
0 0.7812600 0.4080982 0.2021959 0.2021959
0 0.7886129 0.5864071 0.2021959 0.2021959
0 0.8088335 0.4356718 0.1470488 0.1470488
0 0.8161865 0.6139806 0.1470488 0.1470488
0 0.8272159 0.4540541 0.1102841 0.1102841
0 0.8364071 0.3713335 0.1635929 0.2021959
0 0.8639806 0.3989071 0.1360194 0.1470488
0 0.8786865 0.3180247 0.1213135 0.2021959
0 0.8823629 0.4172894 0.1102841 0.1102841
0 0.9062600 0.3455982 0.0937400 0.1470488
0 0.9246424 0.3639806 0.0753576 0.1102841
