0 0.4007453 0.4889806 0.0919018 0.0919018
0 0.4044218 0.5661865 0.0919018 0.0919018
0 0.4319953 0.6121424 0.0919018 0.0919018
0 0.4853041 0.4687600 0.0919018 0.0919018
0 0.5036865 0.3455982 0.0919018 0.0919018
0 0.5478041 0.4577306 0.0919018 0.0919018
0 0.5606718 0.6029512 0.0919018 0.0919018
0 0.6286865 0.5661865 0.0919018 0.0919018
0 0.6489071 0.3419218 0.0919018 0.0919018
0 0.6636129 0.2867747 0.0919018 0.0919018
0 0.6654512 0.4981718 0.0919018 0.0919018
0 0.6672894 0.3217012 0.0919018 0.0919018
0 0.6728041 0.2444953 0.0919018 0.0919018
0 0.6801571 0.3658188 0.0919018 0.0919018
0 0.6819953 0.3952306 0.1470488 0.1470488
0 0.6967012 0.2941276 0.0919018 0.0919018
0 0.7187600 0.3676571 0.0919018 0.0919018
0 0.7224365 0.4797894 0.0919018 0.0919018
0 0.7426571 0.2886129 0.0919018 0.0919018
0 0.7904512 0.3327306 0.0919018 0.0919018
0 0.8033188 0.5330982 0.1102841 0.1102841
0 0.8088335 0.3290541 0.0919018 0.0919018
0 0.8603041 0.4191276 0.0919018 0.0919018
