0 0.3180247 0.5569953 0.0919018 0.0919018
0 0.3253776 0.6342012 0.0919018 0.0919018
0 0.3474365 0.9117747 0.0919018 0.0882253
0 0.4062600 0.4558924 0.0919018 0.0919018
0 0.4540541 0.8345688 0.0919018 0.0919018
0 0.4871424 0.3786865 0.0919018 0.0919018
0 0.5147159 0.5533188 0.0919018 0.0919018
0 0.5441276 0.2812600 0.0919018 0.0919018
0 0.5588335 0.7261129 0.0919018 0.0919018
0 0.5808924 0.8125100 0.0919018 0.0919018
0 0.5845688 0.3823629 0.0919018 0.0919018
0 0.5864071 0.3143482 0.0919018 0.0919018
0 0.6121424 0.2408188 0.0919018 0.0919018
0 0.6672894 0.8878776 0.0919018 0.0919018
0 0.6764806 0.2187600 0.0919018 0.0919018
0 0.6838335 0.5698629 0.0919018 0.0919018
0 0.7316276 0.2922894 0.0919018 0.0919018
0 0.7904512 0.4228041 0.0919018 0.0919018
0 0.7941276 0.5588335 0.1470488 0.1470488
0 0.8364071 0.3217012 0.0919018 0.0919018
0 0.8400835 0.1930247 0.0919018 0.0919018
0 0.8492747 0.2426571 0.0919018 0.0919018
0 0.8823629 0.2812600 0.0919018 0.0919018
0 0.9172894 0.3382453 0.0827106 0.0919018
