0 0.0000100 0.3529512 0.0588135 0.0919018
0 0.0000100 0.4540541 0.0514606 0.0919018
0 0.0165541 0.5827306 0.0919018 0.0919018
0 0.1397159 0.3492747 0.0919018 0.0919018
0 0.2114071 0.6121424 0.0919018 0.0919018
0 0.2114071 0.8161865 0.0919018 0.0919018
0 0.2794218 0.8327306 0.0919018 0.0919018
0 0.3033188 0.7886129 0.0919018 0.0919018
0 0.3125100 0.4467012 0.0919018 0.0919018
0 0.3400835 0.0367747 0.0919018 0.0919018
0 0.3713335 0.5606718 0.0919018 0.0919018
0 0.3731718 0.3455982 0.0919018 0.0919018
0 0.3897159 0.7444953 0.0919018 0.0919018
0 0.4319953 0.8180247 0.0919018 0.0919018
0 0.4503776 0.6525835 0.0919018 0.0919018
0 0.4503776 0.7169218 0.0919018 0.0919018
0 0.4540541 0.3547894 0.0919018 0.0919018
0 0.4540541 0.7518482 0.0919018 0.0919018
0 0.4614071 0.8382453 0.0919018 0.0919018
0 0.4816276 0.6709659 0.0919018 0.0919018
0 0.4853041 0.5845688 0.0919018 0.0919018
0 0.4871424 0.4540541 0.0919018 0.0919018
0 0.5294218 0.5992747 0.0919018 0.0919018
0 0.5698629 0.7959659 0.0919018 0.0919018
0 0.5900835 0.9228041 0.0919018 0.0771959
0 0.5937600 0.7481718 0.0919018 0.0919018
0 0.6029512 0.4889806 0.0919018 0.0919018
0 0.6047894 0.3492747 0.1470488 0.1470488
0 0.6158188 0.9228041 0.0919018 0.0771959
0 0.6489071 0.8308924 0.0919018 0.0919018
0 0.6544218 0.9172894 0.0919018 0.0827106
0 0.6617747 0.8768482 0.0919018 0.0919018
0 0.6636129 0.7444953 0.1470488 0.1470488
0 0.6672894 0.4411865 0.0919018 0.0919018
0 0.6875100 0.8786865 0.0919018 0.0919018
0 0.7040541 0.3713335 0.0919018 0.0919018
0 0.7187600 0.7114071 0.0919018 0.0919018
0 0.7205982 0.6672894 0.0919018 0.0919018
0 0.7279512 0.1103041 0.0919018 0.0919018
0 0.7279512 0.8731718 0.0919018 0.0919018
0 0.7444953 0.8106718 0.0919018 0.0919018
0 0.7481718 0.6599365 0.0919018 0.0919018
0 0.7592012 0.8989071 0.0919018 0.0919018
0 0.7683924 0.5790541 0.0919018 0.0919018
0 0.7739071 0.4393482 0.0919018 0.0919018
0 0.7867747 0.3161865 0.0919018 0.0919018
0 0.7904512 0.7536865 0.0919018 0.0919018
0 0.7978041 0.8511129 0.0919018 0.0919018
0 0.8161865 0.6728041 0.0919018 0.0919018
0 0.8217012 0.9283188 0.0919018 0.0716812
0 0.8290541 0.3033188 0.0919018 0.0919018
0 0.8308924 0.6507453 0.0919018 0.0919018
0 0.8455982 0.8327306 0.0919018 0.0919018
0 0.8603041 0.7481718 0.0919018 0.0919018
0 0.8658188 0.8842012 0.0919018 0.0919018
0 0.8860394 0.6250100 0.0919018 0.0919018
0 0.8897159 0.7665541 0.0919018 0.0919018
0 0.8915541 0.9228041 0.0919018 0.0771959
0 0.8933924 0.3106718 0.0919018 0.0919018
0 0.8970688 0.2297894 0.0919018 0.0919018
0 0.9025835 0.4191276 0.0919018 0.0919018
0 0.9044218 0.2830982 0.0919018 0.0919018
0 0.9356718 0.8345688 0.0643282 0.0919018
0 0.9467012 0.5551571 0.0532988 0.0919018
0 0.9485394 0.5882453 0.0514606 0.0919018
