0 0.0000100 0.0349365 0.1874900 0.2757253
0 0.0000100 0.0717012 0.1507253 0.2021959
0 0.0000100 0.0992747 0.1231518 0.1470488
0 0.0000100 0.1875100 0.1709459 0.2021959
0 0.0000100 0.2132453 0.1985194 0.2021959
0 0.0000100 0.2150835 0.1433724 0.1470488
0 0.0000100 0.2426571 0.1893282 0.2021959
0 0.0000100 0.3529512 0.1433724 0.2757253
0 0.0000100 0.3897159 0.1066076 0.2021959
0 0.0000100 0.4172894 0.0790341 0.1470488
0 0.0000100 0.4228041 0.1635929 0.2021959
0 0.0000100 0.4503776 0.1360194 0.1470488
0 0.0000100 0.4522159 0.1066076 0.2021959
0 0.0000100 0.4797894 0.0790341 0.1470488
0 0.0000100 0.4981718 0.0606518 0.1102841
0 0.0000100 0.5386129 0.1801371 0.2021959
0 0.0000100 0.6764806 0.1507253 0.2757253
0 0.0000100 0.7132453 0.1139606 0.2021959
0 0.0000100 0.7408188 0.0863871 0.1470488
0 0.0000100 0.8088335 0.1010929 0.1911665
0 0.0000100 0.8364071 0.0735194 0.1470488
0 0.0000100 0.8547894 0.0551371 0.1102841
0 0.0036865 0.2683924 0.2021959 0.2021959
0 0.0055247 0.5661865 0.1470488 0.1470488
0 0.0073629 0.4687600 0.1102841 0.1102841
0 0.0147159 0.2334659 0.1102841 0.1102841
0 0.0147159 0.2702306 0.1470488 0.1470488
0 0.0239071 0.2408188 0.1470488 0.1470488
0 0.0239071 0.5845688 0.1102841 0.1102841
0 0.0275835 0.2205982 0.2021959 0.2021959
0 0.0312600 0.2959659 0.1470488 0.1470488
0 0.0330982 0.2886129 0.1102841 0.1102841
0 0.0349365 0.2592012 0.2021959 0.2021959
0 0.0422894 0.2592012 0.1102841 0.1102841
0 0.0478041 0.4853041 0.2021959 0.2021959
0 0.0496424 0.3143482 0.1102841 0.1102841
0 0.0551571 0.2481718 0.1470488 0.1470488
0 0.0625100 0.2867747 0.1470488 0.1470488
0 0.0735394 0.2665541 0.1102841 0.1102841
0 0.0753776 0.5128776 0.1470488 0.1470488
0 0.0772159 0.5092012 0.2021959 0.2021959
0 0.0808924 0.3051571 0.1102841 0.1102841
0 0.0937600 0.5312600 0.1102841 0.1102841
0 0.1047894 0.5367747 0.1470488 0.1470488
0 0.1231718 0.5551571 0.1102841 0.1102841
0 0.2665541 0.2573629 0.2757253 0.2757253
0 0.3033188 0.2941276 0.2021959 0.2021959
0 0.3308924 0.3217012 0.1470488 0.1470488
0 0.3492747 0.0000100 0.2757253 0.2205782
0 0.3860394 0.0000100 0.2021959 0.1838135
0 0.4136129 0.0092012 0.1470488 0.1470488
