0 0.0000100 0.2536865 0.2058724 0.2757253
0 0.0000100 0.2904512 0.1691076 0.2021959
0 0.0000100 0.3180247 0.1415341 0.1470488
0 0.0147159 0.5036865 0.2021959 0.2021959
0 0.0422894 0.5312600 0.1470488 0.1470488
0 0.0606718 0.5496424 0.1102841 0.1102841
0 0.3786865 0.3308924 0.2021959 0.2021959
0 0.4062600 0.3584659 0.1470488 0.1470488
0 0.4246424 0.3768482 0.1102841 0.1102841
0 0.7886129 0.6121424 0.2113871 0.2757253
0 0.8253776 0.6489071 0.1746224 0.2021959
0 0.8529512 0.6764806 0.1470488 0.1470488
