0 0.0441276 0.4099365 0.2021959 0.2021959
0 0.0698629 0.7739071 0.2021959 0.2021959
0 0.0717012 0.4375100 0.1470488 0.1470488
0 0.0900835 0.4558924 0.1102841 0.1102841
0 0.0974365 0.8014806 0.1470488 0.1470488
0 0.1158188 0.8198629 0.1102841 0.1102841
0 0.2371424 0.0000100 0.2021959 0.1856518
0 0.2647159 0.0110394 0.1470488 0.1470488
0 0.2830982 0.0294218 0.1102841 0.1102841
0 0.2978041 0.2996424 0.2021959 0.2021959
0 0.3253776 0.3272159 0.1470488 0.1470488
0 0.3437600 0.3455982 0.1102841 0.1102841
0 0.4853041 0.3125100 0.2021959 0.2021959
0 0.5128776 0.3400835 0.1470488 0.1470488
0 0.5312600 0.3584659 0.1102841 0.1102841
0 0.7978041 0.1323629 0.2021959 0.2021959
0 0.8253776 0.1599365 0.1470488 0.1470488
0 0.8437600 0.1783188 0.1102841 0.1102841
