0 0.0000100 0.0000100 0.1121224 0.1323429
0 0.0000100 0.0000100 0.0845488 0.1047694
0 0.0000100 0.0000100 0.0661665 0.0863871
0 0.0000100 0.0496424 0.1286665 0.2021959
0 0.0000100 0.0772159 0.1010929 0.1470488
0 0.0000100 0.0955982 0.0827106 0.1102841
0 0.0000100 0.1194953 0.1746224 0.2021959
0 0.0000100 0.1470688 0.1507253 0.2021959
0 0.0000100 0.1470688 0.1470488 0.1470488
0 0.0000100 0.1746424 0.1231518 0.1470488
0 0.0000100 0.1930247 0.1047694 0.1102841
0 0.0183924 0.1654512 0.1102841 0.1102841
0 0.3694953 0.5367747 0.2757253 0.2757253
0 0.4062600 0.5735394 0.2021959 0.2021959
0 0.4338335 0.6011129 0.1470488 0.1470488
0 0.4558924 0.1489071 0.2757253 0.2757253
0 0.4926571 0.1856718 0.2021959 0.2021959
0 0.5202306 0.2132453 0.1470488 0.1470488
0 0.8915541 0.7389806 0.1084459 0.2021959
0 0.9191276 0.7665541 0.0808724 0.1470488
0 0.9375100 0.7849365 0.0624900 0.1102841
