0 0.0000100 0.0275835 0.0680047 0.0919018
0 0.0000100 0.2353041 0.0569753 0.0919018
0 0.0000100 0.5569953 0.0532988 0.0919018
0 0.0202306 0.0735394 0.0919018 0.0919018
0 0.0386129 0.6654512 0.1102841 0.1102841
0 0.0386129 0.7867747 0.0919018 0.0919018
0 0.0514806 0.2702306 0.1470488 0.1470488
0 0.0569953 0.1305247 0.0919018 0.0919018
0 0.0625100 0.0000100 0.0919018 0.0919018
0 0.0753776 0.4044218 0.0919018 0.0919018
0 0.0882453 0.3676571 0.0919018 0.0919018
0 0.0955982 0.6893482 0.0919018 0.0919018
0 0.1342012 0.9338335 0.0919018 0.0661665
0 0.1433924 0.0000100 0.0919018 0.0882253
0 0.1801571 0.5974365 0.0919018 0.0919018
0 0.1911865 0.2536865 0.0919018 0.0919018
0 0.1911865 0.8088335 0.0919018 0.0919018
0 0.1948629 0.1011129 0.0919018 0.0919018
0 0.2077306 0.1911865 0.0919018 0.0919018
0 0.3088335 0.7739071 0.0919018 0.0919018
0 0.3198629 0.5147159 0.0919018 0.0919018
0 0.3290541 0.6636129 0.0919018 0.0919018
0 0.3455982 0.1985394 0.0919018 0.0919018
0 0.3603041 0.7003776 0.0919018 0.0919018
0 0.3676571 0.0000100 0.0919018 0.0845488
0 0.4301571 0.8217012 0.0919018 0.0919018
0 0.4632453 0.1838335 0.0919018 0.0919018
0 0.4705982 0.0275835 0.0919018 0.0919018
0 0.4944953 0.6967012 0.0919018 0.0919018
0 0.5496424 0.7775835 0.0919018 0.0919018
0 0.5551571 0.1507453 0.0919018 0.0919018
0 0.5882453 0.6985394 0.0919018 0.0919018
0 0.6066276 0.2426571 0.0919018 0.0919018
0 0.6746424 0.3125100 0.0919018 0.0919018
0 0.6856718 0.0625100 0.0919018 0.0919018
0 0.7187600 0.8915541 0.0919018 0.0919018
0 0.7371424 0.1875100 0.0919018 0.0919018
0 0.7536865 0.6103041 0.0919018 0.0919018
0 0.7610394 0.3805247 0.0919018 0.0919018
0 0.7610394 0.5165541 0.0919018 0.0919018
0 0.8419218 0.2922894 0.0919018 0.0919018
0 0.8639806 0.3547894 0.0919018 0.0919018
0 0.9154512 0.0147159 0.0845488 0.0919018
