0 0.0790541 0.3088335 0.0919018 0.0919018
0 0.1176571 0.0772159 0.0919018 0.0919018
0 0.2536865 0.2959659 0.0919018 0.0919018
0 0.3125100 0.1728041 0.0919018 0.0919018
0 0.3125100 0.5165541 0.0919018 0.0919018
0 0.4356718 0.0000100 0.0919018 0.0900635
0 0.4705982 0.2040541 0.0919018 0.0919018
0 0.4761129 0.8474365 0.0919018 0.0919018
0 0.5827306 0.0808924 0.0919018 0.0919018
0 0.6231718 0.0000100 0.0919018 0.0569753
0 0.6636129 0.2739071 0.0919018 0.0919018
0 0.6672894 0.5514806 0.0919018 0.0919018
0 0.7150835 0.6562600 0.0919018 0.0919018
0 0.8143482 0.3786865 0.0919018 0.0919018
0 0.8345688 0.7481718 0.0919018 0.0919018
0 0.9136129 0.5349365 0.0863871 0.0919018
0 0.9209659 0.1617747 0.0790341 0.0919018
0 0.9228041 0.5955982 0.0771959 0.0919018
