0 0.2573629 0.5165541 0.0919018 0.0919018
0 0.3419218 0.7481718 0.0919018 0.0919018
0 0.3676571 0.4595688 0.0919018 0.0919018
0 0.3750100 0.6029512 0.0919018 0.0919018
0 0.4099365 0.8768482 0.0919018 0.0919018
0 0.4411865 0.5036865 0.0919018 0.0919018
0 0.5183924 0.8106718 0.0919018 0.0919018
0 0.5239071 0.6948629 0.0919018 0.0919018
0 0.5551571 0.5717012 0.0919018 0.0919018
0 0.6323629 0.8014806 0.0919018 0.0919018
0 0.6911865 0.6764806 0.0919018 0.0919018
0 0.8511129 0.8198629 0.0919018 0.0919018
0 0.8805247 0.6433924 0.0919018 0.0919018
0 0.9356718 0.8437600 0.0643282 0.0919018
