0 0.0000100 0.6103041 0.0808724 0.0919018
0 0.0000100 0.7169218 0.0900635 0.0919018
0 0.0000100 0.7242747 0.0606518 0.0919018
0 0.0000100 0.7518482 0.0771959 0.0919018
0 0.0000100 0.8327306 0.0882253 0.0919018
0 0.0000100 0.8603041 0.0882253 0.0919018
0 0.0000100 0.8860394 0.0569753 0.0919018
0 0.0165541 0.8069953 0.0919018 0.0919018
0 0.0165541 0.8933924 0.0919018 0.0919018
0 0.0441276 0.6047894 0.0919018 0.0919018
0 0.0551571 0.6875100 0.0919018 0.0919018
0 0.1728041 0.8989071 0.0919018 0.0919018
0 0.1746424 0.5000100 0.0919018 0.0919018
0 0.2022159 0.6121424 0.0919018 0.0919018
0 0.2022159 0.9503776 0.0919018 0.0496224
0 0.2058924 0.8161865 0.1470488 0.1470488
0 0.2297894 0.7941276 0.0919018 0.0919018
0 0.2371424 0.5441276 0.0919018 0.0919018
0 0.2481718 0.6783188 0.1102841 0.1102841
0 0.2720688 0.5036865 0.0919018 0.0919018
0 0.2849365 0.7408188 0.0919018 0.0919018
0 0.2904512 0.6801571 0.0919018 0.0919018
0 0.2922894 0.0000100 0.1102841 0.0680047
0 0.2922894 0.8198629 0.0919018 0.0919018
0 0.2978041 0.7867747 0.0919018 0.0919018
0 0.3437600 0.8069953 0.0919018 0.0919018
0 0.3492747 0.7555247 0.0919018 0.0919018
0 0.3639806 0.6139806 0.0919018 0.0919018
0 0.4154512 0.4467012 0.0919018 0.0919018
0 0.4283188 0.3327306 0.1102841 0.1102841
0 0.4430247 0.5808924 0.0919018 0.0919018
0 0.4577306 0.5514806 0.0919018 0.0919018
0 0.4632453 0.3952306 0.0919018 0.0919018
0 0.4650835 0.6838335 0.0919018 0.0919018
0 0.4853041 0.6819953 0.1102841 0.1102841
0 0.4871424 0.3400835 0.0919018 0.0919018
0 0.5018482 0.5036865 0.0919018 0.0919018
0 0.5220688 0.5827306 0.0919018 0.0919018
0 0.5257453 0.0441276 0.0919018 0.0919018
0 0.5257453 0.3639806 0.0919018 0.0919018
0 0.5367747 0.1231718 0.0919018 0.0919018
0 0.5551571 0.5643482 0.0919018 0.0919018
0 0.5569953 0.4025835 0.0919018 0.0919018
0 0.5680247 0.5055247 0.0919018 0.0919018
0 0.6121424 0.0000100 0.0919018 0.0753576
0 0.6250100 0.1709659 0.0919018 0.0919018
0 0.6397159 0.2169218 0.0919018 0.0919018
