0 0.3915541 0.5790541 0.0919018 0.0919018
0 0.4025835 0.6489071 0.0919018 0.0919018
0 0.4117747 0.9154512 0.0919018 0.0845488
0 0.5275835 0.8014806 0.0919018 0.0919018
0 0.5386129 0.6158188 0.0919018 0.0919018
0 0.5661865 0.7114071 0.0919018 0.0919018
0 0.5882453 0.7647159 0.0919018 0.0919018
0 0.5974365 0.7132453 0.0919018 0.0919018
0 0.6011129 0.9191276 0.0919018 0.0808724
0 0.6066276 0.2500100 0.0919018 0.0919018
0 0.6121424 0.6452306 0.0919018 0.0919018
0 0.6397159 0.2739071 0.0919018 0.0919018
0 0.6544218 0.7114071 0.0919018 0.0919018
0 0.6580982 0.6728041 0.0919018 0.0919018
0 0.6599365 0.7830982 0.0919018 0.0919018
0 0.6599365 0.9099365 0.0919018 0.0900635
0 0.6617747 0.8364071 0.0919018 0.0919018
0 0.6691276 0.9485394 0.0919018 0.0514606
0 0.6838335 0.8455982 0.0919018 0.0919018
0 0.7187600 0.8125100 0.1470488 0.1470488
