0 0.7132453 0.5404512 0.2021959 0.2021959
0 0.7353041 0.4154512 0.2021959 0.2021959
0 0.7408188 0.5680247 0.1470488 0.1470488
0 0.7573629 0.3658188 0.2021959 0.2021959
0 0.7592012 0.5864071 0.1102841 0.1102841
0 0.7628776 0.4430247 0.1470488 0.1470488
0 0.7794218 0.5036865 0.2021959 0.2021959
0 0.7812600 0.4614071 0.1102841 0.1102841
0 0.7830982 0.5551571 0.2021959 0.2021959
0 0.7849365 0.3933924 0.1470488 0.1470488
0 0.8033188 0.4117747 0.1102841 0.1102841
0 0.8069953 0.5312600 0.1470488 0.1470488
0 0.8106718 0.5827306 0.1470488 0.1470488
0 0.8235394 0.2904512 0.1764606 0.2757253
0 0.8253776 0.5496424 0.1102841 0.1102841
0 0.8253776 0.5974365 0.1746224 0.2021959
0 0.8290541 0.6011129 0.1102841 0.1102841
0 0.8529512 0.6250100 0.1470488 0.1470488
0 0.8603041 0.3272159 0.1396959 0.2021959
0 0.8713335 0.6433924 0.1102841 0.1102841
0 0.8878776 0.3547894 0.1121224 0.1470488
0 0.8878776 0.4117747 0.1121224 0.2021959
0 0.9154512 0.4393482 0.0845488 0.1470488
0 0.9338335 0.4577306 0.0661665 0.1102841
