0 0.0239071 0.0000100 0.0919018 0.0771959
0 0.1029512 0.1084659 0.1470488 0.1470488
0 0.1029512 0.5239071 0.0919018 0.0919018
0 0.1231718 0.1856718 0.0919018 0.0919018
0 0.1378776 0.2518482 0.0919018 0.0919018
0 0.1397159 0.5845688 0.0919018 0.0919018
0 0.1764806 0.4411865 0.1470488 0.1470488
0 0.1801571 0.2334659 0.0919018 0.0919018
0 0.2224365 0.2665541 0.0919018 0.0919018
0 0.2481718 0.3529512 0.0919018 0.0919018
0 0.2683924 0.4908188 0.0919018 0.0919018
0 0.3051571 0.6011129 0.0919018 0.0919018
0 0.3253776 0.4614071 0.0919018 0.0919018
0 0.3437600 0.5239071 0.0919018 0.0919018
0 0.3547894 0.4356718 0.0919018 0.0919018
