0 0.1967012 0.7647159 0.2021959 0.2021959
0 0.2224365 0.5864071 0.2021959 0.2021959
0 0.2224365 0.6636129 0.2021959 0.2021959
0 0.2242747 0.7922894 0.1470488 0.1470488
0 0.2389806 0.7150835 0.2021959 0.2021959
0 0.2426571 0.8106718 0.1102841 0.1102841
0 0.2500100 0.6139806 0.1470488 0.1470488
0 0.2500100 0.6911865 0.1470488 0.1470488
0 0.2665541 0.7426571 0.1470488 0.1470488
0 0.2683924 0.6323629 0.1102841 0.1102841
0 0.2683924 0.7095688 0.1102841 0.1102841
0 0.2830982 0.6911865 0.2021959 0.2021959
0 0.2849365 0.7610394 0.1102841 0.1102841
0 0.3106718 0.7187600 0.1470488 0.1470488
0 0.3290541 0.7371424 0.1102841 0.1102841
0 0.3364071 0.7132453 0.2757253 0.2757253
0 0.3437600 0.6580982 0.2021959 0.2021959
0 0.3455982 0.8933924 0.2021959 0.1066076
0 0.3713335 0.6856718 0.1470488 0.1470488
0 0.3731718 0.7500100 0.2021959 0.2021959
0 0.3731718 0.9209659 0.1470488 0.0790341
0 0.3897159 0.7040541 0.1102841 0.1102841
0 0.3915541 0.9393482 0.1102841 0.0606518
0 0.3970688 0.8345688 0.2021959 0.1654312
0 0.4007453 0.7775835 0.1470488 0.1470488
0 0.4228041 0.8768482 0.2021959 0.1231518
0 0.4246424 0.8621424 0.1470488 0.1378576
0 0.4430247 0.8805247 0.1102841 0.1102841
0 0.4503776 0.9044218 0.1470488 0.0955782
0 0.4687600 0.9228041 0.1102841 0.0771959
0 0.5808924 0.3676571 0.2021959 0.2021959
0 0.6084659 0.3952306 0.1470488 0.1470488
0 0.6194953 0.3547894 0.2021959 0.2021959
0 0.6268482 0.4136129 0.1102841 0.1102841
0 0.6323629 0.2830982 0.2021959 0.2021959
0 0.6470688 0.3823629 0.1470488 0.1470488
0 0.6544218 0.3125100 0.2021959 0.2021959
0 0.6599365 0.3106718 0.1470488 0.1470488
0 0.6654512 0.4007453 0.1102841 0.1102841
0 0.6728041 0.3400835 0.2021959 0.2021959
0 0.6746424 0.2665541 0.2021959 0.2021959
0 0.6783188 0.3290541 0.1102841 0.1102841
0 0.6819953 0.3400835 0.1470488 0.1470488
0 0.7003776 0.3584659 0.1102841 0.1102841
0 0.7003776 0.3676571 0.1470488 0.1470488
0 0.7022159 0.2941276 0.1470488 0.1470488
0 0.7187600 0.3860394 0.1102841 0.1102841
0 0.7205982 0.3033188 0.2021959 0.2021959
0 0.7205982 0.3125100 0.1102841 0.1102841
0 0.7334659 0.2500100 0.2021959 0.2021959
0 0.7481718 0.3308924 0.1470488 0.1470488
0 0.7610394 0.2775835 0.1470488 0.1470488
0 0.7665541 0.3492747 0.1102841 0.1102841
0 0.7794218 0.2959659 0.1102841 0.1102841
