0 0.0000100 0.5974365 0.2371224 0.2757253
0 0.0000100 0.6342012 0.2003576 0.2021959
0 0.0202306 0.2757453 0.2021959 0.2021959
0 0.0257453 0.6617747 0.1470488 0.1470488
0 0.0478041 0.3033188 0.1470488 0.1470488
0 0.0661865 0.3217012 0.1102841 0.1102841
0 0.0955982 0.3272159 0.2757253 0.2757253
0 0.1323629 0.3639806 0.2021959 0.2021959
0 0.1452306 0.4779512 0.2021959 0.2021959
0 0.1599365 0.3915541 0.1470488 0.1470488
0 0.1728041 0.5055247 0.1470488 0.1470488
0 0.1838335 0.7702306 0.2757253 0.2297694
0 0.1911865 0.5239071 0.1102841 0.1102841
0 0.2205982 0.8069953 0.2021959 0.1930047
0 0.2371424 0.6617747 0.2021959 0.2021959
0 0.2481718 0.8345688 0.1470488 0.1470488
0 0.2647159 0.6893482 0.1470488 0.1470488
0 0.2830982 0.7077306 0.1102841 0.1102841
