0 0.0000100 0.5845688 0.1231518 0.2021959
0 0.0000100 0.6121424 0.0955782 0.1470488
0 0.0000100 0.6305247 0.0771959 0.1102841
0 0.0312600 0.6801571 0.2021959 0.2021959
0 0.0588335 0.7077306 0.1470488 0.1470488
0 0.0772159 0.7261129 0.1102841 0.1102841
0 0.1305247 0.7444953 0.2021959 0.2021959
0 0.1433924 0.2389806 0.2021959 0.2021959
0 0.1580982 0.7720688 0.1470488 0.1470488
0 0.1617747 0.6323629 0.2021959 0.2021959
0 0.1709659 0.2665541 0.1470488 0.1470488
0 0.1764806 0.7904512 0.1102841 0.1102841
0 0.1838335 0.8603041 0.2021959 0.1396959
0 0.1893482 0.2849365 0.1102841 0.1102841
0 0.1893482 0.6599365 0.1470488 0.1470488
0 0.2077306 0.6783188 0.1102841 0.1102841
0 0.2114071 0.8878776 0.1470488 0.1121224
0 0.2297894 0.9062600 0.1102841 0.0937400
0 0.2555247 0.0974365 0.2021959 0.2021959
0 0.2702306 0.5018482 0.2021959 0.2021959
0 0.2830982 0.1250100 0.1470488 0.1470488
0 0.2830982 0.2702306 0.2021959 0.2021959
0 0.2886129 0.7408188 0.2021959 0.2021959
0 0.2904512 0.0000100 0.2021959 0.1727841
0 0.2978041 0.5294218 0.1470488 0.1470488
0 0.3014806 0.1433924 0.1102841 0.1102841
0 0.3106718 0.2978041 0.1470488 0.1470488
0 0.3161865 0.5478041 0.1102841 0.1102841
0 0.3161865 0.7683924 0.1470488 0.1470488
0 0.3180247 0.0000100 0.1470488 0.1452106
0 0.3290541 0.3161865 0.1102841 0.1102841
0 0.3345688 0.7867747 0.1102841 0.1102841
0 0.3364071 0.0165541 0.1102841 0.1102841
0 0.3639806 0.8731718 0.2021959 0.1268282
0 0.3915541 0.9007453 0.1470488 0.0992547
0 0.4099365 0.1286865 0.2021959 0.2021959
0 0.4099365 0.6801571 0.2021959 0.2021959
0 0.4099365 0.9191276 0.1102841 0.0808724
0 0.4154512 0.2702306 0.2021959 0.2021959
0 0.4301571 0.4025835 0.2021959 0.2021959
0 0.4356718 0.0110394 0.2021959 0.2021959
0 0.4375100 0.1562600 0.1470488 0.1470488
0 0.4375100 0.7077306 0.1470488 0.1470488
0 0.4430247 0.2978041 0.1470488 0.1470488
0 0.4448629 0.5312600 0.2021959 0.2021959
0 0.4558924 0.1746424 0.1102841 0.1102841
0 0.4558924 0.7261129 0.1102841 0.1102841
0 0.4577306 0.4301571 0.1470488 0.1470488
0 0.4614071 0.3161865 0.1102841 0.1102841
0 0.4632453 0.0386129 0.1470488 0.1470488
0 0.4724365 0.5588335 0.1470488 0.1470488
0 0.4761129 0.4485394 0.1102841 0.1102841
0 0.4816276 0.0569953 0.1102841 0.1102841
0 0.4853041 0.0735394 0.2021959 0.2021959
0 0.4908188 0.5772159 0.1102841 0.1102841
0 0.5128776 0.1011129 0.1470488 0.1470488
0 0.5202306 0.8529512 0.2021959 0.1470488
0 0.5312600 0.1194953 0.1102841 0.1102841
0 0.5478041 0.8805247 0.1470488 0.1194753
0 0.5533188 0.3364071 0.2021959 0.2021959
0 0.5551571 0.6728041 0.2021959 0.2021959
0 0.5661865 0.8989071 0.1102841 0.1010929
0 0.5735394 0.5845688 0.2021959 0.2021959
0 0.5808924 0.3639806 0.1470488 0.1470488
0 0.5827306 0.7003776 0.1470488 0.1470488
0 0.5992747 0.3823629 0.1102841 0.1102841
0 0.6011129 0.6121424 0.1470488 0.1470488
0 0.6011129 0.7187600 0.1102841 0.1102841
0 0.6084659 0.4154512 0.2021959 0.2021959
0 0.6194953 0.6305247 0.1102841 0.1102841
0 0.6250100 0.1856718 0.2021959 0.2021959
0 0.6360394 0.4430247 0.1470488 0.1470488
0 0.6525835 0.2132453 0.1470488 0.1470488
0 0.6544218 0.4614071 0.1102841 0.1102841
0 0.6544218 0.5606718 0.2021959 0.2021959
0 0.6709659 0.2316276 0.1102841 0.1102841
0 0.6819953 0.5882453 0.1470488 0.1470488
0 0.6838335 0.8915541 0.2021959 0.1084459
0 0.7003776 0.6066276 0.1102841 0.1102841
0 0.7114071 0.9191276 0.1470488 0.0808724
0 0.7132453 0.3823629 0.2021959 0.2021959
0 0.7297894 0.9375100 0.1102841 0.0624900
0 0.7371424 0.0000100 0.2021959 0.1948429
0 0.7408188 0.4099365 0.1470488 0.1470488
0 0.7500100 0.6489071 0.2021959 0.2021959
0 0.7592012 0.4283188 0.1102841 0.1102841
0 0.7647159 0.0202306 0.1470488 0.1470488
0 0.7775835 0.6764806 0.1470488 0.1470488
0 0.7830982 0.0386129 0.1102841 0.1102841
0 0.7959659 0.6948629 0.1102841 0.1102841
0 0.8014806 0.2904512 0.1985194 0.2021959
0 0.8290541 0.3180247 0.1470488 0.1470488
0 0.8474365 0.3364071 0.1102841 0.1102841
