0 0.0000100 0.1397159 0.1121224 0.2021959
0 0.0000100 0.1672894 0.0845488 0.1470488
0 0.0000100 0.1856718 0.0661665 0.1102841
0 0.0000100 0.2996424 0.2407988 0.2757253
0 0.0000100 0.5110394 0.2738871 0.2757253
0 0.0000100 0.5514806 0.1029312 0.2021959
0 0.0000100 0.5790541 0.0753576 0.1470488
0 0.0000100 0.5974365 0.0569753 0.1102841
0 0.0000100 0.7297894 0.1819753 0.2021959
0 0.0018482 0.3364071 0.2021959 0.2021959
0 0.0073629 0.7573629 0.1470488 0.1470488
0 0.0257453 0.7757453 0.1102841 0.1102841
0 0.0294218 0.3639806 0.1470488 0.1470488
0 0.0349365 0.5478041 0.2021959 0.2021959
0 0.0625100 0.5753776 0.1470488 0.1470488
0 0.0864071 0.7720688 0.2021959 0.2021959
0 0.1139806 0.7996424 0.1470488 0.1470488
0 0.1158188 0.2536865 0.2021959 0.2021959
0 0.1250100 0.5864071 0.2021959 0.2021959
0 0.1323629 0.8180247 0.1102841 0.1102841
0 0.1433924 0.2812600 0.1470488 0.1470488
0 0.1525835 0.6139806 0.1470488 0.1470488
0 0.1617747 0.2996424 0.1102841 0.1102841
0 0.1709659 0.6323629 0.1102841 0.1102841
0 0.2205982 0.6617747 0.2757253 0.2757253
0 0.2353041 0.1617747 0.2021959 0.2021959
0 0.2573629 0.6985394 0.2021959 0.2021959
0 0.2628776 0.1893482 0.1470488 0.1470488
0 0.2812600 0.2077306 0.1102841 0.1102841
0 0.2849365 0.7261129 0.1470488 0.1470488
0 0.3860394 0.0349365 0.2021959 0.2021959
0 0.4136129 0.0625100 0.1470488 0.1470488
0 0.4319953 0.0808924 0.1102841 0.1102841
0 0.4411865 0.0000100 0.2757253 0.2352841
0 0.4540541 0.6985394 0.2021959 0.2021959
0 0.4614071 0.0551571 0.2021959 0.2021959
0 0.4779512 0.0000100 0.2021959 0.1985194
0 0.4816276 0.7261129 0.1470488 0.1470488
0 0.4889806 0.0827306 0.1470488 0.1470488
0 0.5000100 0.7444953 0.1102841 0.1102841
0 0.5055247 0.0239071 0.1470488 0.1470488
0 0.5073629 0.1011129 0.1102841 0.1102841
0 0.6599365 0.0955982 0.2021959 0.2021959
0 0.6838335 0.0000100 0.2021959 0.1213135
0 0.6875100 0.1231718 0.1470488 0.1470488
0 0.7058924 0.1415541 0.1102841 0.1102841
0 0.7114071 0.0000100 0.1470488 0.0937400
0 0.7297894 0.0000100 0.1102841 0.0753576
0 0.7481718 0.0257453 0.2021959 0.2021959
0 0.7757453 0.0533188 0.1470488 0.1470488
0 0.7941276 0.0717012 0.1102841 0.1102841
0 0.8511129 0.0422894 0.1488871 0.2021959
0 0.8786865 0.0698629 0.1213135 0.1470488
0 0.8970688 0.0882453 0.1029312 0.1102841
