0 0.8529512 0.7665541 0.1470488 0.2021959
0 0.8786865 0.8253776 0.1213135 0.1746224
0 0.8805247 0.7941276 0.1194753 0.1470488
0 0.8823629 0.8603041 0.1176371 0.1396959
0 0.8897159 0.8805247 0.1102841 0.1194753
0 0.8989071 0.8125100 0.1010929 0.1102841
0 0.9062600 0.8529512 0.0937400 0.1470488
0 0.9099365 0.8878776 0.0900635 0.1121224
0 0.9172894 0.9080982 0.0827106 0.0919018
0 0.9246424 0.8713335 0.0753576 0.1102841
0 0.9283188 0.9062600 0.0716812 0.0937400
0 0.9356718 0.9264806 0.0643282 0.0735194
