0 0.0000100 0.3713335 0.1121224 0.1470488
0 0.0000100 0.5055247 0.0808724 0.0919018
0 0.0018482 0.0000100 0.0919018 0.0661665
0 0.0845688 0.0147159 0.0919018 0.0919018
0 0.1029512 0.6599365 0.0919018 0.0919018
0 0.1231718 0.3768482 0.0919018 0.0919018
0 0.1672894 0.9136129 0.0919018 0.0863871
0 0.2573629 0.0606718 0.0919018 0.0919018
0 0.3364071 0.8400835 0.0919018 0.0919018
0 0.3915541 0.6893482 0.0919018 0.0919018
0 0.4889806 0.6194953 0.0919018 0.0919018
0 0.5165541 0.9025835 0.0919018 0.0919018
0 0.6580982 0.1525835 0.0919018 0.0919018
0 0.6948629 0.1948629 0.0919018 0.0919018
0 0.7683924 0.7665541 0.0919018 0.0919018
0 0.7702306 0.8713335 0.0919018 0.0919018
0 0.7978041 0.7812600 0.0919018 0.0919018
0 0.8308924 0.1654512 0.1102841 0.1102841
0 0.8364071 0.0275835 0.0919018 0.0919018
