0 0.0000100 0.8676571 0.0569753 0.0919018
0 0.0000100 0.9099365 0.0827106 0.0900635
0 0.0165541 0.9448629 0.0919018 0.0551371
0 0.0919218 0.8915541 0.0919018 0.0919018
0 0.0919218 0.9522159 0.0919018 0.0477841
0 0.1231718 0.3272159 0.0919018 0.0919018
0 0.1305247 0.0753776 0.0919018 0.0919018
0 0.1636129 0.7205982 0.0919018 0.0919018
0 0.1728041 0.1525835 0.0919018 0.0919018
0 0.1801571 0.1139806 0.0919018 0.0919018
0 0.2150835 0.2205982 0.0919018 0.0919018
0 0.2169218 0.3033188 0.0919018 0.0919018
0 0.2463335 0.6139806 0.0919018 0.0919018
0 0.2702306 0.2426571 0.0919018 0.0919018
0 0.2720688 0.7389806 0.1470488 0.1470488
0 0.2775835 0.1599365 0.0919018 0.0919018
0 0.2849365 0.9172894 0.0919018 0.0827106
0 0.3014806 0.2996424 0.0919018 0.0919018
0 0.3180247 0.4283188 0.0919018 0.0919018
0 0.3658188 0.1158188 0.0919018 0.0919018
0 0.4172894 0.9264806 0.0919018 0.0735194
0 0.4228041 0.4595688 0.0919018 0.0919018
0 0.4319953 0.0000100 0.0919018 0.0514606
0 0.4522159 0.0349365 0.1470488 0.1470488
0 0.4540541 0.8217012 0.0919018 0.0919018
0 0.4632453 0.0000100 0.0919018 0.0680047
0 0.4834659 0.3308924 0.0919018 0.0919018
0 0.5000100 0.1654512 0.0919018 0.0919018
0 0.5147159 0.0000100 0.0919018 0.0588135
0 0.5257453 0.9430247 0.0919018 0.0569753
0 0.5569953 0.4228041 0.0919018 0.0919018
0 0.5808924 0.1360394 0.0919018 0.0919018
0 0.5937600 0.0000100 0.0919018 0.0735194
0 0.5955982 0.7867747 0.0919018 0.0919018
0 0.6103041 0.2500100 0.0919018 0.0919018
0 0.6176571 0.9044218 0.0919018 0.0919018
0 0.6415541 0.4154512 0.0919018 0.0919018
0 0.6544218 0.2169218 0.0919018 0.0919018
0 0.6654512 0.5092012 0.0919018 0.0919018
0 0.6875100 0.0000100 0.0919018 0.0735194
0 0.6911865 0.6066276 0.0919018 0.0919018
0 0.7040541 0.2353041 0.1470488 0.1470488
0 0.7058924 0.7904512 0.0919018 0.0919018
0 0.7794218 0.0000100 0.0919018 0.0532988
0 0.7794218 0.0165541 0.0919018 0.0919018
0 0.8180247 0.8823629 0.0919018 0.0919018
0 0.8253776 0.3768482 0.0919018 0.0919018
0 0.8272159 0.0790541 0.0919018 0.0919018
0 0.8492747 0.1875100 0.0919018 0.0919018
0 0.8639806 0.6525835 0.0919018 0.0919018
0 0.8694953 0.0000100 0.0919018 0.0661665
0 0.8694953 0.7683924 0.0919018 0.0919018
0 0.8713335 0.5110394 0.0919018 0.0919018
0 0.8897159 0.0606718 0.0919018 0.0919018
0 0.9136129 0.8658188 0.0863871 0.0919018
0 0.9154512 0.3014806 0.0845488 0.0919018
0 0.9283188 0.6856718 0.0716812 0.0919018
0 0.9356718 0.0992747 0.0643282 0.0919018
0 0.9467012 0.7941276 0.0532988 0.0919018
0 0.9503776 0.1525835 0.0496224 0.0919018
0 0.9522159 0.2205982 0.0477841 0.0919018
