0 0.4467012 0.0661865 0.2021959 0.2021959
0 0.4742747 0.0937600 0.1470488 0.1470488
0 0.4926571 0.1121424 0.1102841 0.1102841
0 0.4963335 0.0147159 0.2021959 0.2021959
0 0.5183924 0.0018482 0.2021959 0.2021959
0 0.5239071 0.0422894 0.1470488 0.1470488
0 0.5422894 0.0606718 0.1102841 0.1102841
0 0.5459659 0.0294218 0.1470488 0.1470488
0 0.5514806 0.0275835 0.2021959 0.2021959
0 0.5625100 0.0000100 0.2021959 0.1360194
0 0.5643482 0.0478041 0.1102841 0.1102841
0 0.5661865 0.1268482 0.2021959 0.2021959
0 0.5735394 0.0864071 0.2021959 0.2021959
0 0.5790541 0.0551571 0.1470488 0.1470488
0 0.5900835 0.0000100 0.1470488 0.1084459
0 0.5937600 0.1544218 0.1470488 0.1470488
0 0.5974365 0.0735394 0.1102841 0.1102841
0 0.6011129 0.1139806 0.1470488 0.1470488
0 0.6084659 0.0000100 0.1102841 0.0900635
0 0.6121424 0.1728041 0.1102841 0.1102841
0 0.6139806 0.1047894 0.2757253 0.2757253
0 0.6176571 0.0569953 0.2021959 0.2021959
0 0.6194953 0.1323629 0.1102841 0.1102841
0 0.6452306 0.0845688 0.1470488 0.1470488
0 0.6470688 0.0753776 0.2021959 0.2021959
0 0.6507453 0.1415541 0.2021959 0.2021959
0 0.6636129 0.1029512 0.1102841 0.1102841
0 0.6746424 0.1029512 0.1470488 0.1470488
0 0.6783188 0.0000100 0.2021959 0.1305047
0 0.6783188 0.1691276 0.1470488 0.1470488
0 0.6875100 0.0717012 0.2021959 0.2021959
0 0.6930247 0.1213335 0.1102841 0.1102841
0 0.7058924 0.0000100 0.1470488 0.1029312
0 0.7077306 0.0000100 0.2021959 0.1470488
0 0.7150835 0.0992747 0.1470488 0.1470488
0 0.7242747 0.0000100 0.1102841 0.0845488
0 0.7334659 0.1176571 0.1102841 0.1102841
0 0.7353041 0.0000100 0.1470488 0.1194753
0 0.7463335 0.0000100 0.2021959 0.1084459
0 0.7536865 0.0000100 0.1102841 0.1010929
0 0.7739071 0.0000100 0.1470488 0.0808724
0 0.7830982 0.0478041 0.2021959 0.2021959
0 0.7922894 0.0000100 0.1102841 0.0624900
0 0.8106718 0.0753776 0.1470488 0.1470488
0 0.8235394 0.0000100 0.1764606 0.1819753
0 0.8290541 0.0937600 0.1102841 0.1102841
0 0.8308924 0.0955982 0.1691076 0.2021959
0 0.8511129 0.0073629 0.1470488 0.1470488
0 0.8584659 0.1231718 0.1415341 0.1470488
0 0.8694953 0.0257453 0.1102841 0.1102841
0 0.8768482 0.1415541 0.1102841 0.1102841
