0 0.4797894 0.4779512 0.2021959 0.2021959
0 0.5073629 0.4944953 0.2021959 0.2021959
0 0.5073629 0.5055247 0.1470488 0.1470488
0 0.5257453 0.5239071 0.1102841 0.1102841
0 0.5349365 0.5220688 0.1470488 0.1470488
0 0.5514806 0.4007453 0.2021959 0.2021959
0 0.5533188 0.5404512 0.1102841 0.1102841
0 0.5625100 0.5367747 0.2021959 0.2021959
0 0.5790541 0.4283188 0.1470488 0.1470488
0 0.5864071 0.5790541 0.2021959 0.2021959
0 0.5900835 0.5643482 0.1470488 0.1470488
0 0.5974365 0.4467012 0.1102841 0.1102841
0 0.6066276 0.4503776 0.2021959 0.2021959
0 0.6084659 0.5827306 0.1102841 0.1102841
0 0.6139806 0.6066276 0.1470488 0.1470488
0 0.6323629 0.6250100 0.1102841 0.1102841
0 0.6342012 0.4779512 0.1470488 0.1470488
0 0.6525835 0.4963335 0.1102841 0.1102841
