0 0.0000100 0.0000100 0.1396959 0.1691076
0 0.0000100 0.0000100 0.1121224 0.1415341
0 0.0000100 0.0073629 0.1874900 0.2021959
0 0.0000100 0.0128776 0.0937400 0.1102841
0 0.0000100 0.1029512 0.1305047 0.2021959
0 0.0000100 0.1139806 0.1838135 0.2021959
0 0.0000100 0.1305247 0.1029312 0.1470488
0 0.0000100 0.1378776 0.2334459 0.2757253
0 0.0000100 0.1489071 0.0845488 0.1102841
0 0.0000100 0.1746424 0.1966812 0.2021959
0 0.0000100 0.1764806 0.1231518 0.2021959
0 0.0000100 0.2022159 0.1617547 0.2021959
0 0.0000100 0.2040541 0.0955782 0.1470488
0 0.0000100 0.2224365 0.0771959 0.1102841
0 0.0000100 0.2279512 0.1084459 0.2021959
0 0.0000100 0.2297894 0.1341812 0.1470488
0 0.0000100 0.2353041 0.1452106 0.2021959
0 0.0000100 0.2463335 0.1966812 0.2021959
0 0.0000100 0.2555247 0.0808724 0.1470488
0 0.0000100 0.2628776 0.1176371 0.1470488
0 0.0000100 0.2739071 0.0624900 0.1102841
0 0.0000100 0.2812600 0.1139606 0.2021959
0 0.0000100 0.2812600 0.0992547 0.1102841
0 0.0000100 0.3088335 0.0863871 0.1470488
0 0.0000100 0.3272159 0.0680047 0.1102841
0 0.0055247 0.2481718 0.1102841 0.1102841
0 0.0092012 0.1415541 0.1470488 0.1470488
0 0.0128776 0.0349365 0.1470488 0.1470488
0 0.0220688 0.2022159 0.1470488 0.1470488
0 0.0220688 0.2205982 0.2021959 0.2021959
0 0.0220688 0.2739071 0.1470488 0.1470488
0 0.0239071 0.1011129 0.2021959 0.2021959
0 0.0275835 0.1599365 0.1102841 0.1102841
0 0.0312600 0.0533188 0.1102841 0.1102841
0 0.0404512 0.2922894 0.1102841 0.1102841
0 0.0496424 0.2481718 0.1470488 0.1470488
0 0.0514806 0.1286865 0.1470488 0.1470488
0 0.0551571 0.2904512 0.2021959 0.2021959
0 0.0661865 0.2077306 0.2021959 0.2021959
0 0.0680247 0.2665541 0.1102841 0.1102841
0 0.0698629 0.1470688 0.1102841 0.1102841
0 0.0827306 0.3180247 0.1470488 0.1470488
0 0.0937600 0.2316276 0.2021959 0.2021959
0 0.0937600 0.2353041 0.1470488 0.1470488
0 0.1011129 0.2867747 0.2021959 0.2021959
0 0.1011129 0.3364071 0.1102841 0.1102841
0 0.1121424 0.2536865 0.1102841 0.1102841
0 0.1213335 0.2592012 0.1470488 0.1470488
0 0.1213335 0.2996424 0.2021959 0.2021959
0 0.1286865 0.3143482 0.1470488 0.1470488
0 0.1397159 0.2775835 0.1102841 0.1102841
0 0.1470688 0.3327306 0.1102841 0.1102841
0 0.1489071 0.3272159 0.1470488 0.1470488
0 0.1672894 0.3455982 0.1102841 0.1102841
