0 0.0000100 0.7830982 0.1838135 0.2021959
0 0.0092012 0.8106718 0.1470488 0.1470488
0 0.0275835 0.8290541 0.1102841 0.1102841
0 0.1103041 0.7003776 0.2021959 0.2021959
0 0.1378776 0.7279512 0.1470488 0.1470488
0 0.1489071 0.2904512 0.2757253 0.2757253
0 0.1562600 0.7463335 0.1102841 0.1102841
0 0.1856718 0.3272159 0.2021959 0.2021959
0 0.1875100 0.3878776 0.2021959 0.2021959
0 0.2132453 0.3547894 0.1470488 0.1470488
0 0.2150835 0.4154512 0.1470488 0.1470488
0 0.2205982 0.3455982 0.2021959 0.2021959
0 0.2334659 0.4338335 0.1102841 0.1102841
0 0.2481718 0.3731718 0.1470488 0.1470488
0 0.2665541 0.3915541 0.1102841 0.1102841
0 0.4485394 0.4356718 0.2021959 0.2021959
0 0.4761129 0.4632453 0.1470488 0.1470488
0 0.4944953 0.4816276 0.1102841 0.1102841
0 0.5900835 0.5772159 0.2021959 0.2021959
0 0.6176571 0.6047894 0.1470488 0.1470488
0 0.6360394 0.6231718 0.1102841 0.1102841
