0 0.0000100 0.0000100 0.1231518 0.1139606
0 0.0000100 0.0000100 0.1635929 0.1396959
0 0.0000100 0.0000100 0.0955782 0.0863871
0 0.0000100 0.0000100 0.1360194 0.1121224
0 0.0000100 0.0000100 0.0771959 0.0680047
0 0.0073629 0.0000100 0.1102841 0.0937400
0 0.0239071 0.0864071 0.2021959 0.2021959
0 0.0404512 0.4669218 0.2021959 0.2021959
0 0.0514806 0.1139806 0.1470488 0.1470488
0 0.0551571 0.1470688 0.2021959 0.2021959
0 0.0680247 0.4944953 0.1470488 0.1470488
0 0.0698629 0.1323629 0.1102841 0.1102841
0 0.0827306 0.1746424 0.1470488 0.1470488
0 0.0864071 0.5128776 0.1102841 0.1102841
0 0.0974365 0.0790541 0.2021959 0.2021959
0 0.1011129 0.1930247 0.1102841 0.1102841
0 0.1084659 0.0000100 0.2021959 0.1819753
0 0.1121424 0.1562600 0.2021959 0.2021959
0 0.1250100 0.1066276 0.1470488 0.1470488
0 0.1360394 0.0073629 0.1470488 0.1470488
0 0.1397159 0.1838335 0.1470488 0.1470488
0 0.1433924 0.1250100 0.1102841 0.1102841
0 0.1544218 0.0257453 0.1102841 0.1102841
0 0.1580982 0.2022159 0.1102841 0.1102841
0 0.1746424 0.0183924 0.2021959 0.2021959
0 0.1764806 0.7353041 0.2757253 0.2646959
0 0.2022159 0.0459659 0.1470488 0.1470488
0 0.2132453 0.7720688 0.2021959 0.2021959
0 0.2205982 0.0643482 0.1102841 0.1102841
0 0.2316276 0.3400835 0.2021959 0.2021959
0 0.2408188 0.7996424 0.1470488 0.1470488
0 0.2536865 0.3915541 0.2021959 0.2021959
0 0.2592012 0.3676571 0.1470488 0.1470488
0 0.2775835 0.3860394 0.1102841 0.1102841
0 0.2812600 0.4191276 0.1470488 0.1470488
0 0.2867747 0.5092012 0.2021959 0.2021959
0 0.2922894 0.1691276 0.2021959 0.2021959
0 0.2996424 0.4375100 0.1102841 0.1102841
0 0.3143482 0.5367747 0.1470488 0.1470488
0 0.3198629 0.1967012 0.1470488 0.1470488
0 0.3327306 0.5551571 0.1102841 0.1102841
0 0.3382453 0.2150835 0.1102841 0.1102841
0 0.3437600 0.2941276 0.2021959 0.2021959
0 0.3511129 0.0000100 0.2021959 0.1121224
0 0.3547894 0.2022159 0.2757253 0.2757253
0 0.3713335 0.3217012 0.1470488 0.1470488
0 0.3786865 0.0000100 0.1470488 0.0845488
0 0.3897159 0.3400835 0.1102841 0.1102841
0 0.3915541 0.2389806 0.2021959 0.2021959
0 0.3970688 0.0000100 0.1102841 0.0661665
0 0.3970688 0.3584659 0.2021959 0.2021959
0 0.4099365 0.3161865 0.2021959 0.2021959
0 0.4191276 0.2665541 0.1470488 0.1470488
0 0.4246424 0.3860394 0.1470488 0.1470488
0 0.4319953 0.5772159 0.2021959 0.2021959
0 0.4375100 0.3437600 0.1470488 0.1470488
0 0.4393482 0.7371424 0.2021959 0.2021959
0 0.4430247 0.4044218 0.1102841 0.1102841
0 0.4448629 0.3161865 0.2021959 0.2021959
0 0.4558924 0.3621424 0.1102841 0.1102841
0 0.4595688 0.6047894 0.1470488 0.1470488
0 0.4614071 0.6360394 0.2021959 0.2021959
0 0.4669218 0.7647159 0.1470488 0.1470488
0 0.4724365 0.0569953 0.2757253 0.2757253
0 0.4724365 0.3437600 0.1470488 0.1470488
0 0.4779512 0.6231718 0.1102841 0.1102841
0 0.4853041 0.7830982 0.1102841 0.1102841
0 0.4889806 0.6636129 0.1470488 0.1470488
0 0.4908188 0.3621424 0.1102841 0.1102841
0 0.5073629 0.6819953 0.1102841 0.1102841
0 0.5092012 0.0937600 0.2021959 0.2021959
0 0.5128776 0.2444953 0.2021959 0.2021959
0 0.5367747 0.1213335 0.1470488 0.1470488
0 0.5404512 0.2720688 0.1470488 0.1470488
0 0.5588335 0.2904512 0.1102841 0.1102841
0 0.5606718 0.6286865 0.2021959 0.2021959
0 0.5717012 0.2555247 0.2757253 0.2757253
0 0.5882453 0.6562600 0.1470488 0.1470488
0 0.6066276 0.6746424 0.1102841 0.1102841
0 0.6084659 0.2922894 0.2021959 0.2021959
0 0.6360394 0.3198629 0.1470488 0.1470488
0 0.7481718 0.2867747 0.2021959 0.2021959
0 0.7610394 0.0000100 0.2389606 0.1801371
0 0.7757453 0.3143482 0.1470488 0.1470488
0 0.7922894 0.2849365 0.2021959 0.2021959
0 0.7941276 0.3327306 0.1102841 0.1102841
0 0.7978041 0.0000100 0.2021959 0.1433724
0 0.7978041 0.2022159 0.2021959 0.2021959
0 0.8198629 0.3125100 0.1470488 0.1470488
0 0.8253776 0.0000100 0.1470488 0.1157988
0 0.8253776 0.2297894 0.1470488 0.1470488
0 0.8382453 0.3308924 0.1102841 0.1102841
0 0.8437600 0.2481718 0.1102841 0.1102841
