0 0.2518482 0.0937600 0.2021959 0.2021959
0 0.2794218 0.1213335 0.1470488 0.1470488
0 0.2867747 0.2720688 0.2021959 0.2021959
0 0.2978041 0.1397159 0.1102841 0.1102841
0 0.3143482 0.2996424 0.1470488 0.1470488
0 0.3198629 0.1801571 0.2021959 0.2021959
0 0.3327306 0.3180247 0.1102841 0.1102841
0 0.3474365 0.2077306 0.1470488 0.1470488
0 0.3658188 0.2261129 0.1102841 0.1102841
0 0.4816276 0.0698629 0.2021959 0.2021959
0 0.5092012 0.0974365 0.1470488 0.1470488
0 0.5275835 0.1158188 0.1102841 0.1102841
