0 0.1452306 0.7922894 0.2021959 0.2021959
0 0.1728041 0.8198629 0.1470488 0.1470488
0 0.1911865 0.8382453 0.1102841 0.1102841
0 0.2150835 0.8327306 0.2021959 0.1672694
0 0.2426571 0.8603041 0.1470488 0.1396959
0 0.2610394 0.8786865 0.1102841 0.1102841
0 0.2812600 0.7555247 0.2021959 0.2021959
0 0.3088335 0.7830982 0.1470488 0.1470488
0 0.3272159 0.8014806 0.1102841 0.1102841
0 0.3970688 0.4779512 0.2021959 0.2021959
0 0.4007453 0.8308924 0.2021959 0.1691076
0 0.4246424 0.5055247 0.1470488 0.1470488
0 0.4283188 0.8584659 0.1470488 0.1415341
0 0.4430247 0.5239071 0.1102841 0.1102841
0 0.4467012 0.8768482 0.1102841 0.1102841
0 0.5478041 0.8455982 0.2021959 0.1544018
0 0.5753776 0.8731718 0.1470488 0.1268282
0 0.5937600 0.8915541 0.1102841 0.1084459
