0 0.4944953 0.0514806 0.2021959 0.2021959
0 0.5220688 0.0790541 0.1470488 0.1470488
0 0.5330982 0.0055247 0.2021959 0.2021959
0 0.5404512 0.0974365 0.1102841 0.1102841
0 0.5606718 0.0330982 0.1470488 0.1470488
0 0.5680247 0.0257453 0.2021959 0.2021959
0 0.5790541 0.0514806 0.1102841 0.1102841
0 0.5955982 0.0533188 0.1470488 0.1470488
0 0.6139806 0.0717012 0.1102841 0.1102841
0 0.8106718 0.4926571 0.1893282 0.2021959
0 0.8327306 0.0073629 0.1672694 0.2021959
0 0.8382453 0.5202306 0.1470488 0.1470488
0 0.8566276 0.5386129 0.1102841 0.1102841
0 0.8603041 0.0349365 0.1396959 0.1470488
0 0.8658188 0.3033188 0.1341812 0.2021959
0 0.8786865 0.0533188 0.1102841 0.1102841
0 0.8933924 0.3308924 0.1066076 0.1470488
0 0.9117747 0.3492747 0.0882253 0.1102841
