0 0.0239071 0.2371424 0.2021959 0.2021959
0 0.0386129 0.0000100 0.2021959 0.1672694
0 0.0514806 0.2647159 0.1470488 0.1470488
0 0.0606718 0.0000100 0.2021959 0.1139606
0 0.0661865 0.0000100 0.1470488 0.1396959
0 0.0698629 0.2830982 0.1102841 0.1102841
0 0.0845688 0.0110394 0.1102841 0.1102841
0 0.0845688 0.2683924 0.2021959 0.2021959
0 0.0882453 0.0000100 0.1470488 0.0863871
0 0.1066276 0.0000100 0.1102841 0.0680047
0 0.1121424 0.2959659 0.1470488 0.1470488
0 0.1139806 0.0845688 0.2021959 0.2021959
0 0.1286865 0.2058924 0.2021959 0.2021959
0 0.1305247 0.3143482 0.1102841 0.1102841
0 0.1360394 0.2536865 0.2021959 0.2021959
0 0.1415541 0.1121424 0.1470488 0.1470488
0 0.1562600 0.2334659 0.1470488 0.1470488
0 0.1599365 0.1305247 0.1102841 0.1102841
0 0.1636129 0.2812600 0.1470488 0.1470488
0 0.1746424 0.2518482 0.1102841 0.1102841
0 0.1819953 0.2996424 0.1102841 0.1102841
0 0.2353041 0.3603041 0.2021959 0.2021959
0 0.2444953 0.4742747 0.2021959 0.2021959
0 0.2463335 0.4393482 0.2021959 0.2021959
0 0.2628776 0.3878776 0.1470488 0.1470488
0 0.2720688 0.5018482 0.1470488 0.1470488
0 0.2720688 0.5220688 0.2021959 0.2021959
0 0.2739071 0.4669218 0.1470488 0.1470488
0 0.2775835 0.5864071 0.2021959 0.2021959
0 0.2794218 0.5514806 0.2021959 0.2021959
0 0.2812600 0.4062600 0.1102841 0.1102841
0 0.2904512 0.5202306 0.1102841 0.1102841
0 0.2922894 0.4853041 0.1102841 0.1102841
0 0.2978041 0.4889806 0.2021959 0.2021959
0 0.2996424 0.5496424 0.1470488 0.1470488
0 0.3051571 0.6139806 0.1470488 0.1470488
0 0.3069953 0.5790541 0.1470488 0.1470488
0 0.3180247 0.5680247 0.1102841 0.1102841
0 0.3235394 0.6323629 0.1102841 0.1102841
0 0.3253776 0.5165541 0.1470488 0.1470488
0 0.3253776 0.5974365 0.1102841 0.1102841
0 0.3272159 0.7242747 0.2021959 0.2021959
0 0.3437600 0.5349365 0.1102841 0.1102841
0 0.3474365 0.7463335 0.2021959 0.2021959
0 0.3547894 0.7518482 0.1470488 0.1470488
0 0.3713335 0.7610394 0.2021959 0.2021959
0 0.3731718 0.7702306 0.1102841 0.1102841
0 0.3750100 0.7739071 0.1470488 0.1470488
0 0.3768482 0.7886129 0.2021959 0.2021959
0 0.3915541 0.8437600 0.2021959 0.1562400
0 0.3933924 0.7922894 0.1102841 0.1102841
0 0.3989071 0.7886129 0.1470488 0.1470488
0 0.4044218 0.8161865 0.1470488 0.1470488
0 0.4117747 0.8161865 0.2021959 0.1838135
0 0.4172894 0.8069953 0.1102841 0.1102841
0 0.4191276 0.8713335 0.1470488 0.1286665
0 0.4228041 0.8345688 0.1102841 0.1102841
0 0.4375100 0.8897159 0.1102841 0.1102841
0 0.4393482 0.8437600 0.1470488 0.1470488
0 0.4577306 0.8621424 0.1102841 0.1102841
