0 0.3088335 0.0073629 0.2757253 0.2757253
0 0.3455982 0.0441276 0.2021959 0.2021959
0 0.3731718 0.0717012 0.1470488 0.1470488
0 0.4614071 0.5239071 0.2757253 0.2757253
0 0.4981718 0.5606718 0.2021959 0.2021959
0 0.5257453 0.5882453 0.1470488 0.1470488
0 0.7224365 0.0000100 0.2021959 0.1268282
0 0.7500100 0.0000100 0.1470488 0.0992547
0 0.7573629 0.2886129 0.2426371 0.2757253
0 0.7683924 0.0000100 0.1102841 0.0808724
0 0.7941276 0.3253776 0.2021959 0.2021959
0 0.8217012 0.3529512 0.1470488 0.1470488
