0 0.4963335 0.8364071 0.2021959 0.1635929
0 0.5239071 0.8639806 0.1470488 0.1360194
0 0.5422894 0.8823629 0.1102841 0.1102841
0 0.6250100 0.8860394 0.2021959 0.1139606
0 0.6525835 0.9136129 0.1470488 0.0863871
0 0.6544218 0.7739071 0.2021959 0.2021959
0 0.6709659 0.9319953 0.1102841 0.0680047
0 0.6819953 0.8014806 0.1470488 0.1470488
0 0.7003776 0.8198629 0.1102841 0.1102841
0 0.7242747 0.8272159 0.2021959 0.1727841
0 0.7518482 0.8547894 0.1470488 0.1452106
0 0.7702306 0.8731718 0.1102841 0.1102841
0 0.8474365 0.8566276 0.1525635 0.1433724
0 0.8750100 0.8842012 0.1249900 0.1157988
0 0.8933924 0.9025835 0.1066076 0.0974165
