0 0.0000100 0.0000100 0.2021959 0.1819753
0 0.0000100 0.0000100 0.1047694 0.1691076
0 0.0000100 0.0000100 0.0771959 0.1415341
0 0.0000100 0.0128776 0.0588135 0.1102841
0 0.0275835 0.0073629 0.1470488 0.1470488
0 0.0459659 0.0257453 0.1102841 0.1102841
0 0.0606718 0.0349365 0.2021959 0.2021959
0 0.0882453 0.0625100 0.1470488 0.1470488
0 0.0900835 0.4448629 0.2021959 0.2021959
0 0.1066276 0.0808924 0.1102841 0.1102841
0 0.1176571 0.4724365 0.1470488 0.1470488
0 0.1360394 0.4908188 0.1102841 0.1102841
0 0.1967012 0.7224365 0.2021959 0.2021959
0 0.2242747 0.7500100 0.1470488 0.1470488
0 0.2371424 0.8731718 0.2021959 0.1268282
0 0.2426571 0.7683924 0.1102841 0.1102841
0 0.2647159 0.9007453 0.1470488 0.0992547
0 0.2830982 0.9191276 0.1102841 0.0808724
0 0.2849365 0.7867747 0.2021959 0.2021959
0 0.3125100 0.8143482 0.1470488 0.1470488
0 0.3308924 0.8327306 0.1102841 0.1102841
0 0.3603041 0.8970688 0.2021959 0.1029312
0 0.3878776 0.9246424 0.1470488 0.0753576
0 0.4062600 0.9430247 0.1102841 0.0569753
