0 0.0000100 0.0000100 0.1727841 0.1654312
0 0.0000100 0.0000100 0.1452106 0.1378576
0 0.0165541 0.0092012 0.1102841 0.1102841
0 0.2003776 0.8125100 0.2021959 0.1874900
0 0.2279512 0.8400835 0.1470488 0.1470488
0 0.2463335 0.8584659 0.1102841 0.1102841
0 0.3272159 0.6047894 0.2021959 0.2021959
0 0.3437600 0.5459659 0.2021959 0.2021959
0 0.3455982 0.7408188 0.2021959 0.2021959
0 0.3547894 0.6323629 0.1470488 0.1470488
0 0.3694953 0.1930247 0.2021959 0.2021959
0 0.3713335 0.5735394 0.1470488 0.1470488
0 0.3731718 0.6507453 0.1102841 0.1102841
0 0.3731718 0.7683924 0.1470488 0.1470488
0 0.3897159 0.5919218 0.1102841 0.1102841
0 0.3915541 0.7867747 0.1102841 0.1102841
0 0.3970688 0.2205982 0.1470488 0.1470488
0 0.4044218 0.4044218 0.2021959 0.2021959
0 0.4154512 0.2389806 0.1102841 0.1102841
0 0.4154512 0.7371424 0.2021959 0.2021959
0 0.4301571 0.0864071 0.2021959 0.2021959
0 0.4301571 0.4356718 0.2021959 0.2021959
0 0.4319953 0.4319953 0.1470488 0.1470488
0 0.4430247 0.7647159 0.1470488 0.1470488
0 0.4467012 0.6121424 0.2757253 0.2757253
0 0.4503776 0.4503776 0.1102841 0.1102841
0 0.4577306 0.1139806 0.1470488 0.1470488
0 0.4577306 0.4632453 0.1470488 0.1470488
0 0.4614071 0.3345688 0.2021959 0.2021959
0 0.4614071 0.7830982 0.1102841 0.1102841
0 0.4761129 0.1323629 0.1102841 0.1102841
0 0.4761129 0.4816276 0.1102841 0.1102841
0 0.4797894 0.0073629 0.2021959 0.2021959
0 0.4834659 0.6489071 0.2021959 0.2021959
0 0.4889806 0.3621424 0.1470488 0.1470488
0 0.4944953 0.0000100 0.2021959 0.1121224
0 0.4981718 0.4981718 0.2021959 0.2021959
0 0.5073629 0.0349365 0.1470488 0.1470488
0 0.5073629 0.3805247 0.1102841 0.1102841
0 0.5110394 0.2592012 0.2021959 0.2021959
0 0.5110394 0.6764806 0.1470488 0.1470488
0 0.5165541 0.5349365 0.2021959 0.2021959
0 0.5220688 0.0000100 0.1470488 0.0845488
0 0.5257453 0.0533188 0.1102841 0.1102841
0 0.5257453 0.5257453 0.1470488 0.1470488
0 0.5275835 0.2279512 0.2021959 0.2021959
0 0.5294218 0.3529512 0.2021959 0.2021959
0 0.5330982 0.0000100 0.2021959 0.1580782
0 0.5367747 0.0018482 0.2021959 0.2021959
0 0.5386129 0.2867747 0.1470488 0.1470488
0 0.5404512 0.0000100 0.1102841 0.0661665
0 0.5441276 0.5441276 0.1102841 0.1102841
0 0.5441276 0.5625100 0.1470488 0.1470488
0 0.5551571 0.2555247 0.1470488 0.1470488
0 0.5569953 0.0827306 0.2021959 0.2021959
0 0.5569953 0.3051571 0.1102841 0.1102841
0 0.5569953 0.3805247 0.1470488 0.1470488
0 0.5606718 0.0000100 0.1470488 0.1305047
0 0.5606718 0.1084659 0.2021959 0.2021959
0 0.5625100 0.5808924 0.1102841 0.1102841
0 0.5643482 0.0294218 0.1470488 0.1470488
0 0.5735394 0.2739071 0.1102841 0.1102841
0 0.5753776 0.3989071 0.1102841 0.1102841
0 0.5790541 0.0018482 0.1102841 0.1102841
0 0.5808924 0.0000100 0.2757253 0.2205782
0 0.5827306 0.0478041 0.1102841 0.1102841
0 0.5845688 0.1103041 0.1470488 0.1470488
0 0.5864071 0.1985394 0.2021959 0.2021959
0 0.5882453 0.1360394 0.1470488 0.1470488
0 0.6029512 0.0220688 0.2021959 0.2021959
0 0.6029512 0.1286865 0.1102841 0.1102841
0 0.6066276 0.1544218 0.1102841 0.1102841
0 0.6139806 0.2261129 0.1470488 0.1470488
0 0.6176571 0.0000100 0.2021959 0.1838135
0 0.6176571 0.1305247 0.2021959 0.2021959
0 0.6250100 0.0569953 0.2021959 0.2021959
0 0.6305247 0.0496424 0.1470488 0.1470488
0 0.6323629 0.2444953 0.1102841 0.1102841
0 0.6452306 0.0092012 0.1470488 0.1470488
0 0.6452306 0.1580982 0.1470488 0.1470488
0 0.6489071 0.0680247 0.1102841 0.1102841
0 0.6525835 0.0845688 0.1470488 0.1470488
0 0.6636129 0.1764806 0.1102841 0.1102841
0 0.6709659 0.1029512 0.1102841 0.1102841
0 0.6783188 0.3088335 0.2021959 0.2021959
0 0.6967012 0.1691276 0.2021959 0.2021959
0 0.7058924 0.3364071 0.1470488 0.1470488
0 0.7205982 0.0404512 0.2021959 0.2021959
0 0.7242747 0.1967012 0.1470488 0.1470488
0 0.7242747 0.3547894 0.1102841 0.1102841
0 0.7426571 0.2150835 0.1102841 0.1102841
0 0.7481718 0.0680247 0.1470488 0.1470488
0 0.7573629 0.1268482 0.2021959 0.2021959
0 0.7665541 0.0864071 0.1102841 0.1102841
0 0.7775835 0.6231718 0.2224165 0.2757253
0 0.7849365 0.1544218 0.1470488 0.1470488
0 0.8033188 0.1728041 0.1102841 0.1102841
0 0.8143482 0.6599365 0.1856518 0.2021959
0 0.8382453 0.2941276 0.1617547 0.2021959
0 0.8419218 0.6875100 0.1470488 0.1470488
0 0.8455982 0.2261129 0.1544018 0.2021959
0 0.8658188 0.3217012 0.1341812 0.1470488
0 0.8731718 0.2536865 0.1268282 0.1470488
0 0.8786865 0.2077306 0.1213135 0.2021959
0 0.8842012 0.3400835 0.1102841 0.1102841
0 0.8915541 0.2720688 0.1084459 0.1102841
0 0.8970688 0.8125100 0.1029312 0.1874900
0 0.9062600 0.2353041 0.0937400 0.1470488
0 0.9246424 0.2536865 0.0753576 0.1102841
0 0.9246424 0.8400835 0.0753576 0.1470488
0 0.9430247 0.8584659 0.0569753 0.1102841
