0 0.4834659 0.1103041 0.0919018 0.0919018
0 0.4853041 0.1672894 0.0919018 0.0919018
0 0.5422894 0.0864071 0.1470488 0.1470488
0 0.5496424 0.2132453 0.0919018 0.0919018
0 0.6415541 0.0588335 0.0919018 0.0919018
0 0.7114071 0.0735394 0.0919018 0.0919018
0 0.7812600 0.0367747 0.0919018 0.0919018
0 0.7849365 0.4209659 0.0919018 0.0919018
0 0.7867747 0.4944953 0.0919018 0.0919018
0 0.8529512 0.7555247 0.0919018 0.0919018
0 0.8805247 0.5661865 0.0919018 0.0919018
0 0.9025835 0.6967012 0.0919018 0.0919018
0 0.9356718 0.8161865 0.0643282 0.0919018
