0 0.0000100 0.2224365 0.0808724 0.0919018
0 0.0000100 0.3786865 0.0919018 0.0919018
0 0.0000100 0.4742747 0.0919018 0.1470488
0 0.0018482 0.9319953 0.0919018 0.0680047
0 0.0239071 0.3970688 0.0919018 0.0919018
0 0.0496424 0.5955982 0.0919018 0.0919018
0 0.0735394 0.4448629 0.0919018 0.0919018
0 0.0772159 0.7224365 0.0919018 0.0919018
0 0.0808924 0.6544218 0.0919018 0.0919018
0 0.0882453 0.5147159 0.0919018 0.0919018
0 0.0919218 0.6930247 0.0919018 0.0919018
0 0.0974365 0.0000100 0.0919018 0.0827106
0 0.1194953 0.6286865 0.0919018 0.0919018
0 0.1342012 0.5974365 0.0919018 0.0919018
0 0.1599365 0.9062600 0.0919018 0.0919018
0 0.1617747 0.0000100 0.0919018 0.0606518
0 0.1672894 0.8069953 0.0919018 0.0919018
0 0.1691276 0.7463335 0.0919018 0.0919018
0 0.1728041 0.3566276 0.0919018 0.0919018
0 0.1838335 0.6342012 0.0919018 0.0919018
0 0.2022159 0.5000100 0.0919018 0.0919018
0 0.2040541 0.0000100 0.0919018 0.0588135
0 0.2095688 0.1305247 0.0919018 0.0919018
0 0.2114071 0.6728041 0.0919018 0.0919018
0 0.2205982 0.1930247 0.0919018 0.0919018
0 0.2261129 0.4375100 0.0919018 0.0919018
0 0.2334659 0.4742747 0.0919018 0.0919018
0 0.2444953 0.6985394 0.0919018 0.0919018
0 0.2463335 0.8327306 0.0919018 0.0919018
0 0.2573629 0.4485394 0.0919018 0.0919018
0 0.2610394 0.0643482 0.0919018 0.0919018
0 0.2959659 0.6029512 0.0919018 0.0919018
0 0.3069953 0.5312600 0.0919018 0.0919018
0 0.3272159 0.7959659 0.0919018 0.0919018
0 0.3290541 0.7702306 0.0919018 0.0919018
0 0.3327306 0.6084659 0.0919018 0.0919018
0 0.3364071 0.7555247 0.0919018 0.0919018
0 0.3400835 0.5569953 0.0919018 0.0919018
0 0.3529512 0.6672894 0.0919018 0.0919018
0 0.3566276 0.8235394 0.0919018 0.0919018
0 0.3584659 0.6011129 0.0919018 0.0919018
0 0.3768482 0.5827306 0.0919018 0.0919018
0 0.3786865 0.8584659 0.0919018 0.0919018
0 0.3860394 0.7922894 0.0919018 0.0919018
0 0.3897159 0.5367747 0.0919018 0.0919018
0 0.4411865 0.9136129 0.0919018 0.0863871
0 0.4522159 0.2389806 0.0919018 0.0919018
0 0.5533188 0.0055247 0.0919018 0.0919018
0 0.5845688 0.3474365 0.0919018 0.0919018
0 0.5864071 0.2978041 0.0919018 0.0919018
0 0.5955982 0.0772159 0.0919018 0.0919018
0 0.6250100 0.0000100 0.0919018 0.0643282
0 0.6525835 0.3566276 0.0919018 0.0919018
0 0.6691276 0.1011129 0.1470488 0.1470488
0 0.6746424 0.4614071 0.0919018 0.0919018
0 0.6930247 0.0000100 0.0919018 0.0863871
0 0.6930247 0.0643482 0.0919018 0.0919018
0 0.7003776 0.9154512 0.0919018 0.0845488
0 0.7022159 0.0349365 0.0919018 0.0919018
0 0.7022159 0.2095688 0.0919018 0.0919018
0 0.7169218 0.1617747 0.0919018 0.0919018
0 0.7169218 0.4191276 0.0919018 0.0919018
0 0.7242747 0.2812600 0.0919018 0.0919018
0 0.7297894 0.0864071 0.0919018 0.0919018
0 0.7297894 0.2463335 0.0919018 0.0919018
0 0.7628776 0.7224365 0.1102841 0.1102841
0 0.8014806 0.3180247 0.0919018 0.0919018
0 0.8603041 0.2886129 0.0919018 0.0919018
0 0.9044218 0.2132453 0.0919018 0.0919018
