0 0.0000100 0.3437600 0.1691076 0.2021959
0 0.0000100 0.3713335 0.1415341 0.1470488
0 0.0128776 0.3897159 0.1102841 0.1102841
0 0.0459659 0.3731718 0.2021959 0.2021959
0 0.0735394 0.4007453 0.1470488 0.1470488
0 0.0845688 0.4448629 0.2021959 0.2021959
0 0.0919218 0.4191276 0.1102841 0.1102841
0 0.1121424 0.4724365 0.1470488 0.1470488
0 0.1305247 0.4908188 0.1102841 0.1102841
0 0.1709659 0.3639806 0.2021959 0.2021959
0 0.1985394 0.3915541 0.1470488 0.1470488
0 0.2077306 0.4761129 0.2021959 0.2021959
0 0.2169218 0.4099365 0.1102841 0.1102841
0 0.2353041 0.5036865 0.1470488 0.1470488
0 0.2536865 0.5220688 0.1102841 0.1102841
0 0.3069953 0.3842012 0.2021959 0.2021959
0 0.3345688 0.4117747 0.1470488 0.1470488
0 0.3529512 0.4301571 0.1102841 0.1102841
0 0.4044218 0.2610394 0.2021959 0.2021959
0 0.4319953 0.2886129 0.1470488 0.1470488
0 0.4503776 0.3069953 0.1102841 0.1102841
0 0.5036865 0.3051571 0.2021959 0.2021959
0 0.5312600 0.3327306 0.1470488 0.1470488
0 0.5496424 0.3511129 0.1102841 0.1102841
