0 0.4558924 0.0514806 0.2021959 0.2021959
0 0.4834659 0.0790541 0.1470488 0.1470488
0 0.4889806 0.0992747 0.2021959 0.2021959
0 0.5018482 0.0974365 0.1102841 0.1102841
0 0.5165541 0.1268482 0.1470488 0.1470488
0 0.5349365 0.1452306 0.1102841 0.1102841
0 0.5551571 0.0882453 0.2021959 0.2021959
0 0.5606718 0.0000100 0.2021959 0.1746224
0 0.5827306 0.1158188 0.1470488 0.1470488
0 0.5882453 0.0000100 0.1470488 0.1470488
0 0.6011129 0.1342012 0.1102841 0.1102841
0 0.6066276 0.0183924 0.1102841 0.1102841
0 0.6783188 0.1911865 0.2021959 0.2021959
0 0.6930247 0.1231718 0.2021959 0.2021959
0 0.7058924 0.2187600 0.1470488 0.1470488
0 0.7205982 0.1507453 0.1470488 0.1470488
0 0.7242747 0.2371424 0.1102841 0.1102841
0 0.7389806 0.1691276 0.1102841 0.1102841
