0 0.3253776 0.3437600 0.2021959 0.2021959
0 0.3345688 0.2132453 0.2021959 0.2021959
0 0.3437600 0.2610394 0.2021959 0.2021959
0 0.3529512 0.3713335 0.1470488 0.1470488
0 0.3547894 0.4062600 0.2021959 0.2021959
0 0.3621424 0.2408188 0.1470488 0.1470488
0 0.3658188 0.3180247 0.2021959 0.2021959
0 0.3676571 0.3511129 0.2021959 0.2021959
0 0.3713335 0.2003776 0.2021959 0.2021959
0 0.3713335 0.2886129 0.1470488 0.1470488
0 0.3713335 0.3897159 0.1102841 0.1102841
0 0.3786865 0.0864071 0.2021959 0.2021959
0 0.3805247 0.2592012 0.1102841 0.1102841
0 0.3823629 0.4338335 0.1470488 0.1470488
0 0.3897159 0.3069953 0.1102841 0.1102841
0 0.3933924 0.3455982 0.1470488 0.1470488
0 0.3952306 0.3786865 0.1470488 0.1470488
0 0.3989071 0.2279512 0.1470488 0.1470488
0 0.4007453 0.4522159 0.1102841 0.1102841
0 0.4062600 0.1139806 0.1470488 0.1470488
0 0.4099365 0.0974365 0.2021959 0.2021959
0 0.4117747 0.3639806 0.1102841 0.1102841
0 0.4136129 0.3970688 0.1102841 0.1102841
0 0.4172894 0.2463335 0.1102841 0.1102841
0 0.4172894 0.4191276 0.2021959 0.2021959
0 0.4228041 0.4558924 0.2021959 0.2021959
0 0.4246424 0.1323629 0.1102841 0.1102841
0 0.4375100 0.1250100 0.1470488 0.1470488
0 0.4448629 0.4467012 0.1470488 0.1470488
0 0.4503776 0.4834659 0.1470488 0.1470488
0 0.4522159 0.5275835 0.2021959 0.2021959
0 0.4558924 0.1433924 0.1102841 0.1102841
0 0.4614071 0.5808924 0.2021959 0.2021959
0 0.4632453 0.4650835 0.1102841 0.1102841
0 0.4687600 0.5018482 0.1102841 0.1102841
0 0.4797894 0.0404512 0.2021959 0.2021959
0 0.4797894 0.3345688 0.2021959 0.2021959
0 0.4797894 0.5551571 0.1470488 0.1470488
0 0.4889806 0.6084659 0.1470488 0.1470488
0 0.4963335 0.1011129 0.2021959 0.2021959
0 0.4981718 0.5735394 0.1102841 0.1102841
0 0.5073629 0.0680247 0.1470488 0.1470488
0 0.5073629 0.3621424 0.1470488 0.1470488
0 0.5073629 0.6268482 0.1102841 0.1102841
0 0.5128776 0.0514806 0.2021959 0.2021959
0 0.5128776 0.4154512 0.2021959 0.2021959
0 0.5239071 0.1286865 0.1470488 0.1470488
0 0.5257453 0.0864071 0.1102841 0.1102841
0 0.5257453 0.3805247 0.1102841 0.1102841
0 0.5404512 0.0790541 0.1470488 0.1470488
0 0.5404512 0.4430247 0.1470488 0.1470488
0 0.5422894 0.1470688 0.1102841 0.1102841
0 0.5588335 0.0974365 0.1102841 0.1102841
0 0.5588335 0.4614071 0.1102841 0.1102841
0 0.5882453 0.5202306 0.2021959 0.2021959
0 0.6158188 0.5478041 0.1470488 0.1470488
0 0.6342012 0.5661865 0.1102841 0.1102841
0 0.8364071 0.2444953 0.1635929 0.2021959
0 0.8639806 0.2720688 0.1360194 0.1470488
0 0.8823629 0.2904512 0.1102841 0.1102841
