0 0.4485394 0.8290541 0.2021959 0.1709459
0 0.4761129 0.8566276 0.1470488 0.1433724
0 0.4816276 0.8364071 0.2021959 0.1635929
0 0.4944953 0.8750100 0.1102841 0.1102841
0 0.5092012 0.8639806 0.1470488 0.1360194
0 0.5092012 0.8676571 0.2021959 0.1323429
0 0.5275835 0.8823629 0.1102841 0.1102841
0 0.5367747 0.8952306 0.1470488 0.1047694
0 0.5551571 0.9136129 0.1102841 0.0863871
0 0.6911865 0.6728041 0.2021959 0.2021959
0 0.7022159 0.5018482 0.2021959 0.2021959
0 0.7132453 0.7040541 0.2021959 0.2021959
0 0.7169218 0.4467012 0.2021959 0.2021959
0 0.7187600 0.7003776 0.1470488 0.1470488
0 0.7297894 0.5294218 0.1470488 0.1470488
0 0.7371424 0.5147159 0.2021959 0.2021959
0 0.7371424 0.7187600 0.1102841 0.1102841
0 0.7408188 0.7316276 0.1470488 0.1470488
0 0.7444953 0.4742747 0.1470488 0.1470488
0 0.7463335 0.4228041 0.2021959 0.2021959
0 0.7481718 0.5478041 0.1102841 0.1102841
0 0.7536865 0.7665541 0.2021959 0.2021959
0 0.7592012 0.7500100 0.1102841 0.1102841
0 0.7628776 0.4926571 0.1102841 0.1102841
0 0.7647159 0.5422894 0.1470488 0.1470488
0 0.7739071 0.4503776 0.1470488 0.1470488
0 0.7794218 0.7242747 0.2021959 0.2021959
0 0.7812600 0.7941276 0.1470488 0.1470488
0 0.7830982 0.5606718 0.1102841 0.1102841
0 0.7922894 0.4687600 0.1102841 0.1102841
0 0.7996424 0.8125100 0.1102841 0.1102841
0 0.8069953 0.7518482 0.1470488 0.1470488
0 0.8088335 0.3161865 0.1911665 0.2021959
0 0.8253776 0.7702306 0.1102841 0.1102841
0 0.8364071 0.3437600 0.1470488 0.1470488
0 0.8382453 0.8529512 0.1617547 0.1470488
0 0.8547894 0.3621424 0.1102841 0.1102841
0 0.8621424 0.3364071 0.1378576 0.2021959
0 0.8658188 0.8805247 0.1341812 0.1194753
0 0.8731718 0.8584659 0.1268282 0.1415341
0 0.8842012 0.8989071 0.1102841 0.1010929
0 0.8897159 0.3639806 0.1102841 0.1470488
0 0.8915541 0.4926571 0.1084459 0.2021959
0 0.9007453 0.8860394 0.0992547 0.1139606
0 0.9080982 0.3823629 0.0919018 0.1102841
0 0.9191276 0.5202306 0.0808724 0.1470488
0 0.9191276 0.9044218 0.0808724 0.0955782
0 0.9375100 0.5386129 0.0624900 0.1102841
