0 0.0000100 0.1158188 0.0698429 0.0919018
0 0.0000100 0.4136129 0.0569753 0.0919018
0 0.0000100 0.5239071 0.0532988 0.0919018
0 0.0000100 0.5919218 0.0845488 0.0919018
0 0.0018482 0.5092012 0.0919018 0.0919018
0 0.0330982 0.1489071 0.0919018 0.0919018
0 0.0625100 0.4264806 0.0919018 0.0919018
0 0.0661865 0.3970688 0.0919018 0.0919018
0 0.0900835 0.2573629 0.0919018 0.0919018
0 0.1121424 0.2316276 0.0919018 0.0919018
0 0.1250100 0.1029512 0.0919018 0.0919018
0 0.1286865 0.0000100 0.0919018 0.0532988
0 0.1580982 0.3474365 0.0919018 0.0919018
0 0.1672894 0.1011129 0.0919018 0.0919018
0 0.1728041 0.0349365 0.0919018 0.0919018
0 0.2573629 0.0000100 0.0919018 0.0771959
0 0.2610394 0.0000100 0.0919018 0.0900635
0 0.2739071 0.7297894 0.0919018 0.0919018
0 0.2904512 0.1047894 0.0919018 0.0919018
0 0.2959659 0.6507453 0.0919018 0.0919018
0 0.3235394 0.7297894 0.0919018 0.0919018
0 0.3437600 0.6654512 0.0919018 0.0919018
0 0.3621424 0.7904512 0.0919018 0.0919018
0 0.3786865 0.6746424 0.0919018 0.0919018
0 0.3897159 0.8419218 0.0919018 0.0919018
0 0.3915541 0.8143482 0.0919018 0.0919018
0 0.4007453 0.8897159 0.0919018 0.0919018
0 0.4172894 0.5974365 0.0919018 0.0919018
0 0.4228041 0.6415541 0.0919018 0.0919018
0 0.4356718 0.4172894 0.0919018 0.0919018
0 0.4411865 0.7444953 0.0919018 0.0919018
0 0.5772159 0.2132453 0.0919018 0.0919018
0 0.6066276 0.2316276 0.0919018 0.0919018
0 0.6268482 0.2665541 0.0919018 0.0919018
0 0.7739071 0.3272159 0.0919018 0.0919018
0 0.7849365 0.4025835 0.0919018 0.0919018
0 0.8125100 0.3455982 0.0919018 0.0919018
0 0.8125100 0.4393482 0.0919018 0.0919018
0 0.8272159 0.3897159 0.0919018 0.0919018
0 0.8989071 0.4742747 0.0919018 0.0919018
