0 0.2426571 0.5882453 0.2021959 0.2021959
0 0.2536865 0.6121424 0.2021959 0.2021959
0 0.2628776 0.5496424 0.2021959 0.2021959
0 0.2702306 0.5147159 0.2021959 0.2021959
0 0.2702306 0.6158188 0.1470488 0.1470488
0 0.2812600 0.6397159 0.1470488 0.1470488
0 0.2830982 0.6176571 0.2021959 0.2021959
0 0.2886129 0.6342012 0.1102841 0.1102841
0 0.2904512 0.4283188 0.2021959 0.2021959
0 0.2904512 0.5772159 0.1470488 0.1470488
0 0.2941276 0.5588335 0.2021959 0.2021959
0 0.2959659 0.3842012 0.2021959 0.2021959
0 0.2978041 0.5422894 0.1470488 0.1470488
0 0.2996424 0.6580982 0.1102841 0.1102841
0 0.3051571 0.3198629 0.2021959 0.2021959
0 0.3088335 0.5955982 0.1102841 0.1102841
0 0.3106718 0.6452306 0.1470488 0.1470488
0 0.3161865 0.4669218 0.2021959 0.2021959
0 0.3161865 0.5606718 0.1102841 0.1102841
0 0.3180247 0.4558924 0.1470488 0.1470488
0 0.3217012 0.5864071 0.1470488 0.1470488
0 0.3235394 0.4117747 0.1470488 0.1470488
0 0.3290541 0.5055247 0.2021959 0.2021959
0 0.3290541 0.6636129 0.1102841 0.1102841
0 0.3327306 0.3474365 0.1470488 0.1470488
0 0.3327306 0.5937600 0.2021959 0.2021959
0 0.3345688 0.5220688 0.2021959 0.2021959
0 0.3364071 0.4742747 0.1102841 0.1102841
0 0.3400835 0.6047894 0.1102841 0.1102841
0 0.3419218 0.4301571 0.1102841 0.1102841
0 0.3437600 0.4944953 0.1470488 0.1470488
0 0.3511129 0.3658188 0.1102841 0.1102841
0 0.3566276 0.5330982 0.1470488 0.1470488
0 0.3603041 0.6213335 0.1470488 0.1470488
0 0.3621424 0.5128776 0.1102841 0.1102841
0 0.3621424 0.5496424 0.1470488 0.1470488
0 0.3676571 0.4540541 0.2021959 0.2021959
0 0.3750100 0.5514806 0.1102841 0.1102841
0 0.3768482 0.5018482 0.2021959 0.2021959
0 0.3786865 0.6397159 0.1102841 0.1102841
0 0.3805247 0.5680247 0.1102841 0.1102841
0 0.3952306 0.4816276 0.1470488 0.1470488
0 0.3952306 0.5128776 0.2021959 0.2021959
0 0.4025835 0.2205982 0.2021959 0.2021959
0 0.4044218 0.5294218 0.1470488 0.1470488
0 0.4136129 0.5000100 0.1102841 0.1102841
0 0.4154512 0.1948629 0.2021959 0.2021959
0 0.4228041 0.5404512 0.1470488 0.1470488
0 0.4228041 0.5478041 0.1102841 0.1102841
0 0.4301571 0.2481718 0.1470488 0.1470488
0 0.4411865 0.5588335 0.1102841 0.1102841
0 0.4430247 0.2224365 0.1470488 0.1470488
0 0.4485394 0.2665541 0.1102841 0.1102841
0 0.4503776 0.5036865 0.2021959 0.2021959
0 0.4614071 0.2408188 0.1102841 0.1102841
0 0.4614071 0.4393482 0.2021959 0.2021959
0 0.4614071 0.4705982 0.2021959 0.2021959
0 0.4742747 0.3327306 0.2021959 0.2021959
0 0.4779512 0.5312600 0.1470488 0.1470488
0 0.4889806 0.4669218 0.1470488 0.1470488
0 0.4889806 0.4981718 0.1470488 0.1470488
0 0.4944953 0.2573629 0.2021959 0.2021959
0 0.4963335 0.5496424 0.1102841 0.1102841
0 0.5018482 0.3603041 0.1470488 0.1470488
0 0.5073629 0.4853041 0.1102841 0.1102841
0 0.5073629 0.5165541 0.1102841 0.1102841
0 0.5110394 0.2408188 0.2021959 0.2021959
0 0.5202306 0.3786865 0.1102841 0.1102841
0 0.5220688 0.2849365 0.1470488 0.1470488
0 0.5275835 0.2114071 0.2021959 0.2021959
0 0.5386129 0.2683924 0.1470488 0.1470488
0 0.5386129 0.2904512 0.2021959 0.2021959
0 0.5404512 0.3033188 0.1102841 0.1102841
0 0.5551571 0.2389806 0.1470488 0.1470488
0 0.5551571 0.2500100 0.2021959 0.2021959
0 0.5569953 0.2867747 0.1102841 0.1102841
0 0.5661865 0.2316276 0.2021959 0.2021959
0 0.5661865 0.3180247 0.1470488 0.1470488
0 0.5735394 0.2573629 0.1102841 0.1102841
0 0.5827306 0.2775835 0.1470488 0.1470488
0 0.5845688 0.3364071 0.1102841 0.1102841
0 0.5937600 0.2592012 0.1470488 0.1470488
0 0.5955982 0.3014806 0.2021959 0.2021959
0 0.6011129 0.2959659 0.1102841 0.1102841
0 0.6121424 0.2775835 0.1102841 0.1102841
0 0.6231718 0.2647159 0.2021959 0.2021959
0 0.6231718 0.3290541 0.1470488 0.1470488
0 0.6415541 0.3474365 0.1102841 0.1102841
0 0.6489071 0.2922894 0.2021959 0.2021959
0 0.6507453 0.2922894 0.1470488 0.1470488
0 0.6691276 0.3106718 0.1102841 0.1102841
0 0.6764806 0.1654512 0.2021959 0.2021959
0 0.6764806 0.3198629 0.1470488 0.1470488
0 0.6911865 0.2867747 0.2021959 0.2021959
0 0.6948629 0.3382453 0.1102841 0.1102841
0 0.7040541 0.1930247 0.1470488 0.1470488
0 0.7095688 0.1801571 0.2021959 0.2021959
0 0.7187600 0.3143482 0.1470488 0.1470488
0 0.7224365 0.2114071 0.1102841 0.1102841
0 0.7242747 0.2150835 0.2021959 0.2021959
0 0.7371424 0.2077306 0.1470488 0.1470488
0 0.7371424 0.3327306 0.1102841 0.1102841
0 0.7518482 0.2426571 0.1470488 0.1470488
0 0.7555247 0.2261129 0.1102841 0.1102841
0 0.7702306 0.2610394 0.1102841 0.1102841
0 0.8014806 0.1617747 0.1985194 0.2757253
0 0.8382453 0.1985394 0.1617547 0.2021959
0 0.8658188 0.2261129 0.1341812 0.1470488
