0 0.0000100 0.9007453 0.0919018 0.0919018
0 0.0000100 0.9393482 0.0459459 0.0606518
0 0.0367747 0.7720688 0.0919018 0.0919018
0 0.0367747 0.8915541 0.0919018 0.0919018
0 0.0496424 0.6930247 0.0919018 0.0919018
0 0.0680247 0.6728041 0.0919018 0.0919018
0 0.0698629 0.8731718 0.0919018 0.0919018
0 0.0974365 0.8290541 0.1470488 0.1470488
0 0.1617747 0.7536865 0.0919018 0.0919018
0 0.1893482 0.9448629 0.0919018 0.0551371
0 0.2610394 0.8492747 0.0919018 0.0919018
0 0.3639806 0.7114071 0.0919018 0.0919018
0 0.3989071 0.6672894 0.0919018 0.0919018
0 0.5147159 0.5900835 0.0919018 0.0919018
0 0.7242747 0.5937600 0.0919018 0.0919018
