0 0.0000100 0.0000100 0.1525635 0.2536665
0 0.0000100 0.0147159 0.1157988 0.2021959
0 0.0000100 0.0422894 0.0882253 0.1470488
0 0.0000100 0.1194953 0.1268282 0.2021959
0 0.0000100 0.1470688 0.0992547 0.1470488
0 0.0000100 0.1544218 0.2003576 0.2021959
0 0.0000100 0.1654512 0.0808724 0.1102841
0 0.0257453 0.1819953 0.1470488 0.1470488
0 0.0441276 0.2003776 0.1102841 0.1102841
0 0.2058924 0.4375100 0.2757253 0.2757253
0 0.2426571 0.1893482 0.2021959 0.2021959
0 0.2426571 0.4742747 0.2021959 0.2021959
0 0.2702306 0.2169218 0.1470488 0.1470488
0 0.2702306 0.5018482 0.1470488 0.1470488
0 0.2886129 0.2353041 0.1102841 0.1102841
0 0.3033188 0.3400835 0.2021959 0.2021959
0 0.3308924 0.3676571 0.1470488 0.1470488
0 0.3492747 0.3860394 0.1102841 0.1102841
0 0.5496424 0.7555247 0.2021959 0.2021959
0 0.5772159 0.7830982 0.1470488 0.1470488
0 0.5955982 0.8014806 0.1102841 0.1102841
0 0.5974365 0.5625100 0.2021959 0.2021959
0 0.5992747 0.8474365 0.2021959 0.1525635
0 0.6250100 0.5900835 0.1470488 0.1470488
0 0.6268482 0.8750100 0.1470488 0.1249900
0 0.6433924 0.6084659 0.1102841 0.1102841
0 0.6452306 0.8933924 0.1102841 0.1066076
0 0.6489071 0.0000100 0.2021959 0.1635929
0 0.6764806 0.0000100 0.1470488 0.1360194
0 0.6948629 0.0073629 0.1102841 0.1102841
0 0.8492747 0.4007453 0.1507253 0.2021959
0 0.8768482 0.4283188 0.1231518 0.1470488
0 0.8952306 0.4467012 0.1047694 0.1102841
