0 0.5551571 0.1489071 0.2757253 0.2757253
0 0.5919218 0.1856718 0.2021959 0.2021959
0 0.6194953 0.2132453 0.1470488 0.1470488
0 0.6893482 0.0000100 0.2021959 0.1066076
0 0.7169218 0.0000100 0.1470488 0.0790341
0 0.7353041 0.0000100 0.1102841 0.0606518
0 0.7371424 0.1783188 0.2021959 0.2021959
0 0.7426571 0.0000100 0.2021959 0.1746224
0 0.7628776 0.0864071 0.2021959 0.2021959
0 0.7647159 0.2058924 0.1470488 0.1470488
0 0.7702306 0.0000100 0.1470488 0.1470488
0 0.7702306 0.2702306 0.2021959 0.2021959
0 0.7830982 0.2242747 0.1102841 0.1102841
0 0.7849365 0.0386129 0.2021959 0.2021959
0 0.7886129 0.0183924 0.1102841 0.1102841
0 0.7904512 0.1139806 0.1470488 0.1470488
0 0.7978041 0.2978041 0.1470488 0.1470488
0 0.8088335 0.1323629 0.1102841 0.1102841
0 0.8125100 0.0661865 0.1470488 0.1470488
0 0.8161865 0.3161865 0.1102841 0.1102841
0 0.8308924 0.0845688 0.1102841 0.1102841
0 0.8529512 0.2867747 0.1470488 0.2021959
0 0.8805247 0.3143482 0.1194753 0.1470488
0 0.8989071 0.3327306 0.1010929 0.1102841
