0 0.0110394 0.0000100 0.2757253 0.1856518
0 0.0478041 0.0000100 0.2021959 0.1488871
0 0.0753776 0.0000100 0.1470488 0.1213135
0 0.1268482 0.8400835 0.2021959 0.1599165
0 0.1323629 0.8750100 0.2021959 0.1249900
0 0.1544218 0.8676571 0.1470488 0.1323429
0 0.1599365 0.9025835 0.1470488 0.0974165
0 0.1728041 0.8860394 0.1102841 0.1102841
0 0.1783188 0.9209659 0.1102841 0.0790341
0 0.6250100 0.5330982 0.2021959 0.2021959
0 0.6525835 0.5606718 0.1470488 0.1470488
0 0.6709659 0.5790541 0.1102841 0.1102841
