0 0.6764806 0.5073629 0.2021959 0.2021959
0 0.7040541 0.5349365 0.1470488 0.1470488
0 0.7077306 0.4632453 0.2021959 0.2021959
0 0.7224365 0.5533188 0.1102841 0.1102841
0 0.7353041 0.4908188 0.1470488 0.1470488
0 0.7536865 0.5092012 0.1102841 0.1102841
0 0.7555247 0.5735394 0.2021959 0.2021959
0 0.7794218 0.5312600 0.2021959 0.2021959
0 0.7830982 0.6011129 0.1470488 0.1470488
0 0.8014806 0.4944953 0.1985194 0.2021959
0 0.8014806 0.6194953 0.1102841 0.1102841
0 0.8069953 0.5588335 0.1470488 0.1470488
0 0.8253776 0.5772159 0.1102841 0.1102841
0 0.8290541 0.5220688 0.1470488 0.1470488
0 0.8474365 0.5404512 0.1102841 0.1102841
