0 0.3161865 0.1470688 0.2021959 0.2021959
0 0.3437600 0.1746424 0.1470488 0.1470488
0 0.3621424 0.1930247 0.1102841 0.1102841
0 0.5974365 0.5312600 0.2021959 0.2021959
0 0.6194953 0.0000100 0.2021959 0.1580782
0 0.6250100 0.5588335 0.1470488 0.1470488
0 0.6433924 0.5772159 0.1102841 0.1102841
0 0.6470688 0.0000100 0.1470488 0.1305047
0 0.6654512 0.0018482 0.1102841 0.1102841
0 0.6856718 0.2224365 0.2757253 0.2757253
0 0.7205982 0.0000100 0.2021959 0.1029312
0 0.7224365 0.2592012 0.2021959 0.2021959
0 0.7481718 0.0000100 0.1470488 0.0753576
0 0.7500100 0.2867747 0.1470488 0.1470488
0 0.7665541 0.0000100 0.1102841 0.0569753
0 0.8400835 0.0386129 0.1599165 0.2021959
0 0.8676571 0.0661865 0.1323429 0.1470488
0 0.8860394 0.0845688 0.1102841 0.1102841
