0 0.0000100 0.0551571 0.1893282 0.2021959
0 0.0000100 0.1728041 0.1470488 0.2021959
0 0.0000100 0.1985394 0.1286665 0.2021959
0 0.0000100 0.2003776 0.1194753 0.1470488
0 0.0000100 0.2187600 0.1010929 0.1102841
0 0.0000100 0.2261129 0.1010929 0.1470488
0 0.0000100 0.2334659 0.1268282 0.2021959
0 0.0000100 0.2444953 0.0827106 0.1102841
0 0.0000100 0.2610394 0.0992547 0.1470488
0 0.0000100 0.2794218 0.0808724 0.1102841
0 0.0147159 0.0827306 0.1470488 0.1470488
0 0.0239071 0.0110394 0.2021959 0.2021959
0 0.0330982 0.1011129 0.1102841 0.1102841
0 0.0514806 0.0386129 0.1470488 0.1470488
0 0.0698629 0.0569953 0.1102841 0.1102841
0 0.1562600 0.1121424 0.2757253 0.2757253
0 0.1930247 0.1489071 0.2021959 0.2021959
0 0.2205982 0.1764806 0.1470488 0.1470488
0 0.3970688 0.4191276 0.2021959 0.2021959
0 0.4246424 0.4467012 0.1470488 0.1470488
0 0.4430247 0.4650835 0.1102841 0.1102841
