0 0.6286865 0.8731718 0.0919018 0.0919018
0 0.6489071 0.7702306 0.0919018 0.0919018
0 0.6507453 0.9264806 0.0919018 0.0735194
0 0.6580982 0.6066276 0.0919018 0.0919018
0 0.6580982 0.8033188 0.0919018 0.0919018
0 0.6617747 0.7242747 0.0919018 0.0919018
0 0.6746424 0.8842012 0.0919018 0.0919018
0 0.6783188 0.7500100 0.0919018 0.0919018
0 0.6801571 0.9062600 0.1470488 0.0937400
0 0.6875100 0.8529512 0.0919018 0.0919018
0 0.7389806 0.8143482 0.0919018 0.0919018
0 0.7922894 0.9356718 0.0919018 0.0643282
0 0.8161865 0.9430247 0.0919018 0.0569753
0 0.8676571 0.7518482 0.0919018 0.0919018
0 0.8915541 0.8584659 0.0919018 0.0919018
