0 0.6323629 0.2886129 0.2021959 0.2021959
0 0.6599365 0.3161865 0.1470488 0.1470488
0 0.6599365 0.3989071 0.2021959 0.2021959
0 0.6783188 0.3345688 0.1102841 0.1102841
0 0.6875100 0.4264806 0.1470488 0.1470488
0 0.7058924 0.4448629 0.1102841 0.1102841
0 0.7334659 0.6911865 0.2021959 0.2021959
0 0.7610394 0.7187600 0.1470488 0.1470488
0 0.7665541 0.2500100 0.2021959 0.2021959
0 0.7794218 0.7371424 0.1102841 0.1102841
0 0.7830982 0.8437600 0.2021959 0.1562400
0 0.7941276 0.2775835 0.1470488 0.1470488
0 0.8014806 0.7665541 0.1985194 0.2021959
0 0.8106718 0.8713335 0.1470488 0.1286665
0 0.8125100 0.2775835 0.1874900 0.2021959
0 0.8125100 0.2959659 0.1102841 0.1102841
0 0.8290541 0.2371424 0.1709459 0.2021959
0 0.8290541 0.7941276 0.1470488 0.1470488
0 0.8290541 0.8897159 0.1102841 0.1102841
0 0.8400835 0.3051571 0.1470488 0.1470488
0 0.8474365 0.8125100 0.1102841 0.1102841
0 0.8492747 0.7959659 0.1507253 0.2021959
0 0.8566276 0.2647159 0.1433724 0.1470488
0 0.8584659 0.3235394 0.1102841 0.1102841
0 0.8603041 0.3860394 0.1396959 0.2021959
0 0.8731718 0.4338335 0.1268282 0.2021959
0 0.8750100 0.2830982 0.1102841 0.1102841
0 0.8768482 0.8235394 0.1231518 0.1470488
0 0.8878776 0.4136129 0.1121224 0.1470488
0 0.8952306 0.8419218 0.1047694 0.1102841
0 0.9007453 0.4614071 0.0992547 0.1470488
0 0.9062600 0.4319953 0.0937400 0.1102841
0 0.9191276 0.4797894 0.0808724 0.1102841
