0 0.0239071 0.6397159 0.2021959 0.2021959
0 0.0514806 0.6672894 0.1470488 0.1470488
0 0.0698629 0.6856718 0.1102841 0.1102841
0 0.1121424 0.7224365 0.2757253 0.2757253
0 0.1489071 0.7592012 0.2021959 0.2021959
0 0.1764806 0.7867747 0.1470488 0.1470488
0 0.2334659 0.8952306 0.2021959 0.1047694
0 0.2610394 0.9228041 0.1470488 0.0771959
0 0.2794218 0.9411865 0.1102841 0.0588135
0 0.4099365 0.7592012 0.2021959 0.2021959
0 0.4228041 0.8786865 0.2021959 0.1213135
0 0.4375100 0.7867747 0.1470488 0.1470488
0 0.4503776 0.9062600 0.1470488 0.0937400
0 0.4558924 0.8051571 0.1102841 0.1102841
0 0.4687600 0.9246424 0.1102841 0.0753576
0 0.5404512 0.6967012 0.2021959 0.2021959
0 0.5680247 0.7242747 0.1470488 0.1470488
0 0.5864071 0.7426571 0.1102841 0.1102841
