0 0.2830982 0.1691276 0.2757253 0.2757253
0 0.3198629 0.2058924 0.2021959 0.2021959
0 0.3474365 0.2334659 0.1470488 0.1470488
0 0.6397159 0.7481718 0.2021959 0.2021959
0 0.6672894 0.7757453 0.1470488 0.1470488
0 0.6856718 0.7941276 0.1102841 0.1102841
0 0.7739071 0.0000100 0.2021959 0.1047694
0 0.8014806 0.0000100 0.1470488 0.0771959
0 0.8198629 0.0000100 0.1102841 0.0588135
0 0.8217012 0.7316276 0.1782988 0.2021959
0 0.8492747 0.7592012 0.1470488 0.1470488
0 0.8676571 0.7775835 0.1102841 0.1102841
