0 0.0000100 0.0000100 0.2150635 0.2499900
0 0.0000100 0.0110394 0.1782988 0.2021959
0 0.0000100 0.2978041 0.1746224 0.2021959
0 0.0000100 0.3253776 0.1470488 0.1470488
0 0.0000100 0.7775835 0.1084459 0.2021959
0 0.0000100 0.8051571 0.0808724 0.1470488
0 0.0000100 0.8235394 0.0624900 0.1102841
0 0.0036865 0.0386129 0.1470488 0.1470488
0 0.0183924 0.3437600 0.1102841 0.1102841
0 0.0441276 0.4944953 0.2021959 0.2021959
0 0.0459659 0.7077306 0.2021959 0.2021959
0 0.0717012 0.5220688 0.1470488 0.1470488
0 0.0735394 0.7353041 0.1470488 0.1470488
0 0.0845688 0.3125100 0.2021959 0.2021959
0 0.0900835 0.5404512 0.1102841 0.1102841
0 0.0919218 0.7536865 0.1102841 0.1102841
0 0.1029512 0.7610394 0.2021959 0.2021959
0 0.1121424 0.3400835 0.1470488 0.1470488
0 0.1176571 0.2592012 0.2021959 0.2021959
0 0.1305247 0.3584659 0.1102841 0.1102841
0 0.1305247 0.7886129 0.1470488 0.1470488
0 0.1452306 0.2867747 0.1470488 0.1470488
0 0.1489071 0.8069953 0.1102841 0.1102841
0 0.1562600 0.8897159 0.2021959 0.1102841
0 0.1636129 0.3051571 0.1102841 0.1102841
0 0.1801571 0.0937600 0.2021959 0.2021959
0 0.1838335 0.9172894 0.1470488 0.0827106
0 0.2022159 0.9356718 0.1102841 0.0643282
0 0.2077306 0.1213335 0.1470488 0.1470488
0 0.2261129 0.1397159 0.1102841 0.1102841
0 0.2886129 0.8511129 0.2021959 0.1488871
0 0.3161865 0.8786865 0.1470488 0.1213135
0 0.3217012 0.4614071 0.2021959 0.2021959
0 0.3345688 0.0110394 0.2021959 0.2021959
0 0.3345688 0.8970688 0.1102841 0.1029312
0 0.3492747 0.4889806 0.1470488 0.1470488
0 0.3621424 0.0386129 0.1470488 0.1470488
0 0.3676571 0.5073629 0.1102841 0.1102841
0 0.3805247 0.0569953 0.1102841 0.1102841
0 0.3860394 0.1378776 0.2021959 0.2021959
0 0.4136129 0.1654512 0.1470488 0.1470488
0 0.4319953 0.1838335 0.1102841 0.1102841
0 0.4797894 0.0404512 0.2021959 0.2021959
0 0.5073629 0.0680247 0.1470488 0.1470488
0 0.5147159 0.1562600 0.2021959 0.2021959
0 0.5257453 0.0864071 0.1102841 0.1102841
0 0.5422894 0.1838335 0.1470488 0.1470488
0 0.5606718 0.2022159 0.1102841 0.1102841
0 0.5808924 0.0257453 0.2021959 0.2021959
0 0.5864071 0.0000100 0.2021959 0.1341812
0 0.5882453 0.2739071 0.2021959 0.2021959
0 0.6084659 0.0533188 0.1470488 0.1470488
0 0.6139806 0.0000100 0.1470488 0.1066076
0 0.6158188 0.3014806 0.1470488 0.1470488
0 0.6268482 0.0717012 0.1102841 0.1102841
0 0.6323629 0.0000100 0.1102841 0.0882253
0 0.6342012 0.1231718 0.2021959 0.2021959
0 0.6342012 0.3198629 0.1102841 0.1102841
0 0.6452306 0.8180247 0.2757253 0.1819753
0 0.6617747 0.1507453 0.1470488 0.1470488
0 0.6801571 0.1691276 0.1102841 0.1102841
0 0.6819953 0.8547894 0.2021959 0.1452106
0 0.6911865 0.2205982 0.2021959 0.2021959
0 0.7095688 0.8823629 0.1470488 0.1176371
0 0.7187600 0.2481718 0.1470488 0.1470488
0 0.7334659 0.0569953 0.2021959 0.2021959
0 0.7353041 0.1746424 0.2021959 0.2021959
0 0.7371424 0.2665541 0.1102841 0.1102841
0 0.7610394 0.0845688 0.1470488 0.1470488
0 0.7628776 0.2022159 0.1470488 0.1470488
0 0.7739071 0.0000100 0.2021959 0.2021959
0 0.7794218 0.1029512 0.1102841 0.1102841
0 0.7812600 0.2205982 0.1102841 0.1102841
0 0.8014806 0.0275835 0.1470488 0.1470488
0 0.8198629 0.0459659 0.1102841 0.1102841
0 0.8364071 0.0000100 0.1635929 0.1782988
0 0.8639806 0.0036865 0.1360194 0.1470488
0 0.8713335 0.3860394 0.1286665 0.2021959
0 0.8823629 0.0220688 0.1102841 0.1102841
0 0.8989071 0.4136129 0.1010929 0.1470488
0 0.9172894 0.4319953 0.0827106 0.1102841
