0 0.0000100 0.1672894 0.0753576 0.0919018
0 0.0036865 0.8327306 0.0919018 0.0919018
0 0.1011129 0.4595688 0.1470488 0.1470488
0 0.1194953 0.0533188 0.0919018 0.0919018
0 0.1268482 0.1764806 0.1470488 0.1470488
0 0.2922894 0.7371424 0.0919018 0.0919018
0 0.3345688 0.1654512 0.0919018 0.0919018
0 0.3676571 0.3639806 0.0919018 0.0919018
0 0.4062600 0.2334659 0.0919018 0.0919018
0 0.4338335 0.3143482 0.0919018 0.0919018
0 0.4522159 0.0294218 0.0919018 0.0919018
0 0.5404512 0.6838335 0.0919018 0.0919018
0 0.5496424 0.3529512 0.0919018 0.0919018
0 0.8033188 0.3621424 0.0919018 0.0919018
0 0.8419218 0.5864071 0.0919018 0.0919018
0 0.9007453 0.4136129 0.0992547 0.1470488
