0 0.0000100 0.0000100 0.1727841 0.1764606
0 0.0000100 0.0000100 0.1121224 0.1249900
0 0.0000100 0.0000100 0.0845488 0.0974165
0 0.0000100 0.0000100 0.0661665 0.0790341
0 0.0000100 0.0018482 0.1452106 0.1470488
0 0.0000100 0.0330982 0.1746224 0.2021959
0 0.0000100 0.0606718 0.1470488 0.1470488
0 0.0165541 0.0202306 0.1102841 0.1102841
0 0.0183924 0.0790541 0.1102841 0.1102841
0 0.0294218 0.0000100 0.2021959 0.1029312
0 0.0569953 0.0000100 0.1470488 0.0753576
0 0.0753776 0.0000100 0.1102841 0.0569753
