0 0.0330982 0.7665541 0.2021959 0.2021959
0 0.0588335 0.2775835 0.2021959 0.2021959
0 0.0606718 0.7941276 0.1470488 0.1470488
0 0.0790541 0.8125100 0.1102841 0.1102841
0 0.0864071 0.3051571 0.1470488 0.1470488
0 0.1047894 0.3235394 0.1102841 0.1102841
0 0.1397159 0.4908188 0.2021959 0.2021959
0 0.1672894 0.5183924 0.1470488 0.1470488
0 0.1764806 0.0606718 0.2021959 0.2021959
0 0.1856718 0.5367747 0.1102841 0.1102841
0 0.1948629 0.1967012 0.2021959 0.2021959
0 0.2040541 0.0882453 0.1470488 0.1470488
0 0.2205982 0.8253776 0.2021959 0.1746224
0 0.2224365 0.1066276 0.1102841 0.1102841
0 0.2224365 0.2242747 0.1470488 0.1470488
0 0.2408188 0.2426571 0.1102841 0.1102841
0 0.2481718 0.8529512 0.1470488 0.1470488
0 0.2665541 0.8713335 0.1102841 0.1102841
0 0.2830982 0.2978041 0.2021959 0.2021959
0 0.3106718 0.3253776 0.1470488 0.1470488
0 0.3290541 0.3437600 0.1102841 0.1102841
0 0.4044218 0.3878776 0.2021959 0.2021959
0 0.4319953 0.4154512 0.1470488 0.1470488
0 0.4503776 0.0864071 0.2021959 0.2021959
0 0.4503776 0.4338335 0.1102841 0.1102841
0 0.4779512 0.1139806 0.1470488 0.1470488
0 0.4963335 0.1323629 0.1102841 0.1102841
0 0.4981718 0.5680247 0.2021959 0.2021959
0 0.5110394 0.8492747 0.2757253 0.1507253
0 0.5257453 0.5955982 0.1470488 0.1470488
0 0.5441276 0.6139806 0.1102841 0.1102841
0 0.5478041 0.8860394 0.2021959 0.1139606
0 0.5753776 0.9136129 0.1470488 0.0863871
0 0.5937600 0.5110394 0.2021959 0.2021959
0 0.6194953 0.1305247 0.2021959 0.2021959
0 0.6213335 0.5386129 0.1470488 0.1470488
0 0.6286865 0.6746424 0.2021959 0.2021959
0 0.6397159 0.5569953 0.1102841 0.1102841
0 0.6470688 0.1580982 0.1470488 0.1470488
0 0.6562600 0.7022159 0.1470488 0.1470488
0 0.6654512 0.1764806 0.1102841 0.1102841
0 0.6746424 0.7205982 0.1102841 0.1102841
0 0.6764806 0.1415541 0.2021959 0.2021959
0 0.7040541 0.1691276 0.1470488 0.1470488
0 0.7224365 0.1875100 0.1102841 0.1102841
0 0.7297894 0.5349365 0.2021959 0.2021959
0 0.7500100 0.7610394 0.2021959 0.2021959
0 0.7573629 0.5625100 0.1470488 0.1470488
0 0.7757453 0.5808924 0.1102841 0.1102841
0 0.7775835 0.7886129 0.1470488 0.1470488
0 0.7959659 0.8069953 0.1102841 0.1102841
0 0.8033188 0.0000100 0.1966812 0.1691076
0 0.8400835 0.0000100 0.1599165 0.1323429
0 0.8474365 0.8750100 0.1525635 0.1249900
0 0.8676571 0.0000100 0.1323429 0.1047694
0 0.8750100 0.9025835 0.1249900 0.0974165
0 0.8933924 0.9209659 0.1066076 0.0790341
