0 0.0808924 0.7169218 0.0919018 0.0919018
0 0.1360394 0.4650835 0.0919018 0.0919018
0 0.4705982 0.6967012 0.1470488 0.1470488
0 0.5110394 0.6507453 0.0919018 0.0919018
0 0.5165541 0.4797894 0.0919018 0.0919018
0 0.6856718 0.9393482 0.0919018 0.0606518
0 0.6930247 0.4816276 0.0919018 0.0919018
0 0.7316276 0.4007453 0.0919018 0.0919018
0 0.7500100 0.0000100 0.0919018 0.0643282
0 0.7886129 0.1783188 0.0919018 0.0919018
0 0.8253776 0.4503776 0.0919018 0.0919018
0 0.8290541 0.7261129 0.0919018 0.0919018
0 0.8786865 0.7628776 0.0919018 0.0919018
0 0.8915541 0.0790541 0.0919018 0.0919018
0 0.8989071 0.6525835 0.0919018 0.0919018
0 0.9172894 0.3915541 0.0827106 0.0919018
