0 0.4705982 0.6967012 0.2021959 0.2021959
0 0.4981718 0.7242747 0.1470488 0.1470488
0 0.5165541 0.2426571 0.2757253 0.2757253
0 0.5165541 0.7426571 0.1102841 0.1102841
0 0.5349365 0.7775835 0.2021959 0.2021959
0 0.5533188 0.2794218 0.2021959 0.2021959
0 0.5625100 0.1084659 0.2021959 0.2021959
0 0.5625100 0.8051571 0.1470488 0.1470488
0 0.5735394 0.0000100 0.2021959 0.1194753
0 0.5808924 0.3069953 0.1470488 0.1470488
0 0.5808924 0.8235394 0.1102841 0.1102841
0 0.5900835 0.1360394 0.1470488 0.1470488
0 0.6011129 0.0000100 0.1470488 0.0919018
0 0.6084659 0.1544218 0.1102841 0.1102841
0 0.6194953 0.0000100 0.1102841 0.0735194
0 0.6231718 0.8731718 0.2021959 0.1268282
0 0.6489071 0.0110394 0.2021959 0.2021959
0 0.6507453 0.9007453 0.1470488 0.0992547
0 0.6525835 0.3051571 0.2021959 0.2021959
0 0.6525835 0.6672894 0.2021959 0.2021959
0 0.6544218 0.5055247 0.2757253 0.2757253
0 0.6672894 0.4209659 0.2021959 0.2021959
0 0.6691276 0.9191276 0.1102841 0.0808724
0 0.6764806 0.0386129 0.1470488 0.1470488
0 0.6801571 0.3327306 0.1470488 0.1470488
0 0.6801571 0.6948629 0.1470488 0.1470488
0 0.6911865 0.5422894 0.2021959 0.2021959
0 0.6948629 0.0569953 0.1102841 0.1102841
0 0.6948629 0.4485394 0.1470488 0.1470488
0 0.6985394 0.3511129 0.1102841 0.1102841
0 0.6985394 0.7132453 0.1102841 0.1102841
0 0.7040541 0.1893482 0.2021959 0.2021959
0 0.7114071 0.8345688 0.2021959 0.1654312
0 0.7132453 0.4669218 0.1102841 0.1102841
0 0.7187600 0.5698629 0.1470488 0.1470488
0 0.7279512 0.0790541 0.2021959 0.2021959
0 0.7316276 0.2169218 0.1470488 0.1470488
0 0.7389806 0.8621424 0.1470488 0.1378576
0 0.7500100 0.2353041 0.1102841 0.1102841
0 0.7555247 0.1066276 0.1470488 0.1470488
0 0.7573629 0.8805247 0.1102841 0.1102841
0 0.7683924 0.7573629 0.2021959 0.2021959
0 0.7720688 0.0000100 0.2021959 0.1139606
0 0.7739071 0.1250100 0.1102841 0.1102841
0 0.7739071 0.2922894 0.2021959 0.2021959
0 0.7739071 0.4650835 0.2021959 0.2021959
0 0.7775835 0.0000100 0.2021959 0.1819753
0 0.7959659 0.7849365 0.1470488 0.1470488
0 0.7996424 0.0000100 0.1470488 0.0863871
0 0.8014806 0.3198629 0.1470488 0.1470488
0 0.8014806 0.4926571 0.1470488 0.1470488
0 0.8051571 0.0073629 0.1470488 0.1470488
0 0.8069953 0.8731718 0.1930047 0.1268282
0 0.8088335 0.3952306 0.1911665 0.2021959
0 0.8143482 0.8033188 0.1102841 0.1102841
0 0.8180247 0.0000100 0.1102841 0.0680047
0 0.8198629 0.3382453 0.1102841 0.1102841
0 0.8198629 0.5110394 0.1102841 0.1102841
0 0.8235394 0.0257453 0.1102841 0.1102841
0 0.8345688 0.9007453 0.1470488 0.0992547
0 0.8364071 0.3676571 0.1635929 0.2021959
0 0.8364071 0.4228041 0.1470488 0.1470488
0 0.8529512 0.9191276 0.1102841 0.0808724
0 0.8547894 0.4411865 0.1102841 0.1102841
0 0.8639806 0.3952306 0.1360194 0.1470488
0 0.8823629 0.4136129 0.1102841 0.1102841
0 0.8970688 0.7058924 0.1029312 0.2021959
0 0.9246424 0.7334659 0.0753576 0.1470488
0 0.9430247 0.7518482 0.0569753 0.1102841
