0 0.0036865 0.6121424 0.0919018 0.0919018
0 0.0110394 0.0275835 0.0919018 0.0919018
0 0.0275835 0.2500100 0.0919018 0.0919018
0 0.0312600 0.7371424 0.0919018 0.0919018
0 0.0569953 0.0055247 0.0919018 0.0919018
0 0.1360394 0.8308924 0.0919018 0.0919018
0 0.1507453 0.0864071 0.1470488 0.1470488
0 0.1709659 0.4558924 0.0919018 0.0919018
0 0.1911865 0.9485394 0.0919018 0.0514606
0 0.2536865 0.8161865 0.0919018 0.0919018
0 0.2573629 0.3400835 0.0919018 0.0919018
0 0.3308924 0.8400835 0.0919018 0.0919018
0 0.3970688 0.3014806 0.0919018 0.0919018
0 0.4172894 0.0808924 0.0919018 0.0919018
0 0.4540541 0.0000100 0.0919018 0.0882253
0 0.4632453 0.3731718 0.0919018 0.0919018
0 0.5073629 0.1875100 0.0919018 0.0919018
0 0.5110394 0.9448629 0.0919018 0.0551371
0 0.5294218 0.4669218 0.0919018 0.0919018
0 0.5661865 0.0000100 0.0919018 0.0477841
0 0.5808924 0.0257453 0.0919018 0.0919018
0 0.5827306 0.2794218 0.0919018 0.0919018
0 0.6011129 0.1103041 0.0919018 0.0919018
0 0.6838335 0.0661865 0.0919018 0.0919018
0 0.6967012 0.0165541 0.0919018 0.0919018
0 0.7169218 0.1617747 0.0919018 0.0919018
0 0.7279512 0.2683924 0.0919018 0.0919018
0 0.7647159 0.0441276 0.0919018 0.0919018
0 0.8014806 0.7040541 0.1470488 0.1470488
