0 0.5165541 0.0000100 0.2021959 0.1746224
0 0.5441276 0.0000100 0.1470488 0.1470488
0 0.5625100 0.0183924 0.1102841 0.1102841
0 0.5974365 0.0000100 0.2021959 0.1139606
0 0.5992747 0.1047894 0.2021959 0.2021959
0 0.6250100 0.0000100 0.1470488 0.0863871
0 0.6268482 0.1323629 0.1470488 0.1470488
0 0.6360394 0.0000100 0.2021959 0.1525635
0 0.6433924 0.0000100 0.1102841 0.0680047
0 0.6452306 0.1507453 0.1102841 0.1102841
0 0.6617747 0.1231718 0.2021959 0.2021959
0 0.6636129 0.0000100 0.1470488 0.1249900
0 0.6819953 0.0000100 0.1102841 0.1066076
0 0.6838335 0.0514806 0.2021959 0.2021959
0 0.6893482 0.1507453 0.1470488 0.1470488
0 0.7077306 0.1691276 0.1102841 0.1102841
0 0.7114071 0.0790541 0.1470488 0.1470488
0 0.7297894 0.0974365 0.1102841 0.1102841
0 0.7610394 0.1525835 0.2021959 0.2021959
0 0.7610394 0.3437600 0.2021959 0.2021959
0 0.7647159 0.0000100 0.2021959 0.1525635
0 0.7683924 0.2463335 0.2021959 0.2021959
0 0.7886129 0.1801571 0.1470488 0.1470488
0 0.7886129 0.3713335 0.1470488 0.1470488
0 0.7922894 0.0000100 0.1470488 0.1249900
0 0.7959659 0.2739071 0.1470488 0.1470488
0 0.8069953 0.1985394 0.1102841 0.1102841
0 0.8069953 0.3897159 0.1102841 0.1102841
0 0.8106718 0.0000100 0.1102841 0.1066076
0 0.8143482 0.2922894 0.1102841 0.1102841
0 0.8161865 0.1801571 0.1838135 0.2021959
0 0.8253776 0.3694953 0.1746224 0.2021959
0 0.8437600 0.2077306 0.1470488 0.1470488
0 0.8474365 0.0110394 0.1525635 0.2021959
0 0.8529512 0.3970688 0.1470488 0.1470488
0 0.8621424 0.2261129 0.1102841 0.1102841
0 0.8713335 0.2739071 0.1286665 0.2021959
0 0.8713335 0.4154512 0.1102841 0.1102841
0 0.8750100 0.0386129 0.1249900 0.1470488
0 0.8860394 0.0790541 0.1139606 0.2021959
0 0.8933924 0.0569953 0.1066076 0.1102841
0 0.8989071 0.3014806 0.1010929 0.1470488
0 0.9136129 0.1066276 0.0863871 0.1470488
0 0.9172894 0.3198629 0.0827106 0.1102841
0 0.9319953 0.1250100 0.0680047 0.1102841
