0 0.0000100 0.4816276 0.0459459 0.0919018
0 0.0000100 0.5055247 0.0588135 0.0919018
0 0.0000100 0.8272159 0.0808724 0.0919018
0 0.0128776 0.7830982 0.1470488 0.1470488
0 0.0183924 0.6525835 0.0919018 0.0919018
0 0.0183924 0.7040541 0.0919018 0.0919018
0 0.0404512 0.7077306 0.0919018 0.0919018
0 0.0588335 0.9044218 0.0919018 0.0919018
0 0.0735394 0.6691276 0.0919018 0.0919018
0 0.0772159 0.6029512 0.0919018 0.0919018
0 0.0772159 0.7371424 0.0919018 0.0919018
0 0.0882453 0.4338335 0.0919018 0.0919018
0 0.0992747 0.6856718 0.0919018 0.0919018
0 0.1047894 0.6250100 0.0919018 0.0919018
0 0.1176571 0.4834659 0.0919018 0.0919018
0 0.1378776 0.8125100 0.0919018 0.0919018
0 0.1415541 0.2647159 0.0919018 0.0919018
0 0.1452306 0.7518482 0.0919018 0.0919018
0 0.1599365 0.1801571 0.0919018 0.0919018
0 0.1709659 0.3400835 0.0919018 0.0919018
0 0.1728041 0.6507453 0.0919018 0.0919018
0 0.1819953 0.2463335 0.0919018 0.0919018
0 0.1875100 0.4044218 0.1470488 0.1470488
0 0.2022159 0.1838335 0.0919018 0.0919018
0 0.2187600 0.2353041 0.0919018 0.0919018
0 0.2205982 0.2812600 0.0919018 0.0919018
0 0.2316276 0.6342012 0.0919018 0.0919018
0 0.2316276 0.6580982 0.0919018 0.0919018
0 0.2371424 0.8658188 0.0919018 0.0919018
0 0.2408188 0.7058924 0.0919018 0.0919018
0 0.2536865 0.2757453 0.0919018 0.0919018
0 0.2628776 0.7610394 0.0919018 0.0919018
0 0.2702306 0.6231718 0.0919018 0.0919018
0 0.2757453 0.7389806 0.0919018 0.0919018
0 0.2775835 0.7959659 0.0919018 0.0919018
0 0.2794218 0.2242747 0.0919018 0.0919018
0 0.3217012 0.2849365 0.0919018 0.0919018
0 0.3419218 0.6911865 0.0919018 0.0919018
