0 0.3455982 0.6323629 0.2021959 0.2021959
0 0.3731718 0.6599365 0.1470488 0.1470488
0 0.3915541 0.6783188 0.1102841 0.1102841
0 0.4246424 0.7739071 0.2757253 0.2260929
0 0.4614071 0.8106718 0.2021959 0.1893282
0 0.4632453 0.6893482 0.2021959 0.2021959
0 0.4889806 0.8382453 0.1470488 0.1470488
0 0.4908188 0.7169218 0.1470488 0.1470488
0 0.5092012 0.7353041 0.1102841 0.1102841
0 0.6764806 0.7849365 0.2021959 0.2021959
0 0.7040541 0.8125100 0.1470488 0.1470488
0 0.7224365 0.8308924 0.1102841 0.1102841
