0 0.0680247 0.0000100 0.2021959 0.1635929
0 0.0955982 0.0000100 0.1470488 0.1360194
0 0.1103041 0.0000100 0.2021959 0.1360194
0 0.1139806 0.0073629 0.1102841 0.1102841
0 0.1378776 0.0000100 0.1470488 0.1084459
0 0.1562600 0.0000100 0.1102841 0.0900635
0 0.1764806 0.0000100 0.2021959 0.1507253
0 0.1948629 0.0000100 0.2021959 0.1066076
0 0.2040541 0.0000100 0.1470488 0.1231518
0 0.2132453 0.0147159 0.2021959 0.2021959
0 0.2224365 0.0000100 0.1470488 0.0790341
0 0.2224365 0.0000100 0.1102841 0.1047694
0 0.2408188 0.0000100 0.1102841 0.0606518
0 0.2408188 0.0422894 0.1470488 0.1470488
0 0.2592012 0.0606718 0.1102841 0.1102841
0 0.3143482 0.0808924 0.2021959 0.2021959
0 0.3419218 0.1084659 0.1470488 0.1470488
0 0.3455982 0.0478041 0.2021959 0.2021959
0 0.3603041 0.1268482 0.1102841 0.1102841
0 0.3731718 0.0753776 0.1470488 0.1470488
0 0.3915541 0.0937600 0.1102841 0.1102841
0 0.4062600 0.0606718 0.2021959 0.2021959
0 0.4338335 0.0882453 0.1470488 0.1470488
0 0.4522159 0.1066276 0.1102841 0.1102841
0 0.4834659 0.0000100 0.2021959 0.1966812
0 0.5110394 0.0220688 0.1470488 0.1470488
0 0.5275835 0.0000100 0.2021959 0.1635929
0 0.5294218 0.0404512 0.1102841 0.1102841
0 0.5551571 0.0000100 0.1470488 0.1360194
0 0.5735394 0.0073629 0.1102841 0.1102841
0 0.6709659 0.1231718 0.2021959 0.2021959
0 0.6948629 0.0000100 0.2021959 0.1139606
0 0.6985394 0.1507453 0.1470488 0.1470488
0 0.7169218 0.1691276 0.1102841 0.1102841
0 0.7224365 0.0000100 0.1470488 0.0863871
0 0.7297894 0.1194953 0.2021959 0.2021959
0 0.7408188 0.0000100 0.1102841 0.0680047
0 0.7573629 0.1470688 0.1470488 0.1470488
0 0.7647159 0.0000100 0.2021959 0.1691076
0 0.7757453 0.1654512 0.1102841 0.1102841
0 0.7922894 0.0000100 0.1470488 0.1415341
0 0.8106718 0.0128776 0.1102841 0.1102841
0 0.8125100 0.0000100 0.1874900 0.1452106
0 0.8400835 0.0000100 0.1470488 0.1176371
0 0.8547894 0.0000100 0.1452106 0.1305047
0 0.8584659 0.0000100 0.1102841 0.0992547
0 0.8823629 0.0000100 0.1176371 0.1029312
0 0.9007453 0.0000100 0.0992547 0.0845488
