0 0.0000100 0.0000100 0.1856518 0.1176371
0 0.0110394 0.0000100 0.1470488 0.0900635
0 0.0294218 0.0000100 0.1102841 0.0716812
0 0.1415541 0.6250100 0.2021959 0.2021959
0 0.1691276 0.6525835 0.1470488 0.1470488
0 0.1875100 0.6709659 0.1102841 0.1102841
0 0.2922894 0.5790541 0.2021959 0.2021959
0 0.3198629 0.6066276 0.1470488 0.1470488
0 0.3382453 0.6250100 0.1102841 0.1102841
0 0.4614071 0.3474365 0.2757253 0.2757253
0 0.4981718 0.3842012 0.2021959 0.2021959
0 0.5257453 0.4117747 0.1470488 0.1470488
