0 0.0000100 0.6011129 0.1268282 0.2021959
0 0.0000100 0.6286865 0.0992547 0.1470488
0 0.0000100 0.6470688 0.0808724 0.1102841
0 0.3198629 0.4172894 0.2021959 0.2021959
0 0.3474365 0.4448629 0.1470488 0.1470488
0 0.3658188 0.4632453 0.1102841 0.1102841
0 0.6139806 0.2996424 0.2021959 0.2021959
0 0.6415541 0.3272159 0.1470488 0.1470488
0 0.6599365 0.3455982 0.1102841 0.1102841
0 0.6728041 0.1948629 0.2021959 0.2021959
0 0.7003776 0.2224365 0.1470488 0.1470488
0 0.7187600 0.2408188 0.1102841 0.1102841
