0 0.0000100 0.3125100 0.1470488 0.2021959
0 0.0000100 0.3400835 0.1360194 0.2021959
0 0.0000100 0.3400835 0.1194753 0.1470488
0 0.0000100 0.3584659 0.1010929 0.1102841
0 0.0000100 0.3639806 0.1139606 0.2021959
0 0.0000100 0.3676571 0.1084459 0.1470488
0 0.0000100 0.3860394 0.0900635 0.1102841
0 0.0000100 0.3915541 0.0863871 0.1470488
0 0.0000100 0.4099365 0.0680047 0.1102841
0 0.1360394 0.3069953 0.2021959 0.2021959
0 0.1636129 0.3345688 0.1470488 0.1470488
0 0.1819953 0.3529512 0.1102841 0.1102841
