0 0.2408188 0.7205982 0.2757253 0.2757253
0 0.2775835 0.7573629 0.2021959 0.2021959
0 0.3051571 0.7849365 0.1470488 0.1470488
0 0.3308924 0.3253776 0.2757253 0.2757253
0 0.3676571 0.3621424 0.2021959 0.2021959
0 0.3952306 0.3897159 0.1470488 0.1470488
0 0.7334659 0.4650835 0.2665341 0.2757253
0 0.7702306 0.5018482 0.2021959 0.2021959
0 0.7978041 0.5294218 0.1470488 0.1470488
0 0.8419218 0.5864071 0.1580782 0.2757253
0 0.8786865 0.6231718 0.1213135 0.2021959
0 0.9062600 0.6507453 0.0937400 0.1470488
