0 0.3639806 0.6709659 0.2021959 0.2021959
0 0.3915541 0.6985394 0.1470488 0.1470488
0 0.4099365 0.7169218 0.1102841 0.1102841
0 0.5055247 0.5827306 0.2757253 0.2757253
0 0.5073629 0.4926571 0.2021959 0.2021959
0 0.5349365 0.5202306 0.1470488 0.1470488
0 0.5422894 0.6194953 0.2021959 0.2021959
0 0.5533188 0.5386129 0.1102841 0.1102841
0 0.5698629 0.6470688 0.1470488 0.1470488
0 0.6047894 0.2261129 0.2021959 0.2021959
0 0.6305247 0.8676571 0.2021959 0.1323429
0 0.6323629 0.2536865 0.1470488 0.1470488
0 0.6507453 0.2720688 0.1102841 0.1102841
0 0.6580982 0.8952306 0.1470488 0.1047694
0 0.6764806 0.9136129 0.1102841 0.0863871
0 0.6930247 0.7592012 0.2021959 0.2021959
0 0.7205982 0.7867747 0.1470488 0.1470488
0 0.7389806 0.8051571 0.1102841 0.1102841
0 0.7408188 0.8437600 0.2021959 0.1562400
0 0.7683924 0.8713335 0.1470488 0.1286665
0 0.7867747 0.8897159 0.1102841 0.1102841
0 0.7941276 0.8014806 0.2058724 0.1985194
0 0.8308924 0.8382453 0.1691076 0.1617547
0 0.8584659 0.8658188 0.1415341 0.1341812
