0 0.5459659 0.5275835 0.2021959 0.2021959
0 0.5735394 0.5551571 0.1470488 0.1470488
0 0.5919218 0.5735394 0.1102841 0.1102841
0 0.6286865 0.0000100 0.2757253 0.2205782
0 0.6654512 0.0000100 0.2021959 0.1838135
0 0.6930247 0.0092012 0.1470488 0.1470488
0 0.7683924 0.7996424 0.2021959 0.2003576
0 0.7959659 0.8272159 0.1470488 0.1470488
0 0.8125100 0.4301571 0.1874900 0.2757253
0 0.8143482 0.8455982 0.1102841 0.1102841
0 0.8308924 0.8180247 0.1691076 0.1819753
0 0.8492747 0.4669218 0.1507253 0.2021959
0 0.8584659 0.8455982 0.1415341 0.1470488
0 0.8768482 0.4944953 0.1231518 0.1470488
0 0.8768482 0.8639806 0.1102841 0.1102841
