0 0.4283188 0.4099365 0.2021959 0.2021959
0 0.4558924 0.4375100 0.1470488 0.1470488
0 0.4614071 0.7389806 0.2021959 0.2021959
0 0.4742747 0.4558924 0.1102841 0.1102841
0 0.4889806 0.7665541 0.1470488 0.1470488
0 0.5073629 0.7849365 0.1102841 0.1102841
0 0.5092012 0.4099365 0.2021959 0.2021959
0 0.5367747 0.4375100 0.1470488 0.1470488
0 0.5551571 0.4558924 0.1102841 0.1102841
0 0.6985394 0.0000100 0.2757253 0.1433724
0 0.7353041 0.0000100 0.2021959 0.1066076
0 0.7628776 0.0000100 0.1470488 0.0790341
