0 0.0000100 0.0000100 0.1966812 0.1415341
0 0.0000100 0.0128776 0.1764606 0.2021959
0 0.0000100 0.0680247 0.1360194 0.2021959
0 0.0000100 0.0790541 0.2003576 0.2021959
0 0.0000100 0.0955982 0.1084459 0.1470488
0 0.0000100 0.1139806 0.0900635 0.1102841
0 0.0018482 0.0404512 0.1470488 0.1470488
0 0.0183924 0.0257453 0.2021959 0.2021959
0 0.0202306 0.0588335 0.1102841 0.1102841
0 0.0220688 0.0000100 0.1470488 0.1139606
0 0.0257453 0.1066276 0.1470488 0.1470488
0 0.0404512 0.0000100 0.1102841 0.0955782
0 0.0441276 0.1250100 0.1102841 0.1102841
0 0.0459659 0.0533188 0.1470488 0.1470488
0 0.0643482 0.0717012 0.1102841 0.1102841
0 0.0772159 0.0257453 0.2021959 0.2021959
0 0.0790541 0.0000100 0.2021959 0.1727841
0 0.0974365 0.0312600 0.2021959 0.2021959
0 0.1047894 0.0533188 0.1470488 0.1470488
0 0.1066276 0.0000100 0.1470488 0.1452106
0 0.1084659 0.0753776 0.2021959 0.2021959
0 0.1231718 0.0717012 0.1102841 0.1102841
0 0.1250100 0.0165541 0.1102841 0.1102841
0 0.1250100 0.0588335 0.1470488 0.1470488
0 0.1305247 0.0404512 0.2021959 0.2021959
0 0.1360394 0.1029512 0.1470488 0.1470488
0 0.1433924 0.0772159 0.1102841 0.1102841
0 0.1544218 0.1213335 0.1102841 0.1102841
0 0.1580982 0.0680247 0.1470488 0.1470488
0 0.1764806 0.0864071 0.1102841 0.1102841
0 0.1801571 0.0698629 0.2021959 0.2021959
0 0.2003776 0.1342012 0.2021959 0.2021959
0 0.2040541 0.1047894 0.2021959 0.2021959
0 0.2040541 0.3106718 0.2757253 0.2757253
0 0.2077306 0.0974365 0.1470488 0.1470488
0 0.2261129 0.1158188 0.1102841 0.1102841
0 0.2279512 0.1617747 0.1470488 0.1470488
0 0.2316276 0.1323629 0.1470488 0.1470488
0 0.2408188 0.3474365 0.2021959 0.2021959
0 0.2463335 0.1801571 0.1102841 0.1102841
0 0.2500100 0.0110394 0.2021959 0.2021959
0 0.2500100 0.1507453 0.1102841 0.1102841
0 0.2610394 0.1672894 0.2021959 0.2021959
0 0.2683924 0.3750100 0.1470488 0.1470488
0 0.2702306 0.0000100 0.2021959 0.1966812
0 0.2775835 0.0386129 0.1470488 0.1470488
0 0.2886129 0.1948629 0.1470488 0.1470488
0 0.2959659 0.0569953 0.1102841 0.1102841
0 0.2978041 0.0220688 0.1470488 0.1470488
0 0.3069953 0.2132453 0.1102841 0.1102841
0 0.3106718 0.0147159 0.2021959 0.2021959
0 0.3125100 0.0625100 0.2021959 0.2021959
0 0.3143482 0.1397159 0.2021959 0.2021959
0 0.3161865 0.0404512 0.1102841 0.1102841
0 0.3272159 0.1011129 0.2021959 0.2021959
0 0.3382453 0.0422894 0.1470488 0.1470488
0 0.3400835 0.0900835 0.1470488 0.1470488
0 0.3419218 0.1672894 0.1470488 0.1470488
0 0.3547894 0.1286865 0.1470488 0.1470488
0 0.3566276 0.0606718 0.1102841 0.1102841
0 0.3584659 0.1084659 0.1102841 0.1102841
0 0.3603041 0.1856718 0.1102841 0.1102841
0 0.3658188 0.1084659 0.2021959 0.2021959
0 0.3731718 0.1470688 0.1102841 0.1102841
0 0.3933924 0.1360394 0.1470488 0.1470488
0 0.4117747 0.1544218 0.1102841 0.1102841
0 0.8860394 0.5514806 0.1139606 0.2021959
0 0.9136129 0.5790541 0.0863871 0.1470488
0 0.9319953 0.5974365 0.0680047 0.1102841
