0 0.6250100 0.2628776 0.2021959 0.2021959
0 0.6470688 0.3327306 0.2021959 0.2021959
0 0.6489071 0.3805247 0.2021959 0.2021959
0 0.6525835 0.2904512 0.1470488 0.1470488
0 0.6599365 0.4172894 0.2021959 0.2021959
0 0.6636129 0.4503776 0.2021959 0.2021959
0 0.6691276 0.2205982 0.2021959 0.2021959
0 0.6709659 0.3088335 0.1102841 0.1102841
0 0.6728041 0.3492747 0.2021959 0.2021959
0 0.6746424 0.3603041 0.1470488 0.1470488
0 0.6764806 0.4080982 0.1470488 0.1470488
0 0.6875100 0.4448629 0.1470488 0.1470488
0 0.6911865 0.4779512 0.1470488 0.1470488
0 0.6930247 0.3786865 0.1102841 0.1102841
0 0.6930247 0.4246424 0.2021959 0.2021959
0 0.6948629 0.4264806 0.1102841 0.1102841
0 0.6967012 0.2481718 0.1470488 0.1470488
0 0.7003776 0.3768482 0.1470488 0.1470488
0 0.7022159 0.1893482 0.2021959 0.2021959
0 0.7022159 0.4963335 0.2021959 0.2021959
0 0.7058924 0.4632453 0.1102841 0.1102841
0 0.7077306 0.4025835 0.2021959 0.2021959
0 0.7095688 0.4963335 0.1102841 0.1102841
0 0.7095688 0.5478041 0.2021959 0.2021959
0 0.7150835 0.2665541 0.1102841 0.1102841
0 0.7169218 0.3805247 0.2021959 0.2021959
0 0.7187600 0.3952306 0.1102841 0.1102841
0 0.7187600 0.5239071 0.2021959 0.2021959
0 0.7205982 0.4522159 0.1470488 0.1470488
0 0.7242747 0.6047894 0.2021959 0.2021959
0 0.7297894 0.2169218 0.1470488 0.1470488
0 0.7297894 0.5239071 0.1470488 0.1470488
0 0.7316276 0.3364071 0.2021959 0.2021959
0 0.7353041 0.3603041 0.2021959 0.2021959
0 0.7353041 0.4301571 0.1470488 0.1470488
0 0.7371424 0.5753776 0.1470488 0.1470488
0 0.7389806 0.4705982 0.1102841 0.1102841
0 0.7444953 0.4080982 0.1470488 0.1470488
0 0.7444953 0.6213335 0.2021959 0.2021959
0 0.7463335 0.2849365 0.2021959 0.2021959
0 0.7463335 0.4761129 0.2021959 0.2021959
0 0.7463335 0.5514806 0.1470488 0.1470488
0 0.7481718 0.2353041 0.1102841 0.1102841
0 0.7481718 0.5422894 0.1102841 0.1102841
0 0.7518482 0.6323629 0.1470488 0.1470488
0 0.7536865 0.4485394 0.1102841 0.1102841
0 0.7555247 0.5937600 0.1102841 0.1102841
0 0.7592012 0.3639806 0.1470488 0.1470488
0 0.7592012 0.8125100 0.2021959 0.1874900
0 0.7628776 0.3878776 0.1470488 0.1470488
0 0.7628776 0.4264806 0.1102841 0.1102841
0 0.7628776 0.6599365 0.2021959 0.2021959
0 0.7647159 0.5698629 0.1102841 0.1102841
0 0.7702306 0.6507453 0.1102841 0.1102841
0 0.7720688 0.6489071 0.1470488 0.1470488
0 0.7720688 0.7610394 0.2021959 0.2021959
0 0.7739071 0.3125100 0.1470488 0.1470488
0 0.7739071 0.4467012 0.2021959 0.2021959
0 0.7739071 0.5036865 0.1470488 0.1470488
0 0.7775835 0.3823629 0.1102841 0.1102841
0 0.7812600 0.4062600 0.1102841 0.1102841
0 0.7812600 0.8382453 0.2021959 0.1617547
0 0.7867747 0.8400835 0.1470488 0.1470488
0 0.7904512 0.6672894 0.1102841 0.1102841
0 0.7904512 0.6875100 0.1470488 0.1470488
0 0.7922894 0.3308924 0.1102841 0.1102841
0 0.7922894 0.5220688 0.1102841 0.1102841
0 0.7959659 0.4191276 0.2021959 0.2021959
0 0.7959659 0.7022159 0.2021959 0.2021959
0 0.7978041 0.8125100 0.2021959 0.1874900
0 0.7996424 0.7536865 0.2003576 0.2021959
0 0.7996424 0.7886129 0.1470488 0.1470488
0 0.8014806 0.4742747 0.1470488 0.1470488
0 0.8033188 0.7830982 0.1966812 0.2021959
0 0.8051571 0.8584659 0.1102841 0.1102841
0 0.8088335 0.7058924 0.1102841 0.1102841
0 0.8088335 0.8658188 0.1470488 0.1341812
0 0.8125100 0.2775835 0.1874900 0.2021959
0 0.8180247 0.8069953 0.1102841 0.1102841
0 0.8198629 0.4926571 0.1102841 0.1102841
0 0.8235394 0.3823629 0.1764606 0.2021959
0 0.8235394 0.4467012 0.1470488 0.1470488
0 0.8235394 0.7297894 0.1470488 0.1470488
0 0.8253776 0.8400835 0.1470488 0.1470488
0 0.8272159 0.7812600 0.1470488 0.1470488
0 0.8272159 0.8842012 0.1102841 0.1102841
0 0.8308924 0.8106718 0.1470488 0.1470488
0 0.8400835 0.3051571 0.1470488 0.1470488
0 0.8400835 0.4797894 0.1599165 0.2021959
0 0.8419218 0.4650835 0.1102841 0.1102841
0 0.8419218 0.7481718 0.1102841 0.1102841
0 0.8437600 0.8584659 0.1102841 0.1102841
0 0.8455982 0.7996424 0.1102841 0.1102841
0 0.8492747 0.5864071 0.1507253 0.2021959
0 0.8492747 0.8290541 0.1102841 0.1102841
0 0.8511129 0.4099365 0.1470488 0.1470488
0 0.8547894 0.5606718 0.1452106 0.2021959
0 0.8584659 0.3235394 0.1102841 0.1102841
0 0.8639806 0.5110394 0.1360194 0.2021959
0 0.8676571 0.5073629 0.1323429 0.1470488
0 0.8694953 0.4283188 0.1102841 0.1102841
0 0.8713335 0.4467012 0.1286665 0.2021959
0 0.8768482 0.6139806 0.1231518 0.1470488
0 0.8823629 0.5882453 0.1176371 0.1470488
0 0.8860394 0.5257453 0.1102841 0.1102841
0 0.8915541 0.5386129 0.1084459 0.1470488
0 0.8952306 0.6323629 0.1047694 0.1102841
0 0.8989071 0.4742747 0.1010929 0.1470488
0 0.9007453 0.6066276 0.0992547 0.1102841
0 0.9099365 0.5569953 0.0900635 0.1102841
0 0.9172894 0.4926571 0.0827106 0.1102841
