0 0.0000100 0.0000100 0.1911665 0.1341812
0 0.0000100 0.0147159 0.1452106 0.2021959
0 0.0000100 0.0422894 0.1176371 0.1470488
0 0.0000100 0.0606718 0.0992547 0.1102841
0 0.0000100 0.0864071 0.1930047 0.2021959
0 0.0000100 0.1011129 0.1139606 0.2021959
0 0.0000100 0.1286865 0.0863871 0.1470488
0 0.0000100 0.1470688 0.0680047 0.1102841
0 0.0000100 0.1691276 0.1396959 0.2021959
0 0.0000100 0.1819953 0.1782988 0.2021959
0 0.0000100 0.1967012 0.1121224 0.1470488
0 0.0000100 0.2150835 0.0937400 0.1102841
0 0.0036865 0.2095688 0.1470488 0.1470488
0 0.0165541 0.0000100 0.1470488 0.1066076
0 0.0183924 0.1139806 0.1470488 0.1470488
0 0.0220688 0.2279512 0.1102841 0.1102841
0 0.0349365 0.0000100 0.1102841 0.0882253
0 0.0367747 0.1323629 0.1102841 0.1102841
0 0.0864071 0.0441276 0.2021959 0.2021959
0 0.1121424 0.1066276 0.2021959 0.2021959
0 0.1139806 0.0717012 0.1470488 0.1470488
0 0.1323629 0.0900835 0.1102841 0.1102841
0 0.1397159 0.1342012 0.1470488 0.1470488
0 0.1525835 0.1360394 0.2021959 0.2021959
0 0.1580982 0.1525835 0.1102841 0.1102841
0 0.1801571 0.1636129 0.1470488 0.1470488
0 0.1856718 0.1452306 0.2021959 0.2021959
0 0.1985394 0.1819953 0.1102841 0.1102841
0 0.2132453 0.1728041 0.1470488 0.1470488
0 0.2316276 0.1911865 0.1102841 0.1102841
