0 0.0330982 0.0000100 0.2757253 0.2646959
0 0.0698629 0.0257453 0.2021959 0.2021959
0 0.0974365 0.0533188 0.1470488 0.1470488
0 0.1728041 0.4816276 0.2021959 0.2021959
0 0.1985394 0.2720688 0.2021959 0.2021959
0 0.2003776 0.5092012 0.1470488 0.1470488
0 0.2187600 0.5275835 0.1102841 0.1102841
0 0.2261129 0.2996424 0.1470488 0.1470488
0 0.2444953 0.3180247 0.1102841 0.1102841
0 0.2592012 0.2150835 0.2021959 0.2021959
0 0.2867747 0.2426571 0.1470488 0.1470488
0 0.3051571 0.2610394 0.1102841 0.1102841
0 0.4283188 0.3014806 0.2021959 0.2021959
0 0.4558924 0.3290541 0.1470488 0.1470488
0 0.4687600 0.2261129 0.2021959 0.2021959
0 0.4742747 0.3474365 0.1102841 0.1102841
0 0.4963335 0.2536865 0.1470488 0.1470488
0 0.5147159 0.2720688 0.1102841 0.1102841
0 0.8161865 0.7720688 0.1838135 0.2021959
0 0.8308924 0.8198629 0.1691076 0.1801371
0 0.8437600 0.7996424 0.1470488 0.1470488
0 0.8584659 0.8474365 0.1415341 0.1470488
0 0.8621424 0.8180247 0.1102841 0.1102841
0 0.8768482 0.8658188 0.1102841 0.1102841
