0 0.0000100 0.3198629 0.0477841 0.0919018
0 0.0000100 0.4797894 0.0624900 0.0919018
0 0.0000100 0.6378776 0.0827106 0.0919018
0 0.0349365 0.7886129 0.0919018 0.0919018
0 0.0772159 0.5643482 0.0919018 0.0919018
0 0.0845688 0.7481718 0.0919018 0.0919018
0 0.0919218 0.2040541 0.0919018 0.0919018
0 0.1047894 0.1636129 0.0919018 0.0919018
0 0.1047894 0.2849365 0.0919018 0.0919018
0 0.1103041 0.3180247 0.0919018 0.0919018
0 0.1139806 0.5845688 0.0919018 0.0919018
0 0.1176571 0.2426571 0.0919018 0.0919018
0 0.1525835 0.3842012 0.0919018 0.0919018
0 0.2169218 0.4044218 0.1470488 0.1470488
0 0.2169218 0.6194953 0.0919018 0.0919018
0 0.2371424 0.1176571 0.0919018 0.0919018
0 0.2573629 0.1875100 0.0919018 0.0919018
0 0.2904512 0.0588335 0.0919018 0.0919018
0 0.3308924 0.1268482 0.0919018 0.0919018
0 0.3511129 0.2444953 0.0919018 0.0919018
0 0.3842012 0.0147159 0.0919018 0.0919018
0 0.4228041 0.1158188 0.0919018 0.0919018
