0 0.0386129 0.1470688 0.2021959 0.2021959
0 0.0661865 0.1746424 0.1470488 0.1470488
0 0.0845688 0.1930247 0.1102841 0.1102841
0 0.2426571 0.1580982 0.2021959 0.2021959
0 0.2702306 0.1856718 0.1470488 0.1470488
0 0.2886129 0.2040541 0.1102841 0.1102841
0 0.3180247 0.0000100 0.2021959 0.1525635
0 0.3455982 0.0000100 0.1470488 0.1249900
0 0.3639806 0.0000100 0.1102841 0.1066076
0 0.6893482 0.8308924 0.2757253 0.1691076
0 0.7261129 0.8676571 0.2021959 0.1323429
0 0.7536865 0.8952306 0.1470488 0.1047694
