0 0.0000100 0.7647159 0.1488871 0.2021959
0 0.0000100 0.7922894 0.1213135 0.1470488
0 0.0000100 0.8106718 0.1029312 0.1102841
0 0.1360394 0.6875100 0.2021959 0.2021959
0 0.1636129 0.7150835 0.1470488 0.1470488
0 0.1819953 0.7334659 0.1102841 0.1102841
0 0.2040541 0.2683924 0.2021959 0.2021959
0 0.2316276 0.2959659 0.1470488 0.1470488
0 0.2500100 0.3143482 0.1102841 0.1102841
0 0.3768482 0.6213335 0.2021959 0.2021959
0 0.4044218 0.6489071 0.1470488 0.1470488
0 0.4228041 0.6672894 0.1102841 0.1102841
0 0.4319953 0.2665541 0.2021959 0.2021959
0 0.4577306 0.5772159 0.2021959 0.2021959
0 0.4595688 0.2941276 0.1470488 0.1470488
0 0.4779512 0.3125100 0.1102841 0.1102841
0 0.4853041 0.6047894 0.1470488 0.1470488
0 0.5036865 0.6231718 0.1102841 0.1102841
0 0.5294218 0.0275835 0.2021959 0.2021959
0 0.5569953 0.0551571 0.1470488 0.1470488
0 0.5735394 0.2316276 0.2021959 0.2021959
0 0.5753776 0.0735394 0.1102841 0.1102841
0 0.6011129 0.2592012 0.1470488 0.1470488
0 0.6194953 0.2775835 0.1102841 0.1102841
0 0.6948629 0.3878776 0.2021959 0.2021959
0 0.6967012 0.2426571 0.2021959 0.2021959
0 0.7095688 0.6452306 0.2021959 0.2021959
0 0.7224365 0.4154512 0.1470488 0.1470488
0 0.7242747 0.2702306 0.1470488 0.1470488
0 0.7371424 0.6728041 0.1470488 0.1470488
0 0.7408188 0.4338335 0.1102841 0.1102841
0 0.7426571 0.2886129 0.1102841 0.1102841
0 0.7555247 0.6911865 0.1102841 0.1102841
