0 0.0000100 0.0000100 0.0845488 0.0771959
0 0.0000100 0.4577306 0.0588135 0.1102841
0 0.0257453 0.0092012 0.0919018 0.0919018
0 0.0625100 0.0000100 0.0919018 0.0680047
0 0.0735394 0.0533188 0.0919018 0.0919018
0 0.0753776 0.0073629 0.0919018 0.0919018
0 0.1029512 0.0478041 0.0919018 0.0919018
0 0.1562600 0.0459659 0.0919018 0.0919018
0 0.1580982 0.0000100 0.0919018 0.0551371
0 0.2150835 0.0202306 0.0919018 0.0919018
0 0.2187600 0.0661865 0.0919018 0.0919018
0 0.2279512 0.0404512 0.0919018 0.0919018
0 0.2481718 0.0717012 0.0919018 0.0919018
0 0.2959659 0.0569953 0.1102841 0.1102841
0 0.3603041 0.1415541 0.0919018 0.0919018
0 0.3897159 0.1029512 0.0919018 0.0919018
0 0.5128776 0.5220688 0.0919018 0.0919018
0 0.5239071 0.0330982 0.0919018 0.0919018
0 0.5386129 0.2628776 0.0919018 0.0919018
0 0.5606718 0.0000100 0.0919018 0.0790341
0 0.5882453 0.0441276 0.0919018 0.0919018
0 0.6360394 0.2150835 0.0919018 0.0919018
0 0.6599365 0.1691276 0.0919018 0.0919018
0 0.7904512 0.4062600 0.0919018 0.0919018
0 0.8970688 0.3952306 0.1029312 0.1102841
