0 0.1764806 0.3400835 0.2021959 0.2021959
0 0.1948629 0.8584659 0.2021959 0.1415341
0 0.2040541 0.3676571 0.1470488 0.1470488
0 0.2224365 0.3860394 0.1102841 0.1102841
0 0.2224365 0.8860394 0.1470488 0.1139606
0 0.2408188 0.9044218 0.1102841 0.0955782
0 0.3143482 0.7849365 0.2021959 0.2021959
0 0.3419218 0.5974365 0.2021959 0.2021959
0 0.3419218 0.8125100 0.1470488 0.1470488
0 0.3603041 0.8308924 0.1102841 0.1102841
0 0.3694953 0.6250100 0.1470488 0.1470488
0 0.3878776 0.6433924 0.1102841 0.1102841
0 0.4669218 0.5753776 0.2021959 0.2021959
0 0.4944953 0.6029512 0.1470488 0.1470488
0 0.5128776 0.6213335 0.1102841 0.1102841
