0 0.0000100 0.0478041 0.2242547 0.2757253
0 0.0000100 0.0845688 0.1874900 0.2021959
0 0.0000100 0.3621424 0.1635929 0.2021959
0 0.0000100 0.3897159 0.1360194 0.1470488
0 0.0000100 0.4319953 0.1801371 0.2021959
0 0.0000100 0.4503776 0.1635929 0.2757253
0 0.0000100 0.4871424 0.1268282 0.2021959
0 0.0000100 0.5147159 0.0992547 0.1470488
0 0.0000100 0.5349365 0.1507253 0.2021959
0 0.0000100 0.5625100 0.1231518 0.1470488
0 0.0000100 0.5808924 0.1047694 0.1102841
0 0.0000100 0.6489071 0.1599165 0.2021959
0 0.0000100 0.6764806 0.1323429 0.1470488
0 0.0000100 0.7536865 0.1801371 0.2021959
0 0.0000100 0.8547894 0.1874900 0.1452106
0 0.0036865 0.6948629 0.1102841 0.1102841
0 0.0055247 0.4595688 0.1470488 0.1470488
0 0.0055247 0.7812600 0.1470488 0.1470488
0 0.0073629 0.4080982 0.1102841 0.1102841
0 0.0128776 0.1121424 0.1470488 0.1470488
0 0.0128776 0.8823629 0.1470488 0.1176371
0 0.0239071 0.4779512 0.1102841 0.1102841
0 0.0239071 0.7996424 0.1102841 0.1102841
0 0.0312600 0.9007453 0.1102841 0.0992547
