0 0.1819953 0.9375100 0.0919018 0.0624900
0 0.2022159 0.2775835 0.0919018 0.0919018
0 0.2187600 0.7849365 0.0919018 0.0919018
0 0.2941276 0.4595688 0.1470488 0.1470488
0 0.3161865 0.7628776 0.0919018 0.0919018
0 0.3253776 0.6544218 0.0919018 0.0919018
0 0.3364071 0.8731718 0.0919018 0.0919018
0 0.3658188 0.7187600 0.0919018 0.0919018
0 0.3786865 0.8511129 0.0919018 0.0919018
0 0.3952306 0.7481718 0.0919018 0.0919018
0 0.4797894 0.6985394 0.0919018 0.0919018
0 0.5110394 0.6599365 0.0919018 0.0919018
0 0.5422894 0.6654512 0.0919018 0.0919018
0 0.5459659 0.9467012 0.0919018 0.0532988
0 0.6176571 0.8786865 0.0919018 0.0919018
0 0.6286865 0.8069953 0.0919018 0.0919018
0 0.6544218 0.8069953 0.0919018 0.0919018
0 0.6838335 0.9411865 0.0919018 0.0588135
0 0.6911865 0.7334659 0.0919018 0.0919018
0 0.7022159 0.8419218 0.0919018 0.0919018
0 0.7187600 0.6213335 0.0919018 0.0919018
0 0.7426571 0.7150835 0.0919018 0.0919018
0 0.7702306 0.7757453 0.1470488 0.1470488
0 0.7757453 0.7408188 0.0919018 0.0919018
0 0.8014806 0.9154512 0.0919018 0.0845488
0 0.8511129 0.7334659 0.0919018 0.0919018
0 0.9393482 0.9393482 0.0606518 0.0606518
0 0.9503776 0.8198629 0.0496224 0.0919018
