0 0.0000100 0.0000100 0.1930047 0.2499900
0 0.0000100 0.0110394 0.1562400 0.2021959
0 0.0000100 0.0386129 0.1286665 0.1470488
0 0.2114071 0.7518482 0.2021959 0.2021959
0 0.2389806 0.7794218 0.1470488 0.1470488
0 0.2573629 0.7978041 0.1102841 0.1102841
0 0.4062600 0.5496424 0.2021959 0.2021959
0 0.4338335 0.5772159 0.1470488 0.1470488
0 0.4356718 0.3860394 0.2021959 0.2021959
0 0.4522159 0.5955982 0.1102841 0.1102841
0 0.4632453 0.4136129 0.1470488 0.1470488
0 0.4816276 0.4319953 0.1102841 0.1102841
0 0.5147159 0.4908188 0.2021959 0.2021959
0 0.5422894 0.5183924 0.1470488 0.1470488
0 0.5606718 0.5367747 0.1102841 0.1102841
0 0.5753776 0.6103041 0.2021959 0.2021959
0 0.6011129 0.1801571 0.2021959 0.2021959
0 0.6029512 0.6378776 0.1470488 0.1470488
0 0.6213335 0.6562600 0.1102841 0.1102841
0 0.6286865 0.2077306 0.1470488 0.1470488
0 0.6470688 0.2261129 0.1102841 0.1102841
0 0.7592012 0.3952306 0.2407988 0.2757253
0 0.7959659 0.4319953 0.2021959 0.2021959
0 0.8235394 0.4595688 0.1470488 0.1470488
