0 0.0000100 0.4944953 0.1691076 0.2021959
0 0.0000100 0.5220688 0.1415341 0.1470488
0 0.0128776 0.5404512 0.1102841 0.1102841
0 0.2444953 0.0551571 0.2757253 0.2757253
0 0.2628776 0.5808924 0.2021959 0.2021959
0 0.2812600 0.0919218 0.2021959 0.2021959
0 0.2904512 0.6084659 0.1470488 0.1470488
0 0.3088335 0.1194953 0.1470488 0.1470488
0 0.3088335 0.6268482 0.1102841 0.1102841
0 0.4485394 0.0000100 0.2021959 0.1801371
0 0.4761129 0.0055247 0.1470488 0.1470488
0 0.4853041 0.1250100 0.2021959 0.2021959
0 0.4944953 0.0239071 0.1102841 0.1102841
0 0.5128776 0.1525835 0.1470488 0.1470488
0 0.5239071 0.4614071 0.2021959 0.2021959
0 0.5312600 0.1709659 0.1102841 0.1102841
0 0.5514806 0.4889806 0.1470488 0.1470488
0 0.5698629 0.5073629 0.1102841 0.1102841
0 0.6470688 0.1250100 0.2021959 0.2021959
0 0.6746424 0.1525835 0.1470488 0.1470488
0 0.6930247 0.1709659 0.1102841 0.1102841
0 0.8603041 0.5000100 0.1396959 0.2021959
0 0.8878776 0.5275835 0.1121224 0.1470488
0 0.9062600 0.5459659 0.0937400 0.1102841
