0 0.2628776 0.6121424 0.2757253 0.2757253
0 0.2996424 0.6489071 0.2021959 0.2021959
0 0.3272159 0.6764806 0.1470488 0.1470488
0 0.4044218 0.5257453 0.2021959 0.2021959
0 0.4319953 0.5533188 0.1470488 0.1470488
0 0.4503776 0.5717012 0.1102841 0.1102841
0 0.5110394 0.6985394 0.2021959 0.2021959
0 0.5386129 0.7261129 0.1470488 0.1470488
0 0.5569953 0.7444953 0.1102841 0.1102841
0 0.7683924 0.0000100 0.2021959 0.1507253
0 0.7959659 0.0000100 0.1470488 0.1231518
0 0.8143482 0.0000100 0.1102841 0.1047694
