0 0.0000100 0.4467012 0.1801371 0.2021959
0 0.0000100 0.4853041 0.1801371 0.2021959
0 0.0036865 0.3106718 0.2021959 0.2021959
0 0.0055247 0.4742747 0.1470488 0.1470488
0 0.0055247 0.5128776 0.1470488 0.1470488
0 0.0239071 0.4926571 0.1102841 0.1102841
0 0.0239071 0.5312600 0.1102841 0.1102841
0 0.0312600 0.3382453 0.1470488 0.1470488
0 0.0386129 0.2978041 0.2021959 0.2021959
0 0.0496424 0.3566276 0.1102841 0.1102841
0 0.0661865 0.3253776 0.1470488 0.1470488
0 0.0845688 0.3437600 0.1102841 0.1102841
0 0.1709659 0.4614071 0.2021959 0.2021959
0 0.1985394 0.4889806 0.1470488 0.1470488
0 0.2169218 0.5073629 0.1102841 0.1102841
