0 0.0496424 0.6268482 0.1470488 0.1470488
0 0.2040541 0.0937600 0.0919018 0.0919018
0 0.2040541 0.6875100 0.0919018 0.0919018
0 0.2665541 0.3069953 0.0919018 0.0919018
0 0.3088335 0.4228041 0.0919018 0.0919018
0 0.3235394 0.7426571 0.0919018 0.0919018
0 0.3290541 0.4834659 0.0919018 0.0919018
0 0.3455982 0.5349365 0.0919018 0.0919018
0 0.3566276 0.7408188 0.0919018 0.0919018
0 0.4485394 0.3492747 0.0919018 0.0919018
0 0.5147159 0.2279512 0.0919018 0.0919018
0 0.5919218 0.5294218 0.0919018 0.0919018
0 0.6066276 0.1360394 0.0919018 0.0919018
0 0.7205982 0.1819953 0.1102841 0.1102841
0 0.7261129 0.8713335 0.1470488 0.1286665
0 0.7371424 0.6654512 0.0919018 0.0919018
0 0.7408188 0.0000100 0.0919018 0.0771959
0 0.7959659 0.0478041 0.0919018 0.0919018
