0 0.0000100 0.0000100 0.2610194 0.2040341
0 0.0220688 0.0000100 0.2021959 0.1672694
0 0.0330982 0.8786865 0.2021959 0.1213135
0 0.0496424 0.0000100 0.1470488 0.1396959
0 0.0606718 0.9062600 0.1470488 0.0937400
0 0.0790541 0.9246424 0.1102841 0.0753576
0 0.1250100 0.0000100 0.2021959 0.1874900
0 0.1525835 0.0128776 0.1470488 0.1470488
0 0.1599365 0.8933924 0.2021959 0.1066076
0 0.1709659 0.0312600 0.1102841 0.1102841
0 0.1783188 0.2224365 0.2021959 0.2021959
0 0.1875100 0.9209659 0.1470488 0.0790341
0 0.2058924 0.2500100 0.1470488 0.1470488
0 0.2058924 0.9393482 0.1102841 0.0606518
0 0.2242747 0.2683924 0.1102841 0.1102841
0 0.2444953 0.0000100 0.2021959 0.1838135
0 0.2665541 0.0294218 0.2021959 0.2021959
0 0.2720688 0.0092012 0.1470488 0.1470488
0 0.2904512 0.0275835 0.1102841 0.1102841
0 0.2941276 0.0569953 0.1470488 0.1470488
0 0.3125100 0.0753776 0.1102841 0.1102841
0 0.3180247 0.0882453 0.2021959 0.2021959
0 0.3180247 0.7665541 0.2021959 0.2021959
0 0.3455982 0.1158188 0.1470488 0.1470488
0 0.3455982 0.7941276 0.1470488 0.1470488
0 0.3639806 0.0864071 0.2021959 0.2021959
0 0.3639806 0.1342012 0.1102841 0.1102841
0 0.3639806 0.8125100 0.1102841 0.1102841
0 0.3694953 0.8400835 0.2021959 0.1599165
0 0.3713335 0.0367747 0.2021959 0.2021959
0 0.3915541 0.1139806 0.1470488 0.1470488
0 0.3970688 0.8676571 0.1470488 0.1323429
0 0.3989071 0.0643482 0.1470488 0.1470488
0 0.4099365 0.1323629 0.1102841 0.1102841
0 0.4154512 0.8860394 0.1102841 0.1102841
0 0.4172894 0.0827306 0.1102841 0.1102841
0 0.4264806 0.0735394 0.2021959 0.2021959
0 0.4430247 0.7739071 0.2021959 0.2021959
0 0.4540541 0.1011129 0.1470488 0.1470488
0 0.4705982 0.8014806 0.1470488 0.1470488
0 0.4724365 0.1194953 0.1102841 0.1102841
0 0.4889806 0.8198629 0.1102841 0.1102841
0 0.5330982 0.1709659 0.2021959 0.2021959
0 0.5606718 0.1985394 0.1470488 0.1470488
0 0.5790541 0.2169218 0.1102841 0.1102841
0 0.5845688 0.8069953 0.2021959 0.1930047
0 0.6121424 0.8345688 0.1470488 0.1470488
0 0.6305247 0.8529512 0.1102841 0.1102841
0 0.7261129 0.8290541 0.2021959 0.1709459
0 0.7536865 0.8566276 0.1470488 0.1433724
0 0.7720688 0.8750100 0.1102841 0.1102841
0 0.8805247 0.2573629 0.1194753 0.2021959
0 0.9080982 0.2849365 0.0919018 0.1470488
0 0.9264806 0.3033188 0.0735194 0.1102841
