0 0.1709659 0.3437600 0.2757253 0.2757253
0 0.2077306 0.3805247 0.2021959 0.2021959
0 0.2353041 0.4080982 0.1470488 0.1470488
0 0.3639806 0.4467012 0.2021959 0.2021959
0 0.3915541 0.4742747 0.1470488 0.1470488
0 0.4099365 0.4926571 0.1102841 0.1102841
0 0.5717012 0.0533188 0.2757253 0.2757253
0 0.6084659 0.0900835 0.2021959 0.2021959
0 0.6286865 0.6286865 0.2021959 0.2021959
0 0.6360394 0.1176571 0.1470488 0.1470488
0 0.6562600 0.6562600 0.1470488 0.1470488
0 0.6746424 0.6544218 0.2021959 0.2021959
0 0.6746424 0.6746424 0.1102841 0.1102841
0 0.7022159 0.6819953 0.1470488 0.1470488
0 0.7132453 0.5790541 0.2021959 0.2021959
0 0.7205982 0.7003776 0.1102841 0.1102841
0 0.7408188 0.6066276 0.1470488 0.1470488
0 0.7592012 0.6250100 0.1102841 0.1102841
0 0.7978041 0.7941276 0.2021959 0.2021959
0 0.8051571 0.6250100 0.1948429 0.2021959
0 0.8253776 0.8217012 0.1470488 0.1470488
0 0.8327306 0.6525835 0.1470488 0.1470488
0 0.8345688 0.5367747 0.1654312 0.2021959
0 0.8437600 0.8400835 0.1102841 0.1102841
0 0.8511129 0.6709659 0.1102841 0.1102841
0 0.8584659 0.7297894 0.1415341 0.2021959
0 0.8621424 0.5643482 0.1378576 0.1470488
0 0.8750100 0.4485394 0.1249900 0.2021959
0 0.8805247 0.5827306 0.1102841 0.1102841
0 0.8860394 0.7573629 0.1139606 0.1470488
0 0.9025835 0.4761129 0.0974165 0.1470488
0 0.9044218 0.7757453 0.0955782 0.1102841
0 0.9209659 0.4944953 0.0790341 0.1102841
