0 0.0000100 0.6599365 0.0919018 0.0919018
0 0.0000100 0.6875100 0.0643282 0.0919018
0 0.0000100 0.7426571 0.0845488 0.0919018
0 0.0018482 0.0790541 0.0919018 0.0919018
0 0.0018482 0.2058924 0.0919018 0.0919018
0 0.0220688 0.2941276 0.0919018 0.0919018
0 0.0422894 0.6158188 0.0919018 0.0919018
0 0.0514806 0.4705982 0.0919018 0.0919018
0 0.0625100 0.7904512 0.0919018 0.0919018
0 0.0937600 0.8658188 0.0919018 0.0919018
0 0.1103041 0.3713335 0.0919018 0.0919018
0 0.1544218 0.0882453 0.0919018 0.0919018
0 0.1654512 0.2205982 0.0919018 0.0919018
0 0.1654512 0.4025835 0.0919018 0.0919018
0 0.1783188 0.3713335 0.0919018 0.0919018
0 0.2003776 0.3455982 0.0919018 0.0919018
0 0.2040541 0.0937600 0.0919018 0.0919018
0 0.2150835 0.9522159 0.0919018 0.0477841
0 0.2224365 0.4228041 0.0919018 0.0919018
0 0.2224365 0.8327306 0.0919018 0.0919018
0 0.2353041 0.2812600 0.0919018 0.0919018
0 0.2757453 0.6893482 0.0919018 0.0919018
0 0.2775835 0.8584659 0.0919018 0.0919018
0 0.2794218 0.0404512 0.0919018 0.0919018
0 0.2794218 0.0772159 0.0919018 0.0919018
0 0.3051571 0.2775835 0.0919018 0.0919018
0 0.3106718 0.7132453 0.0919018 0.0919018
0 0.3161865 0.5551571 0.0919018 0.0919018
0 0.3308924 0.0992747 0.0919018 0.0919018
0 0.3364071 0.5110394 0.0919018 0.0919018
0 0.3474365 0.7058924 0.0919018 0.0919018
0 0.3694953 0.3069953 0.0919018 0.0919018
0 0.3694953 0.4816276 0.0919018 0.0919018
0 0.3860394 0.4044218 0.0919018 0.0919018
0 0.4080982 0.6764806 0.0919018 0.0919018
0 0.4283188 0.3511129 0.0919018 0.0919018
0 0.4375100 0.6819953 0.0919018 0.0919018
0 0.4853041 0.4375100 0.0919018 0.0919018
0 0.4926571 0.2941276 0.0919018 0.0919018
0 0.5202306 0.7205982 0.0919018 0.0919018
0 0.5275835 0.2739071 0.0919018 0.0919018
0 0.5294218 0.5165541 0.0919018 0.0919018
0 0.5478041 0.4099365 0.0919018 0.0919018
0 0.5643482 0.7536865 0.0919018 0.0919018
0 0.5661865 0.5955982 0.0919018 0.0919018
0 0.5772159 0.5036865 0.0919018 0.0919018
0 0.5827306 0.5367747 0.0919018 0.0919018
0 0.5864071 0.1286865 0.0919018 0.0919018
0 0.5882453 0.8970688 0.0919018 0.0919018
0 0.5992747 0.4724365 0.0919018 0.0919018
0 0.6029512 0.1489071 0.0919018 0.0919018
0 0.6084659 0.3621424 0.0919018 0.0919018
0 0.6139806 0.1746424 0.0919018 0.0919018
0 0.6360394 0.0661865 0.0919018 0.0919018
0 0.6452306 0.4136129 0.0919018 0.0919018
0 0.6562600 0.1470688 0.0919018 0.0919018
0 0.6599365 0.0937600 0.0919018 0.0919018
0 0.6691276 0.5165541 0.0919018 0.0919018
0 0.6838335 0.1305247 0.0919018 0.0919018
0 0.7077306 0.3455982 0.0919018 0.0919018
0 0.7353041 0.0514806 0.1102841 0.1102841
0 0.7536865 0.5275835 0.0919018 0.0919018
0 0.7665541 0.3382453 0.0919018 0.0919018
0 0.7665541 0.4632453 0.0919018 0.0919018
0 0.8033188 0.0772159 0.0919018 0.0919018
0 0.8106718 0.2058924 0.0919018 0.0919018
0 0.8161865 0.1397159 0.0919018 0.0919018
0 0.8198629 0.2555247 0.0919018 0.0919018
0 0.8253776 0.5312600 0.0919018 0.0919018
0 0.8400835 0.0698629 0.0919018 0.0919018
0 0.8400835 0.3308924 0.0919018 0.0919018
0 0.8529512 0.4264806 0.0919018 0.0919018
0 0.8603041 0.1213335 0.0919018 0.0919018
0 0.8676571 0.5092012 0.0919018 0.0919018
0 0.8842012 0.6397159 0.0919018 0.0919018
0 0.8970688 0.4779512 0.0919018 0.0919018
0 0.9099365 0.8639806 0.0900635 0.0919018
0 0.9319953 0.0753776 0.0680047 0.0919018
0 0.9338335 0.4338335 0.0661665 0.0919018
