0 0.0349365 0.1029512 0.0919018 0.0919018
0 0.0569953 0.8033188 0.0919018 0.0919018
0 0.0882453 0.4375100 0.0919018 0.0919018
0 0.1029512 0.5514806 0.0919018 0.0919018
0 0.1580982 0.2647159 0.0919018 0.0919018
0 0.2371424 0.2114071 0.0919018 0.0919018
0 0.2444953 0.1672894 0.0919018 0.0919018
0 0.2849365 0.3511129 0.0919018 0.0919018
0 0.4228041 0.3033188 0.0919018 0.0919018
0 0.4393482 0.6562600 0.1470488 0.1470488
0 0.4411865 0.4411865 0.0919018 0.0919018
0 0.4467012 0.3915541 0.0919018 0.0919018
0 0.5422894 0.4595688 0.0919018 0.0919018
0 0.5717012 0.3474365 0.0919018 0.0919018
0 0.6636129 0.2463335 0.0919018 0.0919018
0 0.7536865 0.1158188 0.0919018 0.0919018
0 0.7830982 0.0000100 0.0919018 0.0606518
0 0.8069953 0.0000100 0.0919018 0.0845488
0 0.8382453 0.2481718 0.0919018 0.0919018
0 0.8529512 0.6121424 0.0919018 0.0919018
0 0.8694953 0.5147159 0.0919018 0.0919018
0 0.8952306 0.2150835 0.0919018 0.0919018
0 0.9283188 0.6819953 0.0716812 0.0919018
