0 0.0000100 0.4834659 0.0680047 0.0919018
0 0.0000100 0.5165541 0.0477841 0.0919018
0 0.0073629 0.4448629 0.0919018 0.0919018
0 0.0772159 0.4522159 0.0919018 0.0919018
0 0.0864071 0.5349365 0.0919018 0.0919018
0 0.2077306 0.5606718 0.0919018 0.0919018
0 0.2279512 0.4724365 0.0919018 0.0919018
0 0.2371424 0.5202306 0.0919018 0.0919018
0 0.2555247 0.3750100 0.0919018 0.0919018
0 0.3088335 0.3952306 0.0919018 0.0919018
0 0.3180247 0.5386129 0.0919018 0.0919018
0 0.3842012 0.4963335 0.0919018 0.0919018
0 0.5643482 0.7959659 0.0919018 0.0919018
0 0.6084659 0.8290541 0.0919018 0.0919018
