0 0.0000100 0.0864071 0.0716812 0.0919018
0 0.0202306 0.7371424 0.0919018 0.0919018
0 0.0680247 0.2058924 0.0919018 0.0919018
0 0.1066276 0.4080982 0.0919018 0.0919018
0 0.1764806 0.5808924 0.0919018 0.0919018
0 0.2647159 0.2996424 0.0919018 0.0919018
0 0.3217012 0.1231718 0.1470488 0.1470488
0 0.3400835 0.5147159 0.1470488 0.1470488
0 0.3823629 0.9430247 0.0919018 0.0569753
0 0.3897159 0.1911865 0.0919018 0.0919018
0 0.3952306 0.3235394 0.0919018 0.0919018
0 0.4650835 0.1286865 0.0919018 0.0919018
0 0.4908188 0.2205982 0.1102841 0.1102841
0 0.5018482 0.8511129 0.0919018 0.0919018
0 0.5606718 0.1617747 0.0919018 0.0919018
0 0.5680247 0.4871424 0.0919018 0.0919018
0 0.5864071 0.1544218 0.0919018 0.0919018
0 0.6268482 0.4430247 0.0919018 0.0919018
0 0.6819953 0.3345688 0.0919018 0.0919018
0 0.7353041 0.4375100 0.0919018 0.0919018
