0 0.0000100 0.1599365 0.1415341 0.2757253
0 0.0000100 0.1967012 0.1047694 0.2021959
0 0.0000100 0.2242747 0.0771959 0.1470488
0 0.2573629 0.6654512 0.2757253 0.2757253
0 0.2941276 0.7022159 0.2021959 0.2021959
0 0.3217012 0.7297894 0.1470488 0.1470488
0 0.5036865 0.0386129 0.2021959 0.2021959
0 0.5312600 0.0661865 0.1470488 0.1470488
0 0.5496424 0.0845688 0.1102841 0.1102841
0 0.6213335 0.4558924 0.2021959 0.2021959
0 0.6489071 0.4834659 0.1470488 0.1470488
0 0.6672894 0.5018482 0.1102841 0.1102841
0 0.6709659 0.2922894 0.2021959 0.2021959
0 0.6985394 0.3198629 0.1470488 0.1470488
0 0.7169218 0.3382453 0.1102841 0.1102841
0 0.7610394 0.4117747 0.2021959 0.2021959
0 0.7702306 0.5900835 0.2021959 0.2021959
0 0.7886129 0.4393482 0.1470488 0.1470488
0 0.7978041 0.6176571 0.1470488 0.1470488
0 0.8069953 0.4577306 0.1102841 0.1102841
0 0.8161865 0.6360394 0.1102841 0.1102841
0 0.8180247 0.2334659 0.1819753 0.2021959
0 0.8217012 0.6194953 0.1782988 0.2021959
0 0.8455982 0.2610394 0.1470488 0.1470488
0 0.8492747 0.6470688 0.1470488 0.1470488
0 0.8639806 0.2794218 0.1102841 0.1102841
0 0.8676571 0.6654512 0.1102841 0.1102841
0 0.8897159 0.6967012 0.1102841 0.2021959
0 0.9172894 0.7242747 0.0827106 0.1470488
0 0.9356718 0.7426571 0.0643282 0.1102841
