0 0.5073629 0.0661865 0.2021959 0.2021959
0 0.5349365 0.0937600 0.1470488 0.1470488
0 0.5533188 0.1121424 0.1102841 0.1102841
0 0.5992747 0.5845688 0.2021959 0.2021959
0 0.6268482 0.6121424 0.1470488 0.1470488
0 0.6452306 0.6305247 0.1102841 0.1102841
0 0.7426571 0.1286865 0.2021959 0.2021959
0 0.7702306 0.1562600 0.1470488 0.1470488
0 0.7886129 0.1746424 0.1102841 0.1102841
0 0.8474365 0.0514806 0.1525635 0.2021959
0 0.8750100 0.0790541 0.1249900 0.1470488
0 0.8933924 0.0974365 0.1066076 0.1102841
