0 0.0000100 0.0533188 0.0588135 0.0919018
0 0.0000100 0.2371424 0.0845488 0.0919018
0 0.0000100 0.4889806 0.0900635 0.1470488
0 0.0036865 0.8088335 0.0919018 0.0919018
0 0.0073629 0.0772159 0.0919018 0.0919018
0 0.0110394 0.7242747 0.0919018 0.0919018
0 0.0165541 0.0974365 0.0919018 0.0919018
0 0.0183924 0.0000100 0.1470488 0.0827106
0 0.0202306 0.6323629 0.0919018 0.0919018
0 0.0202306 0.8364071 0.0919018 0.0919018
0 0.0312600 0.3603041 0.0919018 0.0919018
0 0.0404512 0.3143482 0.0919018 0.0919018
0 0.0533188 0.7720688 0.0919018 0.0919018
0 0.0643482 0.4577306 0.0919018 0.0919018
0 0.0698629 0.8217012 0.0919018 0.0919018
0 0.0717012 0.4301571 0.0919018 0.0919018
0 0.0717012 0.5643482 0.0919018 0.0919018
0 0.0772159 0.0496424 0.0919018 0.0919018
0 0.0790541 0.1819953 0.0919018 0.0919018
0 0.0790541 0.3658188 0.0919018 0.0919018
0 0.0845688 0.7169218 0.0919018 0.0919018
0 0.0882453 0.1507453 0.0919018 0.0919018
0 0.0900835 0.6783188 0.0919018 0.0919018
0 0.1011129 0.9191276 0.0919018 0.0808724
0 0.1194953 0.8584659 0.0919018 0.0919018
0 0.1378776 0.8125100 0.0919018 0.0919018
0 0.1397159 0.2463335 0.0919018 0.0919018
0 0.1783188 0.8584659 0.0919018 0.0919018
