0 0.0533188 0.0588335 0.2021959 0.2021959
0 0.0808924 0.0864071 0.1470488 0.1470488
0 0.0992747 0.1047894 0.1102841 0.1102841
0 0.1452306 0.0000100 0.2021959 0.1874900
0 0.1728041 0.0128776 0.1470488 0.1470488
0 0.1728041 0.0698629 0.2021959 0.2021959
0 0.1911865 0.0312600 0.1102841 0.1102841
0 0.1985394 0.0000100 0.2021959 0.1856518
0 0.2003776 0.0974365 0.1470488 0.1470488
0 0.2187600 0.1158188 0.1102841 0.1102841
0 0.2261129 0.0110394 0.1470488 0.1470488
0 0.2444953 0.0294218 0.1102841 0.1102841
0 0.2941276 0.0000100 0.2021959 0.1764606
0 0.2978041 0.0606718 0.2021959 0.2021959
0 0.3217012 0.0018482 0.1470488 0.1470488
0 0.3253776 0.0882453 0.1470488 0.1470488
0 0.3400835 0.0202306 0.1102841 0.1102841
0 0.3437600 0.1066276 0.1102841 0.1102841
0 0.3933924 0.0239071 0.2021959 0.2021959
0 0.4209659 0.0514806 0.1470488 0.1470488
0 0.4393482 0.0698629 0.1102841 0.1102841
0 0.5772159 0.0478041 0.2757253 0.2757253
0 0.6139806 0.0845688 0.2021959 0.2021959
0 0.6415541 0.1121424 0.1470488 0.1470488
