0 0.0533188 0.5239071 0.2757253 0.2757253
0 0.0900835 0.5606718 0.2021959 0.2021959
0 0.1176571 0.5882453 0.1470488 0.1470488
0 0.2739071 0.4889806 0.2021959 0.2021959
0 0.3014806 0.5165541 0.1470488 0.1470488
0 0.3198629 0.5349365 0.1102841 0.1102841
0 0.3235394 0.6433924 0.2021959 0.2021959
0 0.3511129 0.6709659 0.1470488 0.1470488
0 0.3603041 0.4172894 0.2021959 0.2021959
0 0.3694953 0.6893482 0.1102841 0.1102841
0 0.3878776 0.4448629 0.1470488 0.1470488
0 0.4062600 0.4632453 0.1102841 0.1102841
0 0.4099365 0.6489071 0.2021959 0.2021959
0 0.4375100 0.6764806 0.1470488 0.1470488
0 0.4558924 0.6948629 0.1102841 0.1102841
0 0.4595688 0.3952306 0.2021959 0.2021959
0 0.4871424 0.4228041 0.1470488 0.1470488
0 0.5055247 0.4411865 0.1102841 0.1102841
