0 0.3106718 0.7628776 0.0919018 0.0919018
0 0.4853041 0.8621424 0.0919018 0.0919018
0 0.5404512 0.7830982 0.0919018 0.0919018
0 0.5661865 0.5937600 0.0919018 0.0919018
0 0.5753776 0.8106718 0.0919018 0.0919018
0 0.6158188 0.7702306 0.0919018 0.0919018
0 0.6342012 0.6194953 0.0919018 0.0919018
0 0.6654512 0.7261129 0.0919018 0.0919018
0 0.6728041 0.7628776 0.0919018 0.0919018
0 0.6911865 0.7867747 0.0919018 0.0919018
0 0.7095688 0.9283188 0.0919018 0.0716812
0 0.7279512 0.8750100 0.0919018 0.0919018
0 0.7500100 0.8069953 0.0919018 0.0919018
0 0.7592012 0.7297894 0.0919018 0.0919018
0 0.7867747 0.5955982 0.0919018 0.0919018
