0 0.2592012 0.6562600 0.0919018 0.0919018
0 0.3621424 0.6268482 0.0919018 0.0919018
0 0.3915541 0.7334659 0.0919018 0.0919018
0 0.4007453 0.4926571 0.0919018 0.0919018
0 0.4044218 0.6911865 0.0919018 0.0919018
0 0.4136129 0.6452306 0.0919018 0.0919018
0 0.4356718 0.6819953 0.0919018 0.0919018
0 0.4540541 0.6525835 0.0919018 0.0919018
0 0.4614071 0.7114071 0.0919018 0.0919018
0 0.4981718 0.6875100 0.0919018 0.0919018
0 0.5110394 0.6103041 0.0919018 0.0919018
0 0.5478041 0.1342012 0.0919018 0.0919018
0 0.5882453 0.1047894 0.0919018 0.0919018
0 0.6158188 0.2022159 0.0919018 0.0919018
0 0.6728041 0.4393482 0.1470488 0.1470488
0 0.6875100 0.2389806 0.0919018 0.0919018
0 0.6930247 0.2132453 0.0919018 0.0919018
0 0.7132453 0.3860394 0.0919018 0.0919018
0 0.7169218 0.2022159 0.0919018 0.0919018
0 0.7242747 0.1691276 0.0919018 0.0919018
0 0.7426571 0.8823629 0.0919018 0.0919018
0 0.7518482 0.9283188 0.0919018 0.0716812
0 0.7555247 0.1911865 0.0919018 0.0919018
0 0.7573629 0.4062600 0.0919018 0.0919018
0 0.7573629 0.4522159 0.0919018 0.0919018
0 0.7683924 0.8455982 0.0919018 0.0919018
0 0.7739071 0.4338335 0.0919018 0.0919018
0 0.7812600 0.2040541 0.0919018 0.0919018
0 0.7886129 0.3069953 0.0919018 0.0919018
0 0.7941276 0.3805247 0.0919018 0.0919018
0 0.8088335 0.3529512 0.0919018 0.0919018
0 0.8106718 0.2941276 0.0919018 0.0919018
0 0.8345688 0.9356718 0.0919018 0.0643282
0 0.8419218 0.7867747 0.0919018 0.0919018
0 0.8566276 0.9522159 0.0919018 0.0477841
0 0.8658188 0.8750100 0.0919018 0.0919018
0 0.9154512 0.8694953 0.0845488 0.0919018
