0 0.0000100 0.4356718 0.0790341 0.0919018
0 0.0000100 0.4889806 0.0790341 0.0919018
0 0.0000100 0.6066276 0.0863871 0.0919018
0 0.0000100 0.7132453 0.0698429 0.0919018
0 0.0000100 0.7371424 0.0698429 0.0919018
0 0.0000100 0.8345688 0.0532988 0.0919018
0 0.0000100 0.8658188 0.0771959 0.0919018
0 0.0000100 0.9319953 0.0459459 0.0680047
0 0.0000100 0.9338335 0.0698429 0.0661665
0 0.0055247 0.8492747 0.0919018 0.0919018
0 0.0092012 0.5661865 0.0919018 0.0919018
0 0.0128776 0.7536865 0.0919018 0.0919018
0 0.0147159 0.9301571 0.0919018 0.0698429
0 0.0220688 0.6415541 0.0919018 0.0919018
0 0.0220688 0.6636129 0.0919018 0.0919018
0 0.0257453 0.4687600 0.0919018 0.0919018
0 0.0257453 0.5165541 0.0919018 0.0919018
0 0.0257453 0.6066276 0.0919018 0.0919018
0 0.0275835 0.8511129 0.0919018 0.0919018
0 0.0404512 0.4411865 0.0919018 0.0919018
0 0.0422894 0.8584659 0.0919018 0.0919018
0 0.0478041 0.7077306 0.1102841 0.1102841
0 0.0606718 0.9154512 0.0919018 0.0845488
0 0.0643482 0.5275835 0.0919018 0.0919018
0 0.0661865 0.6084659 0.0919018 0.0919018
0 0.0735394 0.7610394 0.0919018 0.0919018
0 0.0790541 0.7481718 0.0919018 0.0919018
0 0.0790541 0.8676571 0.0919018 0.0919018
0 0.0827306 0.4926571 0.0919018 0.0919018
0 0.0827306 0.6360394 0.0919018 0.0919018
0 0.0919218 0.9301571 0.0919018 0.0698429
0 0.1047894 0.6856718 0.0919018 0.0919018
0 0.1066276 0.8731718 0.0919018 0.0919018
0 0.1103041 0.5202306 0.0919018 0.0919018
0 0.1194953 0.7261129 0.0919018 0.0919018
0 0.1286865 0.7444953 0.0919018 0.0919018
0 0.1342012 0.4816276 0.0919018 0.0919018
0 0.1525835 0.7389806 0.0919018 0.0919018
0 0.1525835 0.7775835 0.0919018 0.0919018
0 0.1783188 0.5349365 0.0919018 0.0919018
0 0.1783188 0.8547894 0.0919018 0.0919018
0 0.1801571 0.7757453 0.0919018 0.0919018
0 0.2114071 0.8731718 0.0919018 0.0919018
0 0.3069953 0.5349365 0.0919018 0.0919018
0 0.3161865 0.5955982 0.0919018 0.0919018
0 0.3161865 0.8897159 0.0919018 0.0919018
0 0.3217012 0.8676571 0.0919018 0.0919018
0 0.3511129 0.8290541 0.0919018 0.0919018
0 0.3529512 0.8603041 0.0919018 0.0919018
0 0.3860394 0.3529512 0.0919018 0.0919018
0 0.3915541 0.7830982 0.0919018 0.0919018
0 0.4136129 0.4742747 0.1470488 0.1470488
0 0.4154512 0.6525835 0.0919018 0.0919018
0 0.4191276 0.7003776 0.0919018 0.0919018
0 0.4209659 0.3768482 0.1102841 0.1102841
0 0.4228041 0.3033188 0.0919018 0.0919018
0 0.4356718 0.2775835 0.0919018 0.0919018
0 0.4411865 0.8161865 0.0919018 0.0919018
0 0.4430247 0.3272159 0.0919018 0.0919018
0 0.4522159 0.7867747 0.0919018 0.0919018
0 0.4540541 0.2647159 0.0919018 0.0919018
0 0.4558924 0.8639806 0.0919018 0.0919018
0 0.4669218 0.3455982 0.0919018 0.0919018
0 0.4724365 0.6103041 0.0919018 0.0919018
0 0.4742747 0.6636129 0.0919018 0.0919018
0 0.4742747 0.8823629 0.0919018 0.0919018
0 0.4761129 0.5717012 0.0919018 0.0919018
0 0.4779512 0.8180247 0.0919018 0.0919018
0 0.4834659 0.5349365 0.0919018 0.0919018
0 0.4853041 0.2573629 0.0919018 0.0919018
0 0.5000100 0.6139806 0.0919018 0.0919018
0 0.5165541 0.5680247 0.0919018 0.0919018
0 0.5183924 0.8529512 0.0919018 0.0919018
0 0.5349365 0.2224365 0.0919018 0.0919018
0 0.5404512 0.8308924 0.0919018 0.0919018
0 0.5459659 0.5955982 0.0919018 0.0919018
0 0.5643482 0.4246424 0.0919018 0.0919018
0 0.5900835 0.6360394 0.0919018 0.0919018
0 0.6011129 0.5955982 0.0919018 0.0919018
0 0.6452306 0.5165541 0.0919018 0.0919018
0 0.6875100 0.6213335 0.0919018 0.0919018
0 0.7867747 0.5092012 0.0919018 0.0919018
0 0.9136129 0.8308924 0.0863871 0.0919018
