0 0.0000100 0.5992747 0.1966812 0.2021959
0 0.0220688 0.6268482 0.1470488 0.1470488
0 0.0404512 0.6452306 0.1102841 0.1102841
0 0.2261129 0.4669218 0.2021959 0.2021959
0 0.2536865 0.4944953 0.1470488 0.1470488
0 0.2720688 0.5128776 0.1102841 0.1102841
0 0.4761129 0.4705982 0.2021959 0.2021959
0 0.5036865 0.4981718 0.1470488 0.1470488
0 0.5220688 0.5165541 0.1102841 0.1102841
0 0.5422894 0.1911865 0.2021959 0.2021959
0 0.5698629 0.2187600 0.1470488 0.1470488
0 0.5882453 0.2371424 0.1102841 0.1102841
0 0.6452306 0.3897159 0.2021959 0.2021959
0 0.6728041 0.4172894 0.1470488 0.1470488
0 0.6911865 0.4356718 0.1102841 0.1102841
