0 0.0000100 0.1489071 0.1985194 0.2757253
0 0.0000100 0.1856718 0.1617547 0.2021959
0 0.0000100 0.2132453 0.1341812 0.1470488
0 0.0000100 0.2297894 0.1029312 0.2021959
0 0.0000100 0.2573629 0.0753576 0.1470488
0 0.0000100 0.2757453 0.0569753 0.1102841
0 0.0000100 0.3106718 0.1121224 0.2021959
0 0.0000100 0.3382453 0.0845488 0.1470488
0 0.0000100 0.3566276 0.0661665 0.1102841
0 0.0000100 0.3603041 0.1396959 0.2021959
0 0.0000100 0.3878776 0.1121224 0.1470488
0 0.0000100 0.4062600 0.0937400 0.1102841
0 0.0018482 0.0974365 0.2021959 0.2021959
0 0.0092012 0.0000100 0.2021959 0.1966812
0 0.0239071 0.1562600 0.2021959 0.2021959
0 0.0239071 0.2150835 0.2021959 0.2021959
0 0.0294218 0.1250100 0.1470488 0.1470488
0 0.0367747 0.0220688 0.1470488 0.1470488
0 0.0367747 0.0808924 0.2021959 0.2021959
0 0.0441276 0.0294218 0.2021959 0.2021959
0 0.0478041 0.1433924 0.1102841 0.1102841
0 0.0514806 0.1838335 0.1470488 0.1470488
0 0.0514806 0.2426571 0.1470488 0.1470488
0 0.0551571 0.0404512 0.1102841 0.1102841
0 0.0643482 0.1084659 0.1470488 0.1470488
0 0.0698629 0.2022159 0.1102841 0.1102841
0 0.0698629 0.2610394 0.1102841 0.1102841
0 0.0717012 0.0569953 0.1470488 0.1470488
0 0.0790541 0.1213335 0.2021959 0.2021959
0 0.0827306 0.1268482 0.1102841 0.1102841
0 0.0900835 0.0753776 0.1102841 0.1102841
0 0.1066276 0.1489071 0.1470488 0.1470488
0 0.1158188 0.1433924 0.2021959 0.2021959
0 0.1250100 0.1672894 0.1102841 0.1102841
0 0.1433924 0.1709659 0.1470488 0.1470488
0 0.1544218 0.0147159 0.2021959 0.2021959
0 0.1617747 0.1893482 0.1102841 0.1102841
0 0.1819953 0.0422894 0.1470488 0.1470488
0 0.2003776 0.0606718 0.1102841 0.1102841
0 0.2830982 0.2058924 0.2021959 0.2021959
0 0.3106718 0.2334659 0.1470488 0.1470488
0 0.3290541 0.2518482 0.1102841 0.1102841
