0 0.6728041 0.5257453 0.2021959 0.2021959
0 0.7003776 0.5533188 0.1470488 0.1470488
0 0.7187600 0.5717012 0.1102841 0.1102841
0 0.7316276 0.6728041 0.2683724 0.2757253
0 0.7683924 0.7095688 0.2021959 0.2021959
0 0.7794218 0.7077306 0.2021959 0.2021959
0 0.7959659 0.7371424 0.1470488 0.1470488
0 0.8069953 0.7353041 0.1470488 0.1470488
0 0.8198629 0.6709659 0.1801371 0.2021959
0 0.8253776 0.7536865 0.1102841 0.1102841
0 0.8474365 0.5018482 0.1525635 0.2021959
0 0.8474365 0.6985394 0.1470488 0.1470488
0 0.8639806 0.6599365 0.1360194 0.2021959
0 0.8658188 0.7169218 0.1102841 0.1102841
0 0.8731718 0.6176571 0.1268282 0.2021959
0 0.8750100 0.5294218 0.1249900 0.1470488
0 0.8915541 0.6875100 0.1084459 0.1470488
0 0.8933924 0.5478041 0.1066076 0.1102841
0 0.9007453 0.6452306 0.0992547 0.1470488
0 0.9099365 0.7058924 0.0900635 0.1102841
0 0.9191276 0.6636129 0.0808724 0.1102841
