0 0.0000100 0.3989071 0.0919018 0.0919018
0 0.1194953 0.1507453 0.0919018 0.0919018
0 0.1452306 0.9485394 0.0919018 0.0514606
0 0.1525835 0.4062600 0.0919018 0.0919018
0 0.2683924 0.5165541 0.0919018 0.0919018
0 0.2757453 0.7739071 0.0919018 0.0919018
0 0.2886129 0.8989071 0.0919018 0.0919018
0 0.2959659 0.3125100 0.0919018 0.0919018
0 0.2996424 0.0165541 0.0919018 0.0919018
0 0.3125100 0.4926571 0.0919018 0.0919018
0 0.3272159 0.4117747 0.0919018 0.0919018
0 0.3474365 0.4834659 0.0919018 0.0919018
0 0.3842012 0.4411865 0.0919018 0.0919018
0 0.4099365 0.4338335 0.0919018 0.0919018
0 0.4485394 0.4558924 0.1102841 0.1102841
0 0.4558924 0.6121424 0.0919018 0.0919018
0 0.5036865 0.1286865 0.0919018 0.0919018
0 0.5165541 0.0275835 0.0919018 0.0919018
0 0.5183924 0.1856718 0.0919018 0.0919018
0 0.6194953 0.1158188 0.0919018 0.0919018
0 0.6231718 0.2371424 0.0919018 0.0919018
0 0.6856718 0.0349365 0.0919018 0.0919018
0 0.6893482 0.8658188 0.0919018 0.0919018
