0 0.0000100 0.0992747 0.1635929 0.2021959
0 0.0000100 0.1268482 0.1360194 0.1470488
0 0.0073629 0.1452306 0.1102841 0.1102841
0 0.0496424 0.0937600 0.2021959 0.2021959
0 0.0772159 0.1213335 0.1470488 0.1470488
0 0.0808924 0.1856718 0.2021959 0.2021959
0 0.0955982 0.1397159 0.1102841 0.1102841
0 0.1084659 0.2132453 0.1470488 0.1470488
0 0.1268482 0.2316276 0.1102841 0.1102841
0 0.5937600 0.3106718 0.2021959 0.2021959
0 0.6213335 0.3382453 0.1470488 0.1470488
0 0.6397159 0.3566276 0.1102841 0.1102841
