0 0.0606718 0.1819953 0.2021959 0.2021959
0 0.0882453 0.2095688 0.1470488 0.1470488
0 0.1066276 0.2279512 0.1102841 0.1102841
0 0.2812600 0.0459659 0.2757253 0.2757253
0 0.3180247 0.0827306 0.2021959 0.2021959
0 0.3455982 0.1103041 0.1470488 0.1470488
0 0.3768482 0.0000100 0.2021959 0.1654312
0 0.4044218 0.0000100 0.1470488 0.1378576
0 0.4228041 0.0092012 0.1102841 0.1102841
0 0.5496424 0.0919218 0.2021959 0.2021959
0 0.5772159 0.1194953 0.1470488 0.1470488
0 0.5955982 0.1378776 0.1102841 0.1102841
0 0.7665541 0.2739071 0.2021959 0.2021959
0 0.7941276 0.3014806 0.1470488 0.1470488
0 0.8125100 0.3198629 0.1102841 0.1102841
