0 0.2757453 0.7573629 0.0919018 0.0919018
0 0.2886129 0.7904512 0.0919018 0.0919018
0 0.2904512 0.8437600 0.0919018 0.0919018
0 0.3033188 0.9136129 0.0919018 0.0863871
0 0.3272159 0.7408188 0.0919018 0.0919018
0 0.3419218 0.8125100 0.0919018 0.0919018
0 0.3694953 0.7389806 0.0919018 0.0919018
0 0.4099365 0.8088335 0.0919018 0.0919018
0 0.4228041 0.9411865 0.0919018 0.0588135
0 0.4430247 0.6819953 0.0919018 0.0919018
0 0.4485394 0.5661865 0.0919018 0.0919018
0 0.4650835 0.8161865 0.0919018 0.0919018
0 0.4853041 0.9080982 0.0919018 0.0919018
0 0.4926571 0.7150835 0.0919018 0.0919018
0 0.5036865 0.8364071 0.0919018 0.0919018
0 0.5312600 0.7022159 0.0919018 0.0919018
0 0.5312600 0.7555247 0.0919018 0.0919018
