0 0.0000100 0.5110394 0.1047694 0.2021959
0 0.0000100 0.5386129 0.0771959 0.1470488
0 0.0000100 0.5569953 0.0588135 0.1102841
0 0.0000100 0.5661865 0.1249900 0.2021959
0 0.0000100 0.5937600 0.0974165 0.1470488
0 0.0000100 0.6121424 0.0790341 0.1102841
0 0.0000100 0.6342012 0.1727841 0.2021959
0 0.0000100 0.6617747 0.1452106 0.1470488
0 0.0000100 0.8217012 0.1691076 0.1782988
0 0.0000100 0.8492747 0.1415341 0.1470488
0 0.0000100 0.8860394 0.1874900 0.1139606
0 0.0128776 0.8676571 0.1102841 0.1102841
0 0.0128776 0.9136129 0.1470488 0.0863871
0 0.0165541 0.6801571 0.1102841 0.1102841
0 0.0312600 0.9319953 0.1102841 0.0680047
0 0.0606718 0.8805247 0.2021959 0.1194753
0 0.0680247 0.0643482 0.2021959 0.2021959
0 0.0717012 0.2904512 0.2021959 0.2021959
0 0.0753776 0.7628776 0.2021959 0.2021959
0 0.0882453 0.9080982 0.1470488 0.0919018
0 0.0955982 0.0919218 0.1470488 0.1470488
0 0.0992747 0.3180247 0.1470488 0.1470488
0 0.1029512 0.7904512 0.1470488 0.1470488
0 0.1047894 0.1489071 0.2021959 0.2021959
0 0.1066276 0.9264806 0.1102841 0.0735194
0 0.1139806 0.1103041 0.1102841 0.1102841
0 0.1176571 0.3364071 0.1102841 0.1102841
0 0.1213335 0.8088335 0.1102841 0.1102841
0 0.1268482 0.8731718 0.2021959 0.1268282
0 0.1323629 0.1764806 0.1470488 0.1470488
0 0.1507453 0.1948629 0.1102841 0.1102841
0 0.1544218 0.9007453 0.1470488 0.0992547
0 0.1580982 0.2996424 0.2021959 0.2021959
0 0.1599365 0.0698629 0.2021959 0.2021959
0 0.1599365 0.8842012 0.2021959 0.1157988
0 0.1728041 0.9191276 0.1102841 0.0808724
0 0.1746424 0.0000100 0.2021959 0.1838135
0 0.1764806 0.7867747 0.2021959 0.2021959
0 0.1819953 0.6011129 0.2021959 0.2021959
0 0.1819953 0.8915541 0.2021959 0.1084459
0 0.1856718 0.3272159 0.1470488 0.1470488
0 0.1875100 0.0974365 0.1470488 0.1470488
0 0.1875100 0.9117747 0.1470488 0.0882253
0 0.1967012 0.2114071 0.2021959 0.2021959
0 0.2022159 0.0092012 0.1470488 0.1470488
0 0.2040541 0.3455982 0.1102841 0.1102841
0 0.2040541 0.8143482 0.1470488 0.1470488
0 0.2058924 0.1158188 0.1102841 0.1102841
0 0.2058924 0.9301571 0.1102841 0.0698429
0 0.2077306 0.6029512 0.2021959 0.2021959
0 0.2095688 0.6286865 0.1470488 0.1470488
0 0.2095688 0.9191276 0.1470488 0.0808724
0 0.2114071 0.1415541 0.2021959 0.2021959
0 0.2205982 0.0275835 0.1102841 0.1102841
0 0.2224365 0.8327306 0.1102841 0.1102841
0 0.2242747 0.2389806 0.1470488 0.1470488
0 0.2279512 0.6470688 0.1102841 0.1102841
0 0.2279512 0.9375100 0.1102841 0.0624900
0 0.2353041 0.6305247 0.1470488 0.1470488
0 0.2389806 0.1691276 0.1470488 0.1470488
0 0.2426571 0.2573629 0.1102841 0.1102841
0 0.2444953 0.0717012 0.2021959 0.2021959
0 0.2536865 0.6489071 0.1102841 0.1102841
0 0.2573629 0.1875100 0.1102841 0.1102841
0 0.2720688 0.0992747 0.1470488 0.1470488
0 0.2739071 0.3253776 0.2021959 0.2021959
0 0.2812600 0.0000100 0.2021959 0.1360194
0 0.2867747 0.8860394 0.2021959 0.1139606
0 0.2904512 0.1176571 0.1102841 0.1102841
0 0.2996424 0.4393482 0.2021959 0.2021959
0 0.3014806 0.3529512 0.1470488 0.1470488
0 0.3051571 0.8492747 0.2021959 0.1507253
0 0.3088335 0.0000100 0.1470488 0.1084459
0 0.3106718 0.5018482 0.2021959 0.2021959
0 0.3143482 0.3474365 0.2021959 0.2021959
0 0.3143482 0.9136129 0.1470488 0.0863871
0 0.3161865 0.1360394 0.2021959 0.2021959
0 0.3198629 0.3713335 0.1102841 0.1102841
0 0.3217012 0.3860394 0.2021959 0.2021959
0 0.3217012 0.4393482 0.2021959 0.2021959
0 0.3272159 0.0000100 0.1102841 0.0900635
0 0.3272159 0.4669218 0.1470488 0.1470488
0 0.3327306 0.8768482 0.1470488 0.1231518
0 0.3327306 0.9319953 0.1102841 0.0680047
0 0.3382453 0.5294218 0.1470488 0.1470488
0 0.3419218 0.3750100 0.1470488 0.1470488
0 0.3437600 0.1636129 0.1470488 0.1470488
0 0.3455982 0.4853041 0.1102841 0.1102841
0 0.3492747 0.4136129 0.1470488 0.1470488
0 0.3492747 0.4669218 0.1470488 0.1470488
0 0.3511129 0.8952306 0.1102841 0.1047694
0 0.3566276 0.5478041 0.1102841 0.1102841
0 0.3603041 0.3933924 0.1102841 0.1102841
0 0.3621424 0.1819953 0.1102841 0.1102841
0 0.3676571 0.4319953 0.1102841 0.1102841
0 0.3676571 0.4853041 0.1102841 0.1102841
0 0.3842012 0.6378776 0.2757253 0.2757253
0 0.3952306 0.6084659 0.2021959 0.2021959
0 0.4099365 0.8933924 0.2021959 0.1066076
0 0.4209659 0.6746424 0.2021959 0.2021959
0 0.4228041 0.6360394 0.1470488 0.1470488
0 0.4375100 0.0735394 0.2021959 0.2021959
0 0.4375100 0.9209659 0.1470488 0.0790341
0 0.4411865 0.6544218 0.1102841 0.1102841
0 0.4485394 0.7022159 0.1470488 0.1470488
0 0.4558924 0.9393482 0.1102841 0.0606518
0 0.4650835 0.1011129 0.1470488 0.1470488
0 0.4705982 0.0551571 0.2021959 0.2021959
0 0.4834659 0.1194953 0.1102841 0.1102841
0 0.4853041 0.0900835 0.2021959 0.2021959
0 0.4981718 0.0827306 0.1470488 0.1470488
0 0.5110394 0.0147159 0.2021959 0.2021959
0 0.5128776 0.1176571 0.1470488 0.1470488
0 0.5165541 0.1011129 0.1102841 0.1102841
0 0.5294218 0.5183924 0.2021959 0.2021959
0 0.5312600 0.1360394 0.1102841 0.1102841
0 0.5330982 0.7739071 0.2021959 0.2021959
0 0.5386129 0.0422894 0.1470488 0.1470488
0 0.5569953 0.0606718 0.1102841 0.1102841
0 0.5569953 0.5459659 0.1470488 0.1470488
0 0.5606718 0.8014806 0.1470488 0.1470488
0 0.5735394 0.0478041 0.2021959 0.2021959
0 0.5753776 0.5643482 0.1102841 0.1102841
0 0.5790541 0.8198629 0.1102841 0.1102841
0 0.6011129 0.0753776 0.1470488 0.1470488
0 0.6103041 0.4908188 0.2021959 0.2021959
0 0.6194953 0.0937600 0.1102841 0.1102841
0 0.6378776 0.5183924 0.1470488 0.1470488
0 0.6562600 0.5367747 0.1102841 0.1102841
