0 0.0000100 0.2996424 0.1488871 0.2021959
0 0.0000100 0.3272159 0.1213135 0.1470488
0 0.0000100 0.3455982 0.1029312 0.1102841
0 0.0000100 0.5275835 0.1948429 0.2021959
0 0.0000100 0.5478041 0.1672694 0.2021959
0 0.0000100 0.5753776 0.1396959 0.1470488
0 0.0110394 0.5937600 0.1102841 0.1102841
0 0.0183924 0.5073629 0.2021959 0.2021959
0 0.0202306 0.5551571 0.1470488 0.1470488
0 0.0312600 0.5294218 0.2021959 0.2021959
0 0.0386129 0.5735394 0.1102841 0.1102841
0 0.0459659 0.5349365 0.1470488 0.1470488
0 0.0588335 0.5569953 0.1470488 0.1470488
0 0.0643482 0.5533188 0.1102841 0.1102841
0 0.0772159 0.5753776 0.1102841 0.1102841
