0 0.0000100 0.1194953 0.1194753 0.2021959
0 0.0000100 0.1470688 0.0919018 0.1470488
0 0.0000100 0.1654512 0.1102841 0.2021959
0 0.0000100 0.1654512 0.0735194 0.1102841
0 0.0000100 0.1930247 0.0827106 0.1470488
0 0.0000100 0.1967012 0.1010929 0.2021959
0 0.0000100 0.2077306 0.1452106 0.2021959
0 0.0000100 0.2114071 0.0643282 0.1102841
0 0.0000100 0.2242747 0.0735194 0.1470488
0 0.0000100 0.2353041 0.1176371 0.1470488
0 0.0000100 0.2371424 0.1874900 0.2021959
0 0.0000100 0.2389806 0.1084459 0.2021959
0 0.0000100 0.2426571 0.0551371 0.1102841
0 0.0000100 0.2536865 0.0992547 0.1102841
0 0.0000100 0.2665541 0.0808724 0.1470488
0 0.0000100 0.2849365 0.0624900 0.1102841
0 0.0000100 0.3069953 0.1874900 0.2021959
0 0.0000100 0.5202306 0.1066076 0.2021959
0 0.0000100 0.5275835 0.1231518 0.2021959
0 0.0000100 0.5312600 0.1985194 0.2021959
0 0.0000100 0.5478041 0.0790341 0.1470488
0 0.0000100 0.5514806 0.1286665 0.2021959
0 0.0000100 0.5551571 0.0955782 0.1470488
0 0.0000100 0.5661865 0.0606518 0.1102841
0 0.0000100 0.5680247 0.1084459 0.2021959
0 0.0000100 0.5735394 0.0771959 0.1102841
0 0.0000100 0.5790541 0.1010929 0.1470488
0 0.0000100 0.5919218 0.1838135 0.2021959
0 0.0000100 0.5955982 0.0808724 0.1470488
0 0.0000100 0.5974365 0.0827106 0.1102841
0 0.0000100 0.6047894 0.1194753 0.2021959
0 0.0000100 0.6139806 0.0624900 0.1102841
0 0.0000100 0.6323629 0.0919018 0.1470488
0 0.0000100 0.6507453 0.0735194 0.1102841
0 0.0000100 0.6985394 0.1746224 0.2021959
0 0.0000100 0.7261129 0.1470488 0.1470488
0 0.0018482 0.7555247 0.2021959 0.2021959
0 0.0092012 0.6194953 0.1470488 0.1470488
0 0.0128776 0.2647159 0.1470488 0.1470488
0 0.0128776 0.3345688 0.1470488 0.1470488
0 0.0183924 0.7444953 0.1102841 0.1102841
0 0.0239071 0.5294218 0.2021959 0.2021959
0 0.0239071 0.5588335 0.1470488 0.1470488
0 0.0239071 0.7922894 0.2021959 0.2021959
0 0.0275835 0.6378776 0.1102841 0.1102841
0 0.0294218 0.7830982 0.1470488 0.1470488
0 0.0312600 0.2830982 0.1102841 0.1102841
0 0.0312600 0.3529512 0.1102841 0.1102841
0 0.0349365 0.2261129 0.2021959 0.2021959
0 0.0422894 0.5772159 0.1102841 0.1102841
0 0.0441276 0.8603041 0.2021959 0.1396959
0 0.0478041 0.8014806 0.1102841 0.1102841
0 0.0514806 0.4853041 0.2021959 0.2021959
0 0.0514806 0.5569953 0.1470488 0.1470488
0 0.0514806 0.8198629 0.1470488 0.1470488
0 0.0625100 0.2536865 0.1470488 0.1470488
0 0.0661865 0.8235394 0.2021959 0.1764606
0 0.0680247 0.3033188 0.2021959 0.2021959
0 0.0698629 0.5753776 0.1102841 0.1102841
0 0.0698629 0.8382453 0.1102841 0.1102841
0 0.0717012 0.8878776 0.1470488 0.1121224
0 0.0772159 0.8768482 0.2021959 0.1231518
0 0.0790541 0.5128776 0.1470488 0.1470488
0 0.0808924 0.2720688 0.1102841 0.1102841
0 0.0864071 0.4411865 0.2021959 0.2021959
0 0.0900835 0.9062600 0.1102841 0.0937400
0 0.0937600 0.8511129 0.1470488 0.1470488
0 0.0955982 0.3308924 0.1470488 0.1470488
0 0.0955982 0.7279512 0.2021959 0.2021959
0 0.0974365 0.4614071 0.2021959 0.2021959
0 0.0974365 0.5312600 0.1102841 0.1102841
0 0.0974365 0.8658188 0.2021959 0.1341812
0 0.1011129 0.8272159 0.2021959 0.1727841
0 0.1047894 0.9044218 0.1470488 0.0955782
0 0.1103041 0.5735394 0.2021959 0.2021959
0 0.1121424 0.7867747 0.2021959 0.2021959
0 0.1121424 0.8694953 0.1102841 0.1102841
0 0.1139806 0.3492747 0.1102841 0.1102841
0 0.1139806 0.4687600 0.1470488 0.1470488
0 0.1139806 0.7536865 0.2021959 0.2021959
0 0.1194953 0.4761129 0.2021959 0.2021959
0 0.1231718 0.7555247 0.1470488 0.1470488
0 0.1231718 0.9228041 0.1102841 0.0771959
0 0.1250100 0.4889806 0.1470488 0.1470488
0 0.1250100 0.8933924 0.1470488 0.1066076
0 0.1286865 0.8547894 0.1470488 0.1452106
0 0.1323629 0.4871424 0.1102841 0.1102841
0 0.1378776 0.6011129 0.1470488 0.1470488
0 0.1397159 0.8143482 0.1470488 0.1470488
0 0.1415541 0.7739071 0.1102841 0.1102841
0 0.1415541 0.7812600 0.1470488 0.1470488
0 0.1415541 0.8272159 0.2021959 0.1727841
0 0.1433924 0.5073629 0.1102841 0.1102841
0 0.1433924 0.9117747 0.1102841 0.0882253
0 0.1470688 0.5036865 0.1470488 0.1470488
0 0.1470688 0.8731718 0.1102841 0.1102841
0 0.1489071 0.4908188 0.2021959 0.2021959
0 0.1489071 0.6562600 0.2021959 0.2021959
0 0.1562600 0.6194953 0.1102841 0.1102841
0 0.1580982 0.8327306 0.1102841 0.1102841
0 0.1599365 0.7996424 0.1102841 0.1102841
0 0.1654512 0.5220688 0.1102841 0.1102841
0 0.1691276 0.8547894 0.1470488 0.1452106
0 0.1728041 0.6286865 0.2021959 0.2021959
0 0.1764806 0.5183924 0.1470488 0.1470488
0 0.1764806 0.6838335 0.1470488 0.1470488
0 0.1838335 0.7739071 0.2021959 0.2021959
0 0.1875100 0.8731718 0.1102841 0.1102841
0 0.1911865 0.6930247 0.2021959 0.2021959
0 0.1948629 0.5367747 0.1102841 0.1102841
0 0.1948629 0.7022159 0.1102841 0.1102841
0 0.1967012 0.4467012 0.2021959 0.2021959
0 0.2003776 0.5753776 0.2021959 0.2021959
0 0.2003776 0.6562600 0.1470488 0.1470488
0 0.2114071 0.8014806 0.1470488 0.1470488
0 0.2187600 0.6580982 0.2021959 0.2021959
0 0.2187600 0.6746424 0.1102841 0.1102841
0 0.2187600 0.7205982 0.1470488 0.1470488
0 0.2187600 0.7573629 0.2021959 0.2021959
0 0.2187600 0.8161865 0.2021959 0.1838135
0 0.2242747 0.4742747 0.1470488 0.1470488
0 0.2261129 0.4632453 0.2021959 0.2021959
0 0.2279512 0.6029512 0.1470488 0.1470488
0 0.2297894 0.5698629 0.2021959 0.2021959
0 0.2297894 0.8198629 0.1102841 0.1102841
0 0.2371424 0.7389806 0.1102841 0.1102841
0 0.2389806 0.7205982 0.2021959 0.2021959
0 0.2408188 0.4981718 0.2021959 0.2021959
0 0.2426571 0.4926571 0.1102841 0.1102841
0 0.2463335 0.6213335 0.1102841 0.1102841
0 0.2463335 0.6856718 0.1470488 0.1470488
0 0.2463335 0.7849365 0.1470488 0.1470488
0 0.2463335 0.8437600 0.1470488 0.1470488
0 0.2500100 0.5239071 0.2021959 0.2021959
0 0.2536865 0.4908188 0.1470488 0.1470488
0 0.2555247 0.8400835 0.2021959 0.1599165
0 0.2573629 0.5974365 0.1470488 0.1470488
0 0.2647159 0.7040541 0.1102841 0.1102841
0 0.2647159 0.8033188 0.1102841 0.1102841
0 0.2647159 0.8621424 0.1102841 0.1102841
0 0.2665541 0.5386129 0.2021959 0.2021959
0 0.2665541 0.7481718 0.1470488 0.1470488
0 0.2665541 0.7683924 0.2021959 0.2021959
0 0.2683924 0.5257453 0.1470488 0.1470488
0 0.2720688 0.5092012 0.1102841 0.1102841
0 0.2720688 0.5864071 0.2021959 0.2021959
0 0.2739071 0.7389806 0.2021959 0.2021959
0 0.2757453 0.6158188 0.1102841 0.1102841
0 0.2775835 0.5514806 0.1470488 0.1470488
0 0.2830982 0.8676571 0.1470488 0.1323429
0 0.2849365 0.7665541 0.1102841 0.1102841
0 0.2867747 0.5441276 0.1102841 0.1102841
0 0.2867747 0.6507453 0.2021959 0.2021959
0 0.2867747 0.8051571 0.2021959 0.1948429
0 0.2941276 0.5661865 0.1470488 0.1470488
0 0.2941276 0.7959659 0.1470488 0.1470488
0 0.2959659 0.5698629 0.1102841 0.1102841
0 0.2996424 0.6139806 0.1470488 0.1470488
0 0.3014806 0.5569953 0.2021959 0.2021959
0 0.3014806 0.7665541 0.1470488 0.1470488
0 0.3014806 0.8860394 0.1102841 0.1102841
0 0.3033188 0.5900835 0.2021959 0.2021959
0 0.3125100 0.5845688 0.1102841 0.1102841
0 0.3125100 0.8143482 0.1102841 0.1102841
0 0.3143482 0.6783188 0.1470488 0.1470488
0 0.3143482 0.8327306 0.1470488 0.1470488
0 0.3180247 0.6323629 0.1102841 0.1102841
0 0.3198629 0.7849365 0.1102841 0.1102841
0 0.3235394 0.6838335 0.2021959 0.2021959
0 0.3290541 0.5845688 0.1470488 0.1470488
0 0.3308924 0.6176571 0.1470488 0.1470488
0 0.3327306 0.6967012 0.1102841 0.1102841
0 0.3327306 0.8511129 0.1102841 0.1102841
0 0.3455982 0.6654512 0.2021959 0.2021959
0 0.3474365 0.6029512 0.1102841 0.1102841
0 0.3492747 0.6360394 0.1102841 0.1102841
0 0.3511129 0.7114071 0.1470488 0.1470488
0 0.3694953 0.7297894 0.1102841 0.1102841
0 0.3713335 0.6286865 0.2021959 0.2021959
0 0.3731718 0.6930247 0.1470488 0.1470488
0 0.3860394 0.5735394 0.2021959 0.2021959
0 0.3915541 0.7114071 0.1102841 0.1102841
0 0.3989071 0.6562600 0.1470488 0.1470488
0 0.4136129 0.6011129 0.1470488 0.1470488
0 0.4136129 0.6397159 0.2021959 0.2021959
0 0.4172894 0.6746424 0.1102841 0.1102841
0 0.4319953 0.6194953 0.1102841 0.1102841
0 0.4411865 0.6672894 0.1470488 0.1470488
0 0.4577306 0.6875100 0.2021959 0.2021959
0 0.4595688 0.6856718 0.1102841 0.1102841
0 0.4705982 0.7904512 0.2021959 0.2021959
0 0.4853041 0.7150835 0.1470488 0.1470488
0 0.4981718 0.8180247 0.1470488 0.1470488
0 0.5036865 0.7334659 0.1102841 0.1102841
0 0.5165541 0.8364071 0.1102841 0.1102841
