0 0.0000100 0.3051571 0.2003576 0.2021959
0 0.0257453 0.3327306 0.1470488 0.1470488
0 0.0441276 0.3511129 0.1102841 0.1102841
0 0.1029512 0.5441276 0.2021959 0.2021959
0 0.1121424 0.0000100 0.2021959 0.1323429
0 0.1305247 0.5717012 0.1470488 0.1470488
0 0.1397159 0.0000100 0.1470488 0.1047694
0 0.1489071 0.5900835 0.1102841 0.1102841
0 0.1580982 0.0000100 0.1102841 0.0863871
0 0.1764806 0.6875100 0.2021959 0.2021959
0 0.1948629 0.7150835 0.2021959 0.2021959
0 0.2040541 0.7150835 0.1470488 0.1470488
0 0.2040541 0.7500100 0.2021959 0.2021959
0 0.2224365 0.7334659 0.1102841 0.1102841
0 0.2224365 0.7426571 0.1470488 0.1470488
0 0.2297894 0.6617747 0.2021959 0.2021959
0 0.2316276 0.7775835 0.1470488 0.1470488
0 0.2408188 0.7610394 0.1102841 0.1102841
0 0.2500100 0.7959659 0.1102841 0.1102841
0 0.2573629 0.6893482 0.1470488 0.1470488
0 0.2757453 0.7077306 0.1102841 0.1102841
0 0.3400835 0.5202306 0.2021959 0.2021959
0 0.3603041 0.5514806 0.2021959 0.2021959
0 0.3676571 0.5478041 0.1470488 0.1470488
0 0.3694953 0.6084659 0.2021959 0.2021959
0 0.3860394 0.5661865 0.1102841 0.1102841
0 0.3878776 0.5790541 0.1470488 0.1470488
0 0.3970688 0.6360394 0.1470488 0.1470488
0 0.4062600 0.5974365 0.1102841 0.1102841
0 0.4154512 0.6544218 0.1102841 0.1102841
0 0.4411865 0.6783188 0.2021959 0.2021959
0 0.4687600 0.7058924 0.1470488 0.1470488
0 0.4871424 0.7242747 0.1102841 0.1102841
