0 0.6875100 0.0864071 0.2021959 0.2021959
0 0.7150835 0.1139806 0.1470488 0.1470488
0 0.7334659 0.1323629 0.1102841 0.1102841
0 0.7739071 0.0110394 0.2021959 0.2021959
0 0.8014806 0.0386129 0.1470488 0.1470488
0 0.8051571 0.1709659 0.1948429 0.2021959
0 0.8198629 0.0569953 0.1102841 0.1102841
0 0.8327306 0.1985394 0.1470488 0.1470488
0 0.8511129 0.2169218 0.1102841 0.1102841
0 0.8731718 0.2022159 0.1268282 0.2021959
0 0.8786865 0.2463335 0.1213135 0.2021959
0 0.8786865 0.5349365 0.1213135 0.2021959
0 0.8860394 0.4963335 0.1139606 0.2021959
0 0.8878776 0.1342012 0.1121224 0.2021959
0 0.9007453 0.2297894 0.0992547 0.1470488
0 0.9062600 0.2739071 0.0937400 0.1470488
0 0.9062600 0.5625100 0.0937400 0.1470488
0 0.9136129 0.5239071 0.0863871 0.1470488
0 0.9154512 0.1617747 0.0845488 0.1470488
0 0.9191276 0.2481718 0.0808724 0.1102841
0 0.9246424 0.2922894 0.0753576 0.1102841
0 0.9246424 0.5808924 0.0753576 0.1102841
0 0.9319953 0.5422894 0.0680047 0.1102841
0 0.9338335 0.1801571 0.0661665 0.1102841
