0 0.0000100 0.0000100 0.2003576 0.1102841
0 0.0000100 0.0000100 0.1249900 0.1727841
0 0.0000100 0.0000100 0.1249900 0.1323429
0 0.0000100 0.0000100 0.1893282 0.1746224
0 0.0000100 0.0000100 0.0974165 0.1452106
0 0.0000100 0.0000100 0.0974165 0.1047694
0 0.0000100 0.0000100 0.0790341 0.0863871
0 0.0000100 0.0165541 0.0790341 0.1102841
0 0.0000100 0.0183924 0.1746224 0.2021959
0 0.0000100 0.0275835 0.1010929 0.2021959
0 0.0000100 0.0459659 0.1470488 0.1470488
0 0.0000100 0.0478041 0.1893282 0.2021959
0 0.0000100 0.0551571 0.0735194 0.1470488
0 0.0000100 0.0680247 0.1396959 0.2021959
0 0.0000100 0.0735394 0.0551371 0.1102841
0 0.0000100 0.0955982 0.1121224 0.1470488
0 0.0000100 0.1139806 0.0937400 0.1102841
0 0.0000100 0.1709659 0.1562400 0.2021959
0 0.0000100 0.1819953 0.1084459 0.2021959
0 0.0000100 0.1985394 0.1286665 0.1470488
0 0.0000100 0.2058924 0.1727841 0.2021959
0 0.0000100 0.2095688 0.1488871 0.2021959
0 0.0000100 0.2095688 0.0808724 0.1470488
0 0.0000100 0.2150835 0.1010929 0.2021959
0 0.0000100 0.2169218 0.1102841 0.1102841
0 0.0000100 0.2279512 0.0624900 0.1102841
0 0.0000100 0.2334659 0.1452106 0.1470488
0 0.0000100 0.2371424 0.1213135 0.1470488
0 0.0000100 0.2426571 0.0735194 0.1470488
0 0.0000100 0.2555247 0.1029312 0.1102841
0 0.0000100 0.2610394 0.0551371 0.1102841
0 0.0000100 0.2830982 0.1102841 0.2021959
0 0.0000100 0.3106718 0.0827106 0.1470488
0 0.0000100 0.3290541 0.0643282 0.1102841
0 0.0128776 0.0000100 0.2021959 0.1525635
0 0.0147159 0.0000100 0.1470488 0.1470488
0 0.0147159 0.0753776 0.1470488 0.1470488
0 0.0165541 0.2518482 0.1102841 0.1102841
0 0.0183924 0.0643482 0.1102841 0.1102841
0 0.0220688 0.0128776 0.2021959 0.2021959
0 0.0257453 0.0000100 0.1470488 0.0827106
0 0.0330982 0.0183924 0.1102841 0.1102841
0 0.0330982 0.0937600 0.1102841 0.1102841
0 0.0404512 0.0000100 0.1470488 0.1249900
0 0.0441276 0.0000100 0.1102841 0.0643282
0 0.0496424 0.0404512 0.1470488 0.1470488
0 0.0588335 0.0000100 0.1102841 0.1066076
0 0.0680247 0.0588335 0.1102841 0.1102841
