0 0.0000100 0.0000100 0.1084459 0.1874900
0 0.0000100 0.0128776 0.0808724 0.1470488
0 0.0000100 0.0312600 0.0624900 0.1102841
0 0.0000100 0.1047894 0.1194753 0.2021959
0 0.0000100 0.1323629 0.0919018 0.1470488
0 0.0000100 0.1489071 0.1139606 0.2021959
0 0.0000100 0.1507453 0.0735194 0.1102841
0 0.0000100 0.1764806 0.0863871 0.1470488
0 0.0000100 0.1948629 0.0680047 0.1102841
0 0.0000100 0.2261129 0.1911665 0.2021959
0 0.0000100 0.3327306 0.1249900 0.2021959
0 0.0000100 0.3603041 0.0974165 0.1470488
0 0.0000100 0.3786865 0.0790341 0.1102841
0 0.0165541 0.2536865 0.1470488 0.1470488
0 0.0312600 0.0000100 0.2021959 0.1599165
0 0.0349365 0.2720688 0.1102841 0.1102841
0 0.0367747 0.3235394 0.2021959 0.2021959
0 0.0588335 0.0000100 0.1470488 0.1323429
0 0.0643482 0.3511129 0.1470488 0.1470488
0 0.0772159 0.0036865 0.1102841 0.1102841
0 0.0827306 0.3694953 0.1102841 0.1102841
0 0.1360394 0.0073629 0.2021959 0.2021959
0 0.1636129 0.0349365 0.1470488 0.1470488
0 0.1819953 0.0533188 0.1102841 0.1102841
