0 0.1176571 0.4467012 0.0919018 0.0919018
0 0.2334659 0.4375100 0.0919018 0.0919018
0 0.3437600 0.2224365 0.0919018 0.0919018
0 0.3511129 0.1544218 0.0919018 0.0919018
0 0.3566276 0.0753776 0.0919018 0.0919018
0 0.3823629 0.1764806 0.0919018 0.0919018
0 0.4136129 0.2187600 0.0919018 0.0919018
0 0.4467012 0.1672894 0.0919018 0.0919018
0 0.4705982 0.2150835 0.0919018 0.0919018
0 0.5165541 0.2647159 0.0919018 0.0919018
0 0.5569953 0.7095688 0.0919018 0.0919018
0 0.5882453 0.0606718 0.1470488 0.1470488
0 0.5919218 0.1893482 0.0919018 0.0919018
0 0.6342012 0.2720688 0.0919018 0.0919018
0 0.6415541 0.2058924 0.0919018 0.0919018
0 0.6911865 0.7775835 0.0919018 0.0919018
0 0.7316276 0.2463335 0.0919018 0.0919018
0 0.7757453 0.2481718 0.0919018 0.0919018
0 0.7867747 0.1838335 0.0919018 0.0919018
0 0.8180247 0.4908188 0.0919018 0.0919018
0 0.8400835 0.2242747 0.0919018 0.0919018
0 0.8768482 0.4632453 0.0919018 0.0919018
0 0.8786865 0.0900835 0.0919018 0.0919018
0 0.8878776 0.5092012 0.0919018 0.0919018
0 0.8915541 0.8768482 0.0919018 0.0919018
0 0.9044218 0.7757453 0.0919018 0.0919018
0 0.9411865 0.7114071 0.0588135 0.0919018
0 0.9448629 0.8713335 0.0551371 0.0919018
