0 0.0000100 0.4099365 0.1415341 0.2757253
0 0.0000100 0.4467012 0.1047694 0.2021959
0 0.0000100 0.4742747 0.0771959 0.1470488
0 0.1158188 0.1709659 0.2757253 0.2757253
0 0.1525835 0.2077306 0.2021959 0.2021959
0 0.1599365 0.8327306 0.2021959 0.1672694
0 0.1801571 0.2353041 0.1470488 0.1470488
0 0.1875100 0.8603041 0.1470488 0.1396959
0 0.2058924 0.8786865 0.1102841 0.1102841
0 0.2316276 0.8455982 0.2021959 0.1544018
0 0.2592012 0.8731718 0.1470488 0.1268282
0 0.2775835 0.8915541 0.1102841 0.1084459
0 0.2996424 0.0000100 0.2021959 0.1691076
0 0.3272159 0.0000100 0.1470488 0.1415341
0 0.3419218 0.5533188 0.2021959 0.2021959
0 0.3455982 0.0128776 0.1102841 0.1102841
0 0.3584659 0.1397159 0.2021959 0.2021959
0 0.3694953 0.5808924 0.1470488 0.1470488
0 0.3750100 0.5514806 0.2021959 0.2021959
0 0.3860394 0.1672894 0.1470488 0.1470488
0 0.3878776 0.5992747 0.1102841 0.1102841
0 0.3933924 0.6544218 0.2021959 0.2021959
0 0.3970688 0.0000100 0.2021959 0.1157988
0 0.4025835 0.5790541 0.1470488 0.1470488
0 0.4044218 0.1856718 0.1102841 0.1102841
0 0.4044218 0.8842012 0.2021959 0.1157988
0 0.4080982 0.0000100 0.2021959 0.1727841
0 0.4209659 0.5974365 0.1102841 0.1102841
0 0.4209659 0.6819953 0.1470488 0.1470488
0 0.4246424 0.0000100 0.1470488 0.0882253
0 0.4301571 0.4650835 0.2021959 0.2021959
0 0.4319953 0.9117747 0.1470488 0.0882253
0 0.4356718 0.0000100 0.1470488 0.1452106
0 0.4393482 0.7003776 0.1102841 0.1102841
0 0.4430247 0.0000100 0.1102841 0.0698429
0 0.4503776 0.9301571 0.1102841 0.0698429
0 0.4540541 0.0165541 0.1102841 0.1102841
0 0.4577306 0.4926571 0.1470488 0.1470488
0 0.4761129 0.5110394 0.1102841 0.1102841
0 0.5202306 0.8529512 0.2021959 0.1470488
0 0.5220688 0.7555247 0.2021959 0.2021959
0 0.5367747 0.5625100 0.2021959 0.2021959
0 0.5478041 0.8805247 0.1470488 0.1194753
0 0.5496424 0.3400835 0.2021959 0.2021959
0 0.5496424 0.7830982 0.1470488 0.1470488
0 0.5514806 0.4889806 0.2021959 0.2021959
0 0.5643482 0.5900835 0.1470488 0.1470488
0 0.5661865 0.8566276 0.2021959 0.1433724
0 0.5661865 0.8989071 0.1102841 0.1010929
0 0.5680247 0.8014806 0.1102841 0.1102841
0 0.5698629 0.2187600 0.2021959 0.2021959
0 0.5772159 0.3676571 0.1470488 0.1470488
0 0.5790541 0.5165541 0.1470488 0.1470488
0 0.5827306 0.6084659 0.1102841 0.1102841
0 0.5919218 0.6158188 0.2021959 0.2021959
0 0.5937600 0.8842012 0.1470488 0.1157988
0 0.5955982 0.3860394 0.1102841 0.1102841
0 0.5974365 0.2463335 0.1470488 0.1470488
0 0.5974365 0.5349365 0.1102841 0.1102841
0 0.6029512 0.1268482 0.2021959 0.2021959
0 0.6084659 0.5294218 0.2021959 0.2021959
0 0.6121424 0.9025835 0.1102841 0.0974165
0 0.6158188 0.2647159 0.1102841 0.1102841
0 0.6194953 0.6433924 0.1470488 0.1470488
0 0.6194953 0.7077306 0.2021959 0.2021959
0 0.6250100 0.0294218 0.2021959 0.2021959
0 0.6305247 0.1544218 0.1470488 0.1470488
0 0.6323629 0.8382453 0.2021959 0.1617547
0 0.6360394 0.5569953 0.1470488 0.1470488
0 0.6378776 0.6544218 0.2021959 0.2021959
0 0.6378776 0.6617747 0.1102841 0.1102841
0 0.6470688 0.3603041 0.2021959 0.2021959
0 0.6470688 0.7353041 0.1470488 0.1470488
0 0.6489071 0.1728041 0.1102841 0.1102841
0 0.6525835 0.0569953 0.1470488 0.1470488
0 0.6544218 0.4779512 0.2021959 0.2021959
0 0.6544218 0.5753776 0.1102841 0.1102841
0 0.6562600 0.5569953 0.2021959 0.2021959
0 0.6599365 0.8658188 0.1470488 0.1341812
0 0.6654512 0.2169218 0.2021959 0.2021959
0 0.6654512 0.6819953 0.1470488 0.1470488
0 0.6654512 0.7536865 0.1102841 0.1102841
0 0.6709659 0.0753776 0.1102841 0.1102841
0 0.6709659 0.1213335 0.2021959 0.2021959
0 0.6728041 0.2922894 0.2021959 0.2021959
0 0.6746424 0.3878776 0.1470488 0.1470488
0 0.6783188 0.8842012 0.1102841 0.1102841
0 0.6819953 0.5055247 0.1470488 0.1470488
0 0.6838335 0.5845688 0.1470488 0.1470488
0 0.6838335 0.7003776 0.1102841 0.1102841
0 0.6930247 0.2444953 0.1470488 0.1470488
0 0.6930247 0.4062600 0.1102841 0.1102841
0 0.6985394 0.1489071 0.1470488 0.1470488
0 0.7003776 0.3198629 0.1470488 0.1470488
0 0.7003776 0.5239071 0.1102841 0.1102841
0 0.7022159 0.6029512 0.1102841 0.1102841
0 0.7114071 0.2628776 0.1102841 0.1102841
0 0.7169218 0.1672894 0.1102841 0.1102841
0 0.7187600 0.3382453 0.1102841 0.1102841
0 0.7334659 0.6286865 0.2665341 0.2757253
0 0.7463335 0.3327306 0.2021959 0.2021959
0 0.7463335 0.4834659 0.2021959 0.2021959
0 0.7518482 0.2224365 0.2021959 0.2021959
0 0.7702306 0.3750100 0.2021959 0.2021959
0 0.7702306 0.6654512 0.2021959 0.2021959
0 0.7739071 0.3603041 0.1470488 0.1470488
0 0.7739071 0.5110394 0.1470488 0.1470488
0 0.7794218 0.2500100 0.1470488 0.1470488
0 0.7812600 0.0128776 0.2021959 0.2021959
0 0.7922894 0.3786865 0.1102841 0.1102841
0 0.7922894 0.5294218 0.1102841 0.1102841
0 0.7978041 0.1103041 0.2021959 0.2021959
0 0.7978041 0.2683924 0.1102841 0.1102841
0 0.7978041 0.4025835 0.1470488 0.1470488
0 0.7978041 0.6930247 0.1470488 0.1470488
0 0.8088335 0.0404512 0.1470488 0.1470488
0 0.8161865 0.4209659 0.1102841 0.1102841
0 0.8253776 0.1378776 0.1470488 0.1470488
0 0.8272159 0.0588335 0.1102841 0.1102841
0 0.8290541 0.3253776 0.1709459 0.2021959
0 0.8345688 0.0000100 0.1654312 0.1139606
0 0.8364071 0.1342012 0.1635929 0.2757253
0 0.8364071 0.3842012 0.1635929 0.2021959
0 0.8419218 0.0000100 0.1580782 0.1966812
0 0.8437600 0.1562600 0.1102841 0.1102841
0 0.8566276 0.3529512 0.1433724 0.1470488
0 0.8621424 0.0000100 0.1378576 0.0863871
0 0.8621424 0.0275835 0.1378576 0.2021959
0 0.8639806 0.4117747 0.1360194 0.1470488
0 0.8694953 0.0220688 0.1305047 0.1470488
0 0.8731718 0.1709659 0.1268282 0.2021959
0 0.8750100 0.3713335 0.1102841 0.1102841
0 0.8805247 0.0000100 0.1102841 0.0680047
0 0.8823629 0.4301571 0.1102841 0.1102841
0 0.8878776 0.0404512 0.1102841 0.1102841
0 0.8897159 0.0551571 0.1102841 0.1470488
0 0.9007453 0.1985394 0.0992547 0.1470488
0 0.9080982 0.0735394 0.0919018 0.1102841
