0 0.0000100 0.2481718 0.2334459 0.2757253
0 0.0000100 0.2849365 0.1966812 0.2021959
0 0.0220688 0.3125100 0.1470488 0.1470488
0 0.5220688 0.8014806 0.2021959 0.1985194
0 0.5496424 0.8290541 0.1470488 0.1470488
0 0.5680247 0.8474365 0.1102841 0.1102841
0 0.6599365 0.7867747 0.2021959 0.2021959
0 0.6875100 0.8143482 0.1470488 0.1470488
0 0.7058924 0.8327306 0.1102841 0.1102841
0 0.7665541 0.6893482 0.2021959 0.2021959
0 0.7941276 0.7169218 0.1470488 0.1470488
0 0.8125100 0.7353041 0.1102841 0.1102841
0 0.8474365 0.7279512 0.1525635 0.2021959
0 0.8750100 0.7555247 0.1249900 0.1470488
0 0.8933924 0.7739071 0.1066076 0.1102841
