0 0.6764806 0.8805247 0.2021959 0.1194753
0 0.6838335 0.8161865 0.2021959 0.1838135
0 0.7040541 0.9080982 0.1470488 0.0919018
0 0.7114071 0.6728041 0.2021959 0.2021959
0 0.7114071 0.8437600 0.1470488 0.1470488
0 0.7224365 0.9264806 0.1102841 0.0735194
0 0.7297894 0.8621424 0.1102841 0.1102841
0 0.7389806 0.7003776 0.1470488 0.1470488
0 0.7573629 0.7187600 0.1102841 0.1102841
0 0.7739071 0.8529512 0.2021959 0.1470488
0 0.8014806 0.8805247 0.1470488 0.1194753
0 0.8198629 0.6433924 0.1801371 0.2757253
0 0.8198629 0.8989071 0.1102841 0.1010929
0 0.8566276 0.6801571 0.1433724 0.2021959
0 0.8842012 0.7077306 0.1157988 0.1470488
