0 0.0000100 0.5698629 0.1415341 0.2757253
0 0.0000100 0.6066276 0.1047694 0.2021959
0 0.0000100 0.6342012 0.0771959 0.1470488
0 0.0000100 0.8106718 0.1194753 0.1893282
0 0.0000100 0.8382453 0.0919018 0.1470488
0 0.0000100 0.8566276 0.0735194 0.1102841
0 0.1654512 0.0018482 0.2021959 0.2021959
0 0.1709659 0.3676571 0.2021959 0.2021959
0 0.1930247 0.0294218 0.1470488 0.1470488
0 0.1985394 0.3952306 0.1470488 0.1470488
0 0.2114071 0.0478041 0.1102841 0.1102841
0 0.2169218 0.4136129 0.1102841 0.1102841
0 0.2242747 0.3492747 0.2021959 0.2021959
0 0.2518482 0.3768482 0.1470488 0.1470488
0 0.2536865 0.7132453 0.2021959 0.2021959
0 0.2665541 0.0000100 0.2021959 0.1764606
0 0.2702306 0.3952306 0.1102841 0.1102841
0 0.2812600 0.7408188 0.1470488 0.1470488
0 0.2941276 0.0018482 0.1470488 0.1470488
0 0.2996424 0.7592012 0.1102841 0.1102841
0 0.3051571 0.0698629 0.2021959 0.2021959
0 0.3125100 0.0202306 0.1102841 0.1102841
0 0.3327306 0.0974365 0.1470488 0.1470488
0 0.3511129 0.1158188 0.1102841 0.1102841
0 0.3933924 0.0000100 0.2757253 0.2481518
0 0.4301571 0.0092012 0.2021959 0.2021959
0 0.4577306 0.0367747 0.1470488 0.1470488
