0 0.0000100 0.0275835 0.1562400 0.2021959
0 0.0000100 0.0551571 0.1286665 0.1470488
0 0.0000100 0.0735394 0.1102841 0.1102841
0 0.0000100 0.1121424 0.1819753 0.2021959
0 0.0000100 0.4338335 0.1102841 0.2021959
0 0.0000100 0.4614071 0.0827106 0.1470488
0 0.0000100 0.4797894 0.0643282 0.1102841
0 0.0073629 0.1397159 0.1470488 0.1470488
0 0.0257453 0.1580982 0.1102841 0.1102841
0 0.1011129 0.2610394 0.2757253 0.2757253
0 0.1378776 0.2978041 0.2021959 0.2021959
0 0.1654512 0.3253776 0.1470488 0.1470488
