0 0.0827306 0.7702306 0.0919018 0.0919018
0 0.2665541 0.9228041 0.0919018 0.0771959
0 0.2757453 0.8069953 0.0919018 0.0919018
0 0.3235394 0.0000100 0.0919018 0.0643282
0 0.3235394 0.0349365 0.0919018 0.0919018
0 0.3400835 0.1066276 0.0919018 0.0919018
0 0.3603041 0.5992747 0.0919018 0.0919018
0 0.3639806 0.7187600 0.0919018 0.0919018
0 0.3842012 0.6470688 0.0919018 0.0919018
0 0.3970688 0.9025835 0.0919018 0.0919018
0 0.4080982 0.7353041 0.0919018 0.0919018
0 0.4319953 0.1562600 0.0919018 0.0919018
0 0.4448629 0.2665541 0.0919018 0.0919018
0 0.4485394 0.6893482 0.0919018 0.0919018
0 0.4944953 0.3603041 0.0919018 0.0919018
0 0.4981718 0.1415541 0.0919018 0.0919018
0 0.5073629 0.5110394 0.0919018 0.0919018
0 0.5257453 0.0312600 0.0919018 0.0919018
0 0.5569953 0.2114071 0.0919018 0.0919018
0 0.5974365 0.1580982 0.0919018 0.0919018
0 0.6158188 0.8014806 0.0919018 0.0919018
0 0.6305247 0.2665541 0.0919018 0.0919018
0 0.6415541 0.0000100 0.0919018 0.0551371
0 0.6433924 0.4283188 0.0919018 0.0919018
0 0.6580982 0.5569953 0.0919018 0.0919018
0 0.6948629 0.1470688 0.1470488 0.1470488
0 0.6967012 0.2205982 0.0919018 0.0919018
0 0.6985394 0.3731718 0.0919018 0.0919018
0 0.7169218 0.2959659 0.0919018 0.0919018
0 0.7886129 0.0790541 0.0919018 0.0919018
0 0.7886129 0.1286865 0.0919018 0.0919018
