0 0.0000100 0.0000100 0.1801371 0.1617547
0 0.0000100 0.0000100 0.1672694 0.1341812
0 0.0000100 0.0000100 0.1635929 0.1966812
0 0.0000100 0.0000100 0.1396959 0.1066076
0 0.0000100 0.0220688 0.1360194 0.1470488
0 0.0018482 0.0000100 0.2757253 0.1838135
0 0.0055247 0.0000100 0.1470488 0.1341812
0 0.0073629 0.0404512 0.1102841 0.1102841
0 0.0110394 0.0000100 0.1102841 0.0882253
0 0.0239071 0.0055247 0.1102841 0.1102841
0 0.0275835 0.0404512 0.2021959 0.2021959
0 0.0386129 0.0000100 0.2021959 0.1470488
0 0.0551571 0.0680247 0.1470488 0.1470488
0 0.0661865 0.0000100 0.1470488 0.1194753
0 0.0735394 0.0864071 0.1102841 0.1102841
0 0.2500100 0.0000100 0.2021959 0.1635929
0 0.2775835 0.0000100 0.1470488 0.1360194
0 0.2959659 0.0073629 0.1102841 0.1102841
