0 0.0000100 0.0000100 0.1231518 0.1010929
0 0.0000100 0.0000100 0.0955782 0.0735194
0 0.0000100 0.0000100 0.0771959 0.0551371
0 0.0202306 0.0000100 0.2021959 0.1121224
0 0.0478041 0.0000100 0.1470488 0.0845488
0 0.0661865 0.0000100 0.1102841 0.0661665
0 0.0735394 0.0000100 0.2021959 0.1782988
0 0.1011129 0.0036865 0.1470488 0.1470488
0 0.1194953 0.0220688 0.1102841 0.1102841
0 0.1562600 0.0000100 0.2021959 0.1782988
0 0.1838335 0.0036865 0.1470488 0.1470488
0 0.1985394 0.0000100 0.2021959 0.1838135
0 0.2022159 0.0220688 0.1102841 0.1102841
0 0.2205982 0.1066276 0.2021959 0.2021959
0 0.2261129 0.0092012 0.1470488 0.1470488
0 0.2444953 0.0275835 0.1102841 0.1102841
0 0.2481718 0.1342012 0.1470488 0.1470488
0 0.2555247 0.2334659 0.2021959 0.2021959
0 0.2665541 0.1525835 0.1102841 0.1102841
0 0.2739071 0.0661865 0.2021959 0.2021959
0 0.2830982 0.2610394 0.1470488 0.1470488
0 0.2978041 0.2132453 0.2021959 0.2021959
0 0.3014806 0.0937600 0.1470488 0.1470488
0 0.3014806 0.2794218 0.1102841 0.1102841
0 0.3198629 0.1121424 0.1102841 0.1102841
0 0.3253776 0.2408188 0.1470488 0.1470488
0 0.3290541 0.0937600 0.2021959 0.2021959
0 0.3437600 0.2592012 0.1102841 0.1102841
0 0.3566276 0.1213335 0.1470488 0.1470488
0 0.3694953 0.1360394 0.2021959 0.2021959
0 0.3750100 0.1397159 0.1102841 0.1102841
0 0.3970688 0.1636129 0.1470488 0.1470488
0 0.4154512 0.1819953 0.1102841 0.1102841
0 0.4338335 0.1746424 0.2021959 0.2021959
0 0.4467012 0.1158188 0.2021959 0.2021959
0 0.4595688 0.2334659 0.2021959 0.2021959
0 0.4614071 0.2022159 0.1470488 0.1470488
0 0.4687600 0.1691276 0.2021959 0.2021959
0 0.4742747 0.1433924 0.1470488 0.1470488
0 0.4797894 0.2205982 0.1102841 0.1102841
0 0.4871424 0.2610394 0.1470488 0.1470488
0 0.4926571 0.1617747 0.1102841 0.1102841
0 0.4963335 0.1967012 0.1470488 0.1470488
0 0.5055247 0.2794218 0.1102841 0.1102841
0 0.5128776 0.4687600 0.2021959 0.2021959
0 0.5147159 0.2150835 0.1102841 0.1102841
0 0.5404512 0.4963335 0.1470488 0.1470488
0 0.5422894 0.2058924 0.2021959 0.2021959
0 0.5459659 0.4595688 0.2021959 0.2021959
0 0.5588335 0.5147159 0.1102841 0.1102841
0 0.5698629 0.2334659 0.1470488 0.1470488
0 0.5735394 0.4871424 0.1470488 0.1470488
0 0.5882453 0.2518482 0.1102841 0.1102841
0 0.5919218 0.5055247 0.1102841 0.1102841
0 0.6397159 0.4099365 0.2021959 0.2021959
0 0.6672894 0.4375100 0.1470488 0.1470488
0 0.6746424 0.4246424 0.2021959 0.2021959
0 0.6856718 0.4558924 0.1102841 0.1102841
0 0.7022159 0.4522159 0.1470488 0.1470488
0 0.7114071 0.4503776 0.2021959 0.2021959
0 0.7205982 0.4705982 0.1102841 0.1102841
0 0.7297894 0.3419218 0.2021959 0.2021959
0 0.7389806 0.4779512 0.1470488 0.1470488
0 0.7500100 0.4577306 0.2021959 0.2021959
0 0.7573629 0.3694953 0.1470488 0.1470488
0 0.7573629 0.4963335 0.1102841 0.1102841
0 0.7610394 0.2224365 0.2021959 0.2021959
0 0.7683924 0.3603041 0.2021959 0.2021959
0 0.7757453 0.3878776 0.1102841 0.1102841
0 0.7775835 0.4853041 0.1470488 0.1470488
0 0.7886129 0.2500100 0.1470488 0.1470488
0 0.7959659 0.3878776 0.1470488 0.1470488
0 0.7959659 0.5036865 0.1102841 0.1102841
0 0.8069953 0.2683924 0.1102841 0.1102841
0 0.8143482 0.4062600 0.1102841 0.1102841
0 0.8364071 0.4577306 0.1635929 0.2021959
0 0.8639806 0.4853041 0.1360194 0.1470488
0 0.8823629 0.5036865 0.1102841 0.1102841
0 0.8842012 0.2922894 0.1157988 0.2021959
0 0.9117747 0.3198629 0.0882253 0.1470488
0 0.9301571 0.3382453 0.0698429 0.1102841
