0 0.4981718 0.8272159 0.2021959 0.1727841
0 0.5165541 0.7904512 0.2021959 0.2021959
0 0.5257453 0.8547894 0.1470488 0.1452106
0 0.5441276 0.8180247 0.1470488 0.1470488
0 0.5441276 0.8731718 0.1102841 0.1102841
0 0.5625100 0.8364071 0.1102841 0.1102841
0 0.5680247 0.8161865 0.2021959 0.1838135
0 0.5827306 0.7775835 0.2021959 0.2021959
0 0.5955982 0.8437600 0.1470488 0.1470488
0 0.6103041 0.8051571 0.1470488 0.1470488
0 0.6139806 0.8621424 0.1102841 0.1102841
0 0.6158188 0.7279512 0.2021959 0.2021959
0 0.6286865 0.8235394 0.1102841 0.1102841
0 0.6433924 0.7555247 0.1470488 0.1470488
0 0.6617747 0.7739071 0.1102841 0.1102841
0 0.6636129 0.7555247 0.2021959 0.2021959
0 0.6911865 0.7830982 0.1470488 0.1470488
0 0.7095688 0.8014806 0.1102841 0.1102841
