0 0.0000100 0.1433924 0.1121224 0.2021959
0 0.0000100 0.1709659 0.0845488 0.1470488
0 0.0000100 0.1746424 0.1084459 0.2021959
0 0.0000100 0.1893482 0.0661665 0.1102841
0 0.0000100 0.2022159 0.0808724 0.1470488
0 0.0000100 0.2187600 0.1268282 0.2021959
0 0.0000100 0.2205982 0.0624900 0.1102841
0 0.0000100 0.2463335 0.0992547 0.1470488
0 0.0000100 0.2647159 0.0808724 0.1102841
0 0.0000100 0.5459659 0.1948429 0.2021959
0 0.0000100 0.5680247 0.1893282 0.2021959
0 0.0147159 0.5955982 0.1470488 0.1470488
0 0.0202306 0.5735394 0.1470488 0.1470488
0 0.0312600 0.6636129 0.2021959 0.2021959
0 0.0330982 0.6139806 0.1102841 0.1102841
0 0.0386129 0.5919218 0.1102841 0.1102841
0 0.0588335 0.6911865 0.1470488 0.1470488
0 0.0606718 0.7058924 0.2021959 0.2021959
0 0.0772159 0.7095688 0.1102841 0.1102841
0 0.0882453 0.7334659 0.1470488 0.1470488
0 0.1066276 0.7518482 0.1102841 0.1102841
0 0.1525835 0.2242747 0.2757253 0.2757253
0 0.1893482 0.2610394 0.2021959 0.2021959
0 0.2058924 0.8290541 0.2021959 0.1709459
0 0.2150835 0.8547894 0.2021959 0.1452106
0 0.2169218 0.2886129 0.1470488 0.1470488
0 0.2334659 0.8566276 0.1470488 0.1433724
0 0.2426571 0.8823629 0.1470488 0.1176371
0 0.2518482 0.8750100 0.1102841 0.1102841
0 0.2610394 0.9007453 0.1102841 0.0992547
