0 0.2132453 0.2941276 0.0919018 0.0919018
0 0.2205982 0.6176571 0.1102841 0.1102841
0 0.2408188 0.4025835 0.0919018 0.0919018
0 0.2426571 0.6580982 0.0919018 0.0919018
0 0.2592012 0.2665541 0.0919018 0.0919018
0 0.2592012 0.7022159 0.0919018 0.0919018
0 0.2812600 0.2647159 0.0919018 0.0919018
0 0.2941276 0.4319953 0.0919018 0.0919018
0 0.3033188 0.2573629 0.0919018 0.0919018
0 0.3033188 0.3419218 0.0919018 0.0919018
0 0.3051571 0.4062600 0.0919018 0.0919018
0 0.3088335 0.5018482 0.0919018 0.0919018
0 0.3106718 0.7463335 0.0919018 0.0919018
0 0.3327306 0.2187600 0.0919018 0.0919018
0 0.3382453 0.2536865 0.0919018 0.0919018
0 0.3400835 0.4430247 0.0919018 0.0919018
0 0.3529512 0.2224365 0.0919018 0.0919018
0 0.3603041 0.3970688 0.0919018 0.0919018
0 0.3823629 0.7371424 0.0919018 0.0919018
0 0.3915541 0.3400835 0.0919018 0.0919018
0 0.4007453 0.8897159 0.0919018 0.0919018
0 0.4025835 0.8547894 0.0919018 0.0919018
0 0.4062600 0.7610394 0.0919018 0.0919018
0 0.4136129 0.7334659 0.0919018 0.0919018
0 0.4172894 0.9172894 0.0919018 0.0827106
0 0.4228041 0.7114071 0.0919018 0.0919018
0 0.4246424 0.2665541 0.0919018 0.0919018
0 0.4301571 0.5441276 0.0919018 0.0919018
0 0.4375100 0.5753776 0.0919018 0.0919018
0 0.4485394 0.3621424 0.1470488 0.1470488
0 0.4540541 0.2720688 0.0919018 0.0919018
0 0.4981718 0.6856718 0.0919018 0.0919018
0 0.5055247 0.7040541 0.1470488 0.1470488
0 0.5073629 0.6636129 0.0919018 0.0919018
0 0.5386129 0.9136129 0.0919018 0.0863871
0 0.5404512 0.9393482 0.0919018 0.0606518
0 0.5625100 0.7334659 0.0919018 0.0919018
0 0.6764806 0.8217012 0.0919018 0.0919018
0 0.7022159 0.8180247 0.0919018 0.0919018
