0 0.0000100 0.3915541 0.1819753 0.2757253
0 0.0000100 0.4283188 0.1452106 0.2021959
0 0.0000100 0.4558924 0.1176371 0.1470488
0 0.3989071 0.0000100 0.2021959 0.1157988
0 0.4264806 0.0000100 0.1470488 0.0882253
0 0.4448629 0.0000100 0.1102841 0.0698429
0 0.4742747 0.0367747 0.2021959 0.2021959
0 0.5018482 0.0643482 0.1470488 0.1470488
0 0.5165541 0.0055247 0.2021959 0.2021959
0 0.5202306 0.0000100 0.2757253 0.2187400
0 0.5202306 0.0827306 0.1102841 0.1102841
0 0.5404512 0.0294218 0.2021959 0.2021959
0 0.5441276 0.0330982 0.1470488 0.1470488
0 0.5569953 0.0000100 0.2021959 0.1819753
0 0.5625100 0.0514806 0.1102841 0.1102841
0 0.5680247 0.0569953 0.1470488 0.1470488
0 0.5845688 0.0073629 0.1470488 0.1470488
0 0.5864071 0.0753776 0.1102841 0.1102841
0 0.6360394 0.0000100 0.2021959 0.1635929
0 0.6636129 0.0000100 0.1470488 0.1360194
0 0.6819953 0.0073629 0.1102841 0.1102841
