0 0.1066276 0.0000100 0.2021959 0.1470488
0 0.1342012 0.0000100 0.1470488 0.1194753
0 0.1525835 0.0000100 0.1102841 0.1010929
0 0.2003776 0.0000100 0.2021959 0.1874900
0 0.2279512 0.0128776 0.1470488 0.1470488
0 0.2389806 0.0000100 0.2021959 0.1010929
0 0.2463335 0.0312600 0.1102841 0.1102841
0 0.2665541 0.0000100 0.1470488 0.0735194
0 0.2849365 0.0000100 0.1102841 0.0551371
0 0.5735394 0.0937600 0.2021959 0.2021959
0 0.6011129 0.1213335 0.1470488 0.1470488
0 0.6194953 0.1397159 0.1102841 0.1102841
