0 0.4485394 0.8860394 0.2021959 0.1139606
0 0.4540541 0.5036865 0.2021959 0.2021959
0 0.4614071 0.5919218 0.2021959 0.2021959
0 0.4761129 0.9136129 0.1470488 0.0863871
0 0.4816276 0.5312600 0.1470488 0.1470488
0 0.4889806 0.6194953 0.1470488 0.1470488
0 0.4944953 0.9319953 0.1102841 0.0680047
0 0.5000100 0.5496424 0.1102841 0.1102841
0 0.5073629 0.6378776 0.1102841 0.1102841
0 0.5478041 0.6709659 0.2021959 0.2021959
0 0.5606718 0.5496424 0.2021959 0.2021959
0 0.5753776 0.6985394 0.1470488 0.1470488
0 0.5882453 0.5772159 0.1470488 0.1470488
0 0.5937600 0.7169218 0.1102841 0.1102841
0 0.6066276 0.5955982 0.1102841 0.1102841
0 0.6507453 0.6231718 0.2021959 0.2021959
0 0.6783188 0.6507453 0.1470488 0.1470488
0 0.6967012 0.6691276 0.1102841 0.1102841
0 0.8327306 0.5386129 0.1672694 0.2021959
0 0.8603041 0.5661865 0.1396959 0.1470488
0 0.8786865 0.5845688 0.1102841 0.1102841
