0 0.4099365 0.2720688 0.2021959 0.2021959
0 0.4375100 0.2996424 0.1470488 0.1470488
0 0.4558924 0.3180247 0.1102841 0.1102841
0 0.4853041 0.2996424 0.2021959 0.2021959
0 0.5128776 0.3272159 0.1470488 0.1470488
0 0.5312600 0.3455982 0.1102841 0.1102841
0 0.6268482 0.2978041 0.2021959 0.2021959
0 0.6544218 0.3253776 0.1470488 0.1470488
0 0.6728041 0.2739071 0.2021959 0.2021959
0 0.6728041 0.3437600 0.1102841 0.1102841
0 0.7003776 0.3014806 0.1470488 0.1470488
0 0.7187600 0.3198629 0.1102841 0.1102841
