0 0.0000100 0.2261129 0.2757253 0.2757253
0 0.0000100 0.6342012 0.1966812 0.2757253
0 0.0000100 0.6709659 0.1599165 0.2021959
0 0.0000100 0.6985394 0.1323429 0.1470488
0 0.0367747 0.2628776 0.2021959 0.2021959
0 0.0643482 0.2904512 0.1470488 0.1470488
0 0.2555247 0.0000100 0.2021959 0.1544018
0 0.2830982 0.0000100 0.1470488 0.1268282
0 0.3014806 0.0000100 0.1102841 0.1084459
0 0.5496424 0.2610394 0.2021959 0.2021959
0 0.5772159 0.2886129 0.1470488 0.1470488
0 0.5955982 0.3069953 0.1102841 0.1102841
