0 0.0000100 0.4283188 0.1231518 0.2021959
0 0.0000100 0.4558924 0.0955782 0.1470488
0 0.0000100 0.4742747 0.0771959 0.1102841
0 0.0992747 0.6599365 0.2021959 0.2021959
0 0.1268482 0.6875100 0.1470488 0.1470488
0 0.1452306 0.7058924 0.1102841 0.1102841
0 0.1507453 0.8290541 0.2021959 0.1709459
0 0.1783188 0.8566276 0.1470488 0.1433724
0 0.1967012 0.8750100 0.1102841 0.1102841
0 0.2794218 0.6636129 0.2021959 0.2021959
0 0.3069953 0.6911865 0.1470488 0.1470488
0 0.3253776 0.7095688 0.1102841 0.1102841
0 0.3547894 0.4375100 0.2021959 0.2021959
0 0.3823629 0.4650835 0.1470488 0.1470488
0 0.3878776 0.0000100 0.2021959 0.1599165
0 0.4007453 0.4834659 0.1102841 0.1102841
0 0.4154512 0.0000100 0.1470488 0.1323429
0 0.4338335 0.0036865 0.1102841 0.1102841
0 0.4393482 0.0937600 0.2021959 0.2021959
0 0.4558924 0.5698629 0.2021959 0.2021959
0 0.4669218 0.1213335 0.1470488 0.1470488
0 0.4834659 0.5974365 0.1470488 0.1470488
0 0.4853041 0.1397159 0.1102841 0.1102841
0 0.5018482 0.6158188 0.1102841 0.1102841
0 0.5625100 0.3235394 0.2021959 0.2021959
0 0.5900835 0.3511129 0.1470488 0.1470488
0 0.6084659 0.3694953 0.1102841 0.1102841
0 0.6231718 0.1360394 0.2021959 0.2021959
0 0.6507453 0.1636129 0.1470488 0.1470488
0 0.6691276 0.1819953 0.1102841 0.1102841
0 0.7959659 0.0864071 0.2040341 0.2757253
0 0.8327306 0.1231718 0.1672694 0.2021959
0 0.8603041 0.1507453 0.1396959 0.1470488
0 0.8658188 0.5937600 0.1341812 0.2021959
0 0.8805247 0.5496424 0.1194753 0.2021959
0 0.8897159 0.3033188 0.1102841 0.2021959
0 0.8933924 0.6213335 0.1066076 0.1470488
0 0.9080982 0.5772159 0.0919018 0.1470488
0 0.9117747 0.6397159 0.0882253 0.1102841
0 0.9172894 0.3308924 0.0827106 0.1470488
0 0.9264806 0.5955982 0.0735194 0.1102841
0 0.9356718 0.3492747 0.0643282 0.1102841
