0 0.0000100 0.8566276 0.1874900 0.1433724
0 0.0000100 0.8933924 0.1507253 0.1066076
0 0.0000100 0.9209659 0.1231518 0.0790341
0 0.5643482 0.7261129 0.2757253 0.2738871
0 0.5790541 0.3805247 0.2021959 0.2021959
0 0.6011129 0.7628776 0.2021959 0.2021959
0 0.6066276 0.4080982 0.1470488 0.1470488
0 0.6250100 0.4264806 0.1102841 0.1102841
0 0.6286865 0.7904512 0.1470488 0.1470488
0 0.8658188 0.4356718 0.1341812 0.2021959
0 0.8933924 0.4632453 0.1066076 0.1470488
0 0.9117747 0.4816276 0.0882253 0.1102841
