0 0.0000100 0.0717012 0.0624900 0.0919018
0 0.0000100 0.3621424 0.0643282 0.0919018
0 0.0000100 0.4411865 0.1139606 0.1470488
0 0.0275835 0.5900835 0.0919018 0.0919018
0 0.0330982 0.3970688 0.0919018 0.0919018
0 0.1011129 0.6654512 0.0919018 0.0919018
0 0.1029512 0.2886129 0.0919018 0.0919018
0 0.1194953 0.1213335 0.0919018 0.0919018
0 0.1360394 0.3364071 0.0919018 0.0919018
0 0.1654512 0.4172894 0.0919018 0.0919018
0 0.1783188 0.5680247 0.0919018 0.0919018
0 0.1911865 0.2444953 0.0919018 0.0919018
0 0.2334659 0.0404512 0.0919018 0.0919018
0 0.2463335 0.4467012 0.0919018 0.0919018
0 0.2481718 0.1415541 0.0919018 0.0919018
0 0.2610394 0.6709659 0.0919018 0.0919018
0 0.2628776 0.3069953 0.0919018 0.0919018
0 0.2867747 0.5588335 0.0919018 0.0919018
0 0.3069953 0.2720688 0.0919018 0.0919018
0 0.3272159 0.3842012 0.0919018 0.0919018
0 0.3768482 0.0569953 0.0919018 0.0919018
0 0.3970688 0.4411865 0.0919018 0.0919018
0 0.4080982 0.3400835 0.0919018 0.0919018
0 0.4246424 0.2114071 0.0919018 0.0919018
0 0.4448629 0.3437600 0.0919018 0.0919018
0 0.5073629 0.0772159 0.0919018 0.0919018
0 0.5275835 0.0000100 0.0919018 0.0680047
0 0.6047894 0.6672894 0.0919018 0.0919018
0 0.6286865 0.4044218 0.0919018 0.0919018
0 0.6378776 0.1911865 0.0919018 0.0919018
0 0.6562600 0.4724365 0.0919018 0.0919018
0 0.6967012 0.0955982 0.0919018 0.0919018
0 0.6985394 0.2757453 0.0919018 0.0919018
0 0.7058924 0.0000100 0.0919018 0.0698429
0 0.7261129 0.1856718 0.0919018 0.0919018
0 0.8235394 0.0000100 0.0919018 0.0808724
0 0.8382453 0.1911865 0.0919018 0.0919018
0 0.9154512 0.5974365 0.0845488 0.0919018
0 0.9228041 0.8161865 0.0771959 0.0919018
0 0.9301571 0.4724365 0.0698429 0.0919018
