0 0.0000100 0.0000100 0.2224165 0.2058724
0 0.0000100 0.0000100 0.1856518 0.1691076
0 0.0110394 0.0000100 0.1470488 0.1415341
0 0.2610394 0.5036865 0.2021959 0.2021959
0 0.2886129 0.5312600 0.1470488 0.1470488
0 0.3069953 0.5496424 0.1102841 0.1102841
0 0.6985394 0.7187600 0.2021959 0.2021959
0 0.7261129 0.7463335 0.1470488 0.1470488
0 0.7279512 0.8547894 0.2720488 0.1452106
0 0.7444953 0.7647159 0.1102841 0.1102841
0 0.7647159 0.8915541 0.2021959 0.1084459
0 0.7922894 0.9191276 0.1470488 0.0808724
0 0.8382453 0.7628776 0.1617547 0.2021959
0 0.8658188 0.7904512 0.1341812 0.1470488
0 0.8842012 0.8088335 0.1102841 0.1102841
