0 0.0000100 0.0000100 0.1488871 0.1029312
0 0.0000100 0.0000100 0.1396959 0.1893282
0 0.0000100 0.0000100 0.1213135 0.0753576
0 0.0000100 0.0000100 0.1029312 0.0569753
0 0.0000100 0.0147159 0.1121224 0.1470488
0 0.0000100 0.0330982 0.0937400 0.1102841
0 0.0000100 0.1066276 0.1966812 0.2021959
0 0.0220688 0.1342012 0.1470488 0.1470488
0 0.0294218 0.3474365 0.2021959 0.2021959
0 0.0367747 0.4485394 0.2021959 0.2021959
0 0.0386129 0.7739071 0.2021959 0.2021959
0 0.0404512 0.1525835 0.1102841 0.1102841
0 0.0551571 0.1489071 0.2021959 0.2021959
0 0.0569953 0.3750100 0.1470488 0.1470488
0 0.0643482 0.4761129 0.1470488 0.1470488
0 0.0661865 0.8014806 0.1470488 0.1470488
0 0.0753776 0.3933924 0.1102841 0.1102841
0 0.0790541 0.0441276 0.2021959 0.2021959
0 0.0827306 0.1764806 0.1470488 0.1470488
0 0.0827306 0.4944953 0.1102841 0.1102841
0 0.0845688 0.8198629 0.1102841 0.1102841
0 0.0955982 0.5165541 0.2757253 0.2757253
0 0.1011129 0.1948629 0.1102841 0.1102841
0 0.1066276 0.0717012 0.1470488 0.1470488
0 0.1213335 0.0000100 0.2021959 0.1121224
0 0.1250100 0.0900835 0.1102841 0.1102841
0 0.1305247 0.7665541 0.2021959 0.2021959
0 0.1323629 0.5533188 0.2021959 0.2021959
0 0.1360394 0.2867747 0.2021959 0.2021959
0 0.1489071 0.0000100 0.1470488 0.0845488
0 0.1507453 0.6231718 0.2021959 0.2021959
0 0.1580982 0.7941276 0.1470488 0.1470488
0 0.1599365 0.5808924 0.1470488 0.1470488
0 0.1636129 0.3143482 0.1470488 0.1470488
0 0.1672894 0.0000100 0.1102841 0.0661665
0 0.1672894 0.1709659 0.2021959 0.2021959
0 0.1709659 0.5055247 0.2021959 0.2021959
0 0.1764806 0.8125100 0.1102841 0.1102841
0 0.1783188 0.6507453 0.1470488 0.1470488
0 0.1819953 0.3327306 0.1102841 0.1102841
0 0.1948629 0.1985394 0.1470488 0.1470488
0 0.1967012 0.6691276 0.1102841 0.1102841
0 0.1985394 0.5330982 0.1470488 0.1470488
0 0.2132453 0.2169218 0.1102841 0.1102841
0 0.2169218 0.5514806 0.1102841 0.1102841
0 0.2739071 0.2739071 0.2021959 0.2021959
0 0.2757453 0.6544218 0.2021959 0.2021959
0 0.3014806 0.3014806 0.1470488 0.1470488
0 0.3033188 0.6819953 0.1470488 0.1470488
0 0.3088335 0.1305247 0.2021959 0.2021959
0 0.3198629 0.3198629 0.1102841 0.1102841
0 0.3217012 0.7003776 0.1102841 0.1102841
0 0.3290541 0.0055247 0.2021959 0.2021959
0 0.3364071 0.1580982 0.1470488 0.1470488
0 0.3547894 0.1764806 0.1102841 0.1102841
0 0.3566276 0.0330982 0.1470488 0.1470488
0 0.3621424 0.6819953 0.2021959 0.2021959
0 0.3750100 0.0514806 0.1102841 0.1102841
0 0.3897159 0.7095688 0.1470488 0.1470488
0 0.3915541 0.0000100 0.2757253 0.1507253
0 0.4080982 0.7279512 0.1102841 0.1102841
0 0.4283188 0.0000100 0.2021959 0.1139606
0 0.4558924 0.0000100 0.1470488 0.0863871
0 0.4889806 0.2628776 0.2021959 0.2021959
0 0.5165541 0.2904512 0.1470488 0.1470488
0 0.5275835 0.4908188 0.2021959 0.2021959
0 0.5349365 0.3088335 0.1102841 0.1102841
0 0.5422894 0.3529512 0.2021959 0.2021959
0 0.5514806 0.0202306 0.2021959 0.2021959
0 0.5551571 0.5183924 0.1470488 0.1470488
0 0.5698629 0.3805247 0.1470488 0.1470488
0 0.5735394 0.0000100 0.2021959 0.1047694
0 0.5735394 0.5367747 0.1102841 0.1102841
0 0.5790541 0.0478041 0.1470488 0.1470488
0 0.5882453 0.3989071 0.1102841 0.1102841
0 0.5974365 0.0661865 0.1102841 0.1102841
0 0.6011129 0.0000100 0.1470488 0.0771959
0 0.6011129 0.5239071 0.2021959 0.2021959
0 0.6194953 0.0000100 0.1102841 0.0588135
0 0.6286865 0.5514806 0.1470488 0.1470488
0 0.6323629 0.4485394 0.2021959 0.2021959
0 0.6342012 0.0919218 0.2021959 0.2021959
0 0.6470688 0.5698629 0.1102841 0.1102841
0 0.6599365 0.4761129 0.1470488 0.1470488
0 0.6617747 0.1194953 0.1470488 0.1470488
0 0.6654512 0.7426571 0.2021959 0.2021959
0 0.6783188 0.4944953 0.1102841 0.1102841
0 0.6783188 0.8400835 0.2021959 0.1599165
0 0.6801571 0.1378776 0.1102841 0.1102841
0 0.6875100 0.1103041 0.2021959 0.2021959
0 0.6930247 0.7702306 0.1470488 0.1470488
0 0.7058924 0.8676571 0.1470488 0.1323429
0 0.7114071 0.5128776 0.2021959 0.2021959
0 0.7114071 0.7886129 0.1102841 0.1102841
0 0.7150835 0.1378776 0.1470488 0.1470488
0 0.7205982 0.3308924 0.2021959 0.2021959
0 0.7242747 0.8860394 0.1102841 0.1102841
0 0.7334659 0.0000100 0.2021959 0.1507253
0 0.7334659 0.1562600 0.1102841 0.1102841
0 0.7353041 0.8529512 0.2021959 0.1470488
0 0.7389806 0.5404512 0.1470488 0.1470488
0 0.7408188 0.3970688 0.2021959 0.2021959
0 0.7481718 0.3584659 0.1470488 0.1470488
0 0.7573629 0.5588335 0.1102841 0.1102841
0 0.7610394 0.0000100 0.1470488 0.1231518
0 0.7610394 0.6433924 0.2021959 0.2021959
0 0.7628776 0.8805247 0.1470488 0.1194753
0 0.7665541 0.3768482 0.1102841 0.1102841
0 0.7683924 0.4246424 0.1470488 0.1470488
0 0.7702306 0.7610394 0.2021959 0.2021959
0 0.7794218 0.0000100 0.1102841 0.1047694
0 0.7812600 0.8989071 0.1102841 0.1010929
0 0.7867747 0.4430247 0.1102841 0.1102841
0 0.7886129 0.6709659 0.1470488 0.1470488
0 0.7978041 0.7886129 0.1470488 0.1470488
0 0.8069953 0.6893482 0.1102841 0.1102841
0 0.8161865 0.8069953 0.1102841 0.1102841
0 0.8474365 0.8731718 0.1525635 0.1268282
0 0.8492747 0.8272159 0.1507253 0.1727841
0 0.8584659 0.2242747 0.1415341 0.2757253
0 0.8750100 0.9007453 0.1249900 0.0992547
0 0.8768482 0.8547894 0.1231518 0.1452106
0 0.8897159 0.6139806 0.1102841 0.2021959
0 0.8933924 0.9191276 0.1066076 0.0808724
0 0.8952306 0.2610394 0.1047694 0.2021959
0 0.8952306 0.8731718 0.1047694 0.1102841
0 0.9172894 0.6415541 0.0827106 0.1470488
0 0.9228041 0.2886129 0.0771959 0.1470488
0 0.9356718 0.6599365 0.0643282 0.1102841
