0 0.0000100 0.0000100 0.1029312 0.2003576
0 0.0000100 0.0257453 0.0753576 0.1470488
0 0.0000100 0.0441276 0.0569753 0.1102841
0 0.0000100 0.0680247 0.1286665 0.2021959
0 0.0000100 0.0955982 0.1010929 0.1470488
0 0.0000100 0.1139806 0.0827106 0.1102841
0 0.0000100 0.1378776 0.1617547 0.2021959
0 0.0000100 0.1654512 0.1341812 0.1470488
0 0.0000100 0.4044218 0.1268282 0.2021959
0 0.0000100 0.4319953 0.0992547 0.1470488
0 0.0000100 0.4503776 0.0808724 0.1102841
0 0.0000100 0.5386129 0.1341812 0.2021959
0 0.0000100 0.5661865 0.1066076 0.1470488
0 0.0000100 0.5845688 0.0882253 0.1102841
0 0.0000100 0.7481718 0.1966812 0.2021959
0 0.0000100 0.8161865 0.1029312 0.1838135
0 0.0000100 0.8437600 0.0753576 0.1470488
0 0.0000100 0.8621424 0.0569753 0.1102841
0 0.0018482 0.3088335 0.2021959 0.2021959
0 0.0055247 0.1838335 0.1102841 0.1102841
0 0.0220688 0.7757453 0.1470488 0.1470488
0 0.0239071 0.0000100 0.2021959 0.1507253
0 0.0294218 0.3364071 0.1470488 0.1470488
0 0.0404512 0.7941276 0.1102841 0.1102841
0 0.0478041 0.3547894 0.1102841 0.1102841
0 0.0514806 0.0000100 0.1470488 0.1231518
0 0.0661865 0.5606718 0.2021959 0.2021959
0 0.0698629 0.0000100 0.1102841 0.1047694
0 0.0937600 0.5882453 0.1470488 0.1470488
0 0.1103041 0.2077306 0.2021959 0.2021959
0 0.1121424 0.6066276 0.1102841 0.1102841
0 0.1121424 0.8786865 0.2021959 0.1213135
0 0.1323629 0.5018482 0.2021959 0.2021959
0 0.1378776 0.2353041 0.1470488 0.1470488
0 0.1397159 0.9062600 0.1470488 0.0937400
0 0.1562600 0.2536865 0.1102841 0.1102841
0 0.1580982 0.9246424 0.1102841 0.0753576
0 0.1599365 0.5294218 0.1470488 0.1470488
0 0.1783188 0.5478041 0.1102841 0.1102841
0 0.1838335 0.4154512 0.2021959 0.2021959
0 0.1985394 0.2353041 0.2021959 0.2021959
0 0.2003776 0.5110394 0.2021959 0.2021959
0 0.2114071 0.4430247 0.1470488 0.1470488
0 0.2114071 0.6728041 0.2021959 0.2021959
0 0.2261129 0.2628776 0.1470488 0.1470488
0 0.2279512 0.5386129 0.1470488 0.1470488
0 0.2297894 0.4614071 0.1102841 0.1102841
0 0.2389806 0.7003776 0.1470488 0.1470488
0 0.2444953 0.2812600 0.1102841 0.1102841
0 0.2463335 0.5569953 0.1102841 0.1102841
0 0.2573629 0.7187600 0.1102841 0.1102841
0 0.2647159 0.8731718 0.2021959 0.1268282
0 0.2922894 0.9007453 0.1470488 0.0992547
0 0.3106718 0.9191276 0.1102841 0.0808724
0 0.3492747 0.8511129 0.2021959 0.1488871
0 0.3603041 0.4908188 0.2021959 0.2021959
0 0.3621424 0.3033188 0.2021959 0.2021959
0 0.3713335 0.7279512 0.2021959 0.2021959
0 0.3768482 0.8786865 0.1470488 0.1213135
0 0.3878776 0.5183924 0.1470488 0.1470488
0 0.3897159 0.3308924 0.1470488 0.1470488
0 0.3952306 0.8970688 0.1102841 0.1029312
0 0.3989071 0.7555247 0.1470488 0.1470488
0 0.4062600 0.5367747 0.1102841 0.1102841
0 0.4080982 0.3492747 0.1102841 0.1102841
0 0.4172894 0.7739071 0.1102841 0.1102841
0 0.4485394 0.4228041 0.2021959 0.2021959
0 0.4724365 0.7150835 0.2021959 0.2021959
0 0.4761129 0.4503776 0.1470488 0.1470488
0 0.4944953 0.4687600 0.1102841 0.1102841
0 0.5000100 0.7426571 0.1470488 0.1470488
0 0.5110394 0.8235394 0.2021959 0.1764606
0 0.5165541 0.5533188 0.2021959 0.2021959
0 0.5183924 0.7610394 0.1102841 0.1102841
0 0.5386129 0.8511129 0.1470488 0.1470488
0 0.5441276 0.5808924 0.1470488 0.1470488
0 0.5569953 0.8694953 0.1102841 0.1102841
0 0.5625100 0.5992747 0.1102841 0.1102841
0 0.6250100 0.0000100 0.2021959 0.1066076
0 0.6342012 0.1580982 0.2021959 0.2021959
0 0.6525835 0.0000100 0.1470488 0.0790341
0 0.6617747 0.1856718 0.1470488 0.1470488
0 0.6709659 0.0000100 0.1102841 0.0606518
0 0.6709659 0.4007453 0.2021959 0.2021959
0 0.6801571 0.2040541 0.1102841 0.1102841
0 0.6930247 0.2114071 0.2021959 0.2021959
0 0.6985394 0.4283188 0.1470488 0.1470488
0 0.7169218 0.4467012 0.1102841 0.1102841
0 0.7205982 0.2389806 0.1470488 0.1470488
0 0.7389806 0.2573629 0.1102841 0.1102841
0 0.7720688 0.0000100 0.2021959 0.1856518
0 0.7996424 0.0110394 0.1470488 0.1470488
0 0.8180247 0.0294218 0.1102841 0.1102841
0 0.8327306 0.3308924 0.1672694 0.2021959
0 0.8547894 0.0000100 0.1452106 0.1121224
0 0.8603041 0.3584659 0.1396959 0.1470488
0 0.8621424 0.0165541 0.1378576 0.2021959
0 0.8786865 0.3768482 0.1102841 0.1102841
0 0.8823629 0.0000100 0.1176371 0.0845488
0 0.8897159 0.0441276 0.1102841 0.1470488
0 0.9007453 0.0000100 0.0992547 0.0661665
0 0.9080982 0.0625100 0.0919018 0.1102841
