0 0.0698629 0.3915541 0.0919018 0.0919018
0 0.0845688 0.4669218 0.0919018 0.0919018
0 0.1084659 0.4264806 0.0919018 0.0919018
0 0.1672894 0.4025835 0.0919018 0.0919018
0 0.1819953 0.5808924 0.1470488 0.1470488
0 0.1856718 0.5275835 0.0919018 0.0919018
0 0.1875100 0.4540541 0.0919018 0.0919018
0 0.1911865 0.3860394 0.0919018 0.0919018
0 0.2040541 0.5588335 0.0919018 0.0919018
0 0.2058924 0.3529512 0.1470488 0.1470488
0 0.2095688 0.4761129 0.0919018 0.0919018
0 0.2297894 0.4963335 0.0919018 0.0919018
0 0.2702306 0.4136129 0.0919018 0.0919018
0 0.2775835 0.3621424 0.0919018 0.0919018
0 0.2978041 0.4319953 0.0919018 0.0919018
0 0.3198629 0.3400835 0.0919018 0.0919018
0 0.3474365 0.4926571 0.0919018 0.0919018
0 0.3603041 0.7757453 0.0919018 0.0919018
0 0.3713335 0.8088335 0.0919018 0.0919018
0 0.3878776 0.5882453 0.0919018 0.0919018
0 0.3915541 0.7077306 0.0919018 0.0919018
0 0.4154512 0.3750100 0.0919018 0.0919018
0 0.4154512 0.6728041 0.0919018 0.0919018
0 0.4228041 0.7371424 0.0919018 0.0919018
0 0.4301571 0.7922894 0.1102841 0.1102841
0 0.4375100 0.6580982 0.0919018 0.0919018
0 0.4467012 0.4117747 0.1102841 0.1102841
0 0.4577306 0.7628776 0.0919018 0.0919018
0 0.4595688 0.2904512 0.1102841 0.1102841
0 0.4669218 0.9191276 0.0919018 0.0808724
0 0.4779512 0.5349365 0.0919018 0.0919018
0 0.4908188 0.6911865 0.0919018 0.0919018
0 0.4908188 0.8161865 0.0919018 0.0919018
0 0.4944953 0.3989071 0.0919018 0.0919018
0 0.5018482 0.8400835 0.0919018 0.0919018
0 0.5036865 0.4742747 0.0919018 0.0919018
0 0.5165541 0.7518482 0.0919018 0.0919018
0 0.5220688 0.8584659 0.0919018 0.0919018
0 0.5330982 0.4007453 0.0919018 0.0919018
0 0.5404512 0.7003776 0.0919018 0.0919018
0 0.5459659 0.5073629 0.0919018 0.0919018
0 0.5533188 0.8621424 0.0919018 0.0919018
