0 0.0000100 0.1066276 0.0808724 0.0919018
0 0.0000100 0.1415541 0.0698429 0.0919018
0 0.0000100 0.4393482 0.0716812 0.0919018
0 0.0000100 0.5147159 0.0459459 0.0919018
0 0.0000100 0.5643482 0.1066076 0.1470488
0 0.0000100 0.9375100 0.0845488 0.0624900
0 0.0220688 0.7978041 0.0919018 0.0919018
0 0.0459659 0.3143482 0.0919018 0.0919018
0 0.0661865 0.5459659 0.0919018 0.0919018
0 0.0680247 0.7371424 0.1470488 0.1470488
0 0.0698629 0.0367747 0.0919018 0.0919018
0 0.0753776 0.1672894 0.0919018 0.0919018
0 0.0900835 0.8842012 0.0919018 0.0919018
0 0.1047894 0.6709659 0.0919018 0.0919018
0 0.1066276 0.4338335 0.0919018 0.0919018
0 0.1084659 0.1875100 0.0919018 0.0919018
0 0.1580982 0.6213335 0.0919018 0.0919018
0 0.1654512 0.2922894 0.0919018 0.0919018
0 0.1691276 0.8290541 0.0919018 0.0919018
0 0.1911865 0.4632453 0.0919018 0.0919018
0 0.2279512 0.4687600 0.1470488 0.1470488
0 0.2334659 0.3584659 0.0919018 0.0919018
0 0.2408188 0.9246424 0.0919018 0.0753576
0 0.2592012 0.1507453 0.0919018 0.0919018
0 0.2683924 0.5625100 0.0919018 0.0919018
0 0.2757453 0.3989071 0.0919018 0.0919018
0 0.2867747 0.7702306 0.0919018 0.0919018
0 0.3455982 0.0000100 0.0919018 0.0459459
0 0.3713335 0.8842012 0.0919018 0.0919018
0 0.3786865 0.7518482 0.0919018 0.0919018
0 0.3952306 0.8400835 0.1470488 0.1470488
0 0.4062600 0.5772159 0.0919018 0.0919018
0 0.4485394 0.9485394 0.0919018 0.0514606
0 0.4687600 0.4099365 0.0919018 0.0919018
0 0.4742747 0.8529512 0.0919018 0.0919018
0 0.4797894 0.7371424 0.0919018 0.0919018
0 0.5165541 0.0643482 0.0919018 0.0919018
0 0.5275835 0.6194953 0.0919018 0.0919018
0 0.5441276 0.2739071 0.0919018 0.0919018
0 0.5441276 0.9338335 0.0919018 0.0661665
0 0.5496424 0.8621424 0.0919018 0.0919018
0 0.6213335 0.7775835 0.0919018 0.0919018
0 0.6599365 0.8878776 0.0919018 0.0919018
0 0.7022159 0.4981718 0.0919018 0.0919018
0 0.7555247 0.7867747 0.0919018 0.0919018
0 0.8547894 0.7040541 0.0919018 0.0919018
0 0.8621424 0.7996424 0.0919018 0.0919018
