0 0.0680247 0.5000100 0.2021959 0.2021959
0 0.0955982 0.5275835 0.1470488 0.1470488
0 0.1139806 0.5459659 0.1102841 0.1102841
0 0.3952306 0.8069953 0.2021959 0.1930047
0 0.4228041 0.8345688 0.1470488 0.1470488
0 0.4393482 0.8308924 0.2021959 0.1691076
0 0.4411865 0.8529512 0.1102841 0.1102841
0 0.4669218 0.8584659 0.1470488 0.1415341
0 0.4853041 0.8731718 0.2021959 0.1268282
0 0.4853041 0.8768482 0.1102841 0.1102841
0 0.5128776 0.9007453 0.1470488 0.0992547
0 0.5312600 0.9191276 0.1102841 0.0808724
