0 0.0937600 0.7665541 0.2021959 0.2021959
0 0.1213335 0.7941276 0.1470488 0.1470488
0 0.1305247 0.7297894 0.2021959 0.2021959
0 0.1397159 0.8125100 0.1102841 0.1102841
0 0.1580982 0.7573629 0.1470488 0.1470488
0 0.1764806 0.7757453 0.1102841 0.1102841
0 0.1911865 0.7720688 0.2021959 0.2021959
0 0.1985394 0.6103041 0.2021959 0.2021959
0 0.2003776 0.6544218 0.2021959 0.2021959
0 0.2187600 0.7996424 0.1470488 0.1470488
0 0.2261129 0.6378776 0.1470488 0.1470488
0 0.2279512 0.6819953 0.1470488 0.1470488
0 0.2371424 0.8180247 0.1102841 0.1102841
0 0.2444953 0.6562600 0.1102841 0.1102841
0 0.2463335 0.7003776 0.1102841 0.1102841
0 0.2647159 0.5110394 0.2757253 0.2757253
0 0.2812600 0.6636129 0.2021959 0.2021959
0 0.3014806 0.5478041 0.2021959 0.2021959
0 0.3088335 0.6911865 0.1470488 0.1470488
0 0.3235394 0.6084659 0.2021959 0.2021959
0 0.3272159 0.7095688 0.1102841 0.1102841
0 0.3290541 0.5753776 0.1470488 0.1470488
0 0.3474365 0.4283188 0.2021959 0.2021959
0 0.3511129 0.6360394 0.1470488 0.1470488
0 0.3603041 0.6544218 0.2021959 0.2021959
0 0.3694953 0.6544218 0.1102841 0.1102841
0 0.3750100 0.4558924 0.1470488 0.1470488
0 0.3860394 0.4062600 0.2021959 0.2021959
0 0.3878776 0.6819953 0.1470488 0.1470488
0 0.3933924 0.4742747 0.1102841 0.1102841
0 0.4025835 0.4742747 0.2021959 0.2021959
0 0.4044218 0.5698629 0.2021959 0.2021959
0 0.4062600 0.7003776 0.1102841 0.1102841
0 0.4099365 0.4264806 0.2021959 0.2021959
0 0.4136129 0.4338335 0.1470488 0.1470488
0 0.4301571 0.5018482 0.1470488 0.1470488
0 0.4319953 0.4522159 0.1102841 0.1102841
0 0.4319953 0.5974365 0.1470488 0.1470488
0 0.4375100 0.4540541 0.1470488 0.1470488
0 0.4393482 0.5349365 0.2021959 0.2021959
0 0.4485394 0.3842012 0.2021959 0.2021959
0 0.4485394 0.5202306 0.1102841 0.1102841
0 0.4503776 0.6158188 0.1102841 0.1102841
0 0.4558924 0.4724365 0.1102841 0.1102841
0 0.4669218 0.5625100 0.1470488 0.1470488
0 0.4761129 0.4117747 0.1470488 0.1470488
0 0.4853041 0.5808924 0.1102841 0.1102841
0 0.4944953 0.4301571 0.1102841 0.1102841
0 0.6691276 0.8786865 0.2021959 0.1213135
0 0.6967012 0.9062600 0.1470488 0.0937400
0 0.7150835 0.9246424 0.1102841 0.0753576
0 0.8088335 0.7812600 0.1911665 0.2021959
0 0.8364071 0.8088335 0.1470488 0.1470488
0 0.8547894 0.8272159 0.1102841 0.1102841
