0 0.2463335 0.7775835 0.2757253 0.2224165
0 0.2830982 0.8143482 0.2021959 0.1856518
0 0.3069953 0.7904512 0.2021959 0.2021959
0 0.3106718 0.7261129 0.2021959 0.2021959
0 0.3106718 0.8419218 0.1470488 0.1470488
0 0.3125100 0.8492747 0.2021959 0.1507253
0 0.3345688 0.8180247 0.1470488 0.1470488
0 0.3382453 0.7536865 0.1470488 0.1470488
0 0.3400835 0.8768482 0.1470488 0.1231518
0 0.3529512 0.8364071 0.1102841 0.1102841
0 0.3566276 0.7720688 0.1102841 0.1102841
0 0.3584659 0.8952306 0.1102841 0.1047694
0 0.3658188 0.7353041 0.2021959 0.2021959
0 0.3768482 0.8125100 0.2021959 0.1874900
0 0.3933924 0.7628776 0.1470488 0.1470488
0 0.4044218 0.8400835 0.1470488 0.1470488
0 0.4117747 0.7812600 0.1102841 0.1102841
0 0.4228041 0.8584659 0.1102841 0.1102841
0 0.4228041 0.8897159 0.2021959 0.1102841
0 0.4467012 0.8217012 0.2021959 0.1782988
0 0.4503776 0.9172894 0.1470488 0.0827106
0 0.4687600 0.9356718 0.1102841 0.0643282
0 0.4742747 0.8492747 0.1470488 0.1470488
0 0.4926571 0.8676571 0.1102841 0.1102841
0 0.5422894 0.1838335 0.2021959 0.2021959
0 0.5698629 0.2114071 0.1470488 0.1470488
0 0.5882453 0.2297894 0.1102841 0.1102841
