0 0.0110394 0.0900835 0.2021959 0.2021959
0 0.0275835 0.1103041 0.2021959 0.2021959
0 0.0349365 0.0000100 0.2021959 0.1838135
0 0.0386129 0.1176571 0.1470488 0.1470488
0 0.0551571 0.1378776 0.1470488 0.1470488
0 0.0569953 0.1360394 0.1102841 0.1102841
0 0.0625100 0.0092012 0.1470488 0.1470488
0 0.0735394 0.1562600 0.1102841 0.1102841
0 0.0808924 0.0275835 0.1102841 0.1102841
0 0.1047894 0.0349365 0.2021959 0.2021959
0 0.1121424 0.1286865 0.2021959 0.2021959
0 0.1323629 0.0625100 0.1470488 0.1470488
0 0.1397159 0.1562600 0.1470488 0.1470488
0 0.1433924 0.0533188 0.2021959 0.2021959
0 0.1507453 0.0808924 0.1102841 0.1102841
0 0.1580982 0.1746424 0.1102841 0.1102841
0 0.1709659 0.0808924 0.1470488 0.1470488
0 0.1764806 0.1194953 0.2021959 0.2021959
0 0.1893482 0.0992747 0.1102841 0.1102841
0 0.2040541 0.0000100 0.2021959 0.1874900
0 0.2040541 0.1470688 0.1470488 0.1470488
0 0.2095688 0.0000100 0.2021959 0.1470488
0 0.2187600 0.0882453 0.2021959 0.2021959
0 0.2224365 0.1654512 0.1102841 0.1102841
0 0.2316276 0.0128776 0.1470488 0.1470488
0 0.2371424 0.0000100 0.1470488 0.1194753
0 0.2463335 0.1158188 0.1470488 0.1470488
0 0.2500100 0.0312600 0.1102841 0.1102841
0 0.2555247 0.0000100 0.1102841 0.1010929
0 0.2628776 0.0606718 0.2021959 0.2021959
0 0.2647159 0.1342012 0.1102841 0.1102841
0 0.2886129 0.0000100 0.2021959 0.1966812
0 0.2904512 0.0882453 0.1470488 0.1470488
0 0.2941276 0.0367747 0.2021959 0.2021959
0 0.3088335 0.1066276 0.1102841 0.1102841
0 0.3106718 0.0092012 0.2021959 0.2021959
0 0.3161865 0.0220688 0.1470488 0.1470488
0 0.3217012 0.0643482 0.1470488 0.1470488
0 0.3235394 0.0000100 0.2021959 0.1213135
0 0.3345688 0.0000100 0.2021959 0.1856518
0 0.3345688 0.0404512 0.1102841 0.1102841
0 0.3382453 0.0367747 0.1470488 0.1470488
0 0.3400835 0.0827306 0.1102841 0.1102841
0 0.3511129 0.0000100 0.1470488 0.0937400
0 0.3566276 0.0551571 0.1102841 0.1102841
0 0.3603041 0.0000100 0.2021959 0.1378576
0 0.3621424 0.0110394 0.1470488 0.1470488
0 0.3694953 0.0000100 0.1102841 0.0753576
0 0.3805247 0.0294218 0.1102841 0.1102841
0 0.3878776 0.0000100 0.1470488 0.1102841
0 0.4062600 0.0000100 0.1102841 0.0919018
