0 0.6360394 0.0092012 0.2021959 0.2021959
0 0.6636129 0.0367747 0.1470488 0.1470488
0 0.6819953 0.0551571 0.1102841 0.1102841
0 0.7169218 0.2518482 0.2021959 0.2021959
0 0.7224365 0.1194953 0.2021959 0.2021959
0 0.7444953 0.2794218 0.1470488 0.1470488
0 0.7481718 0.1930247 0.2021959 0.2021959
0 0.7500100 0.1470688 0.1470488 0.1470488
0 0.7628776 0.2978041 0.1102841 0.1102841
0 0.7683924 0.1654512 0.1102841 0.1102841
0 0.7757453 0.2205982 0.1470488 0.1470488
0 0.7941276 0.2389806 0.1102841 0.1102841
0 0.8143482 0.1103041 0.1856518 0.2021959
0 0.8419218 0.1378776 0.1470488 0.1470488
0 0.8603041 0.1562600 0.1102841 0.1102841
