0 0.0000100 0.4558924 0.0716812 0.0919018
0 0.0165541 0.3694953 0.0919018 0.0919018
0 0.0386129 0.3603041 0.0919018 0.0919018
0 0.0717012 0.3676571 0.0919018 0.0919018
0 0.0955982 0.3511129 0.0919018 0.0919018
0 0.1617747 0.2978041 0.0919018 0.0919018
0 0.2389806 0.1636129 0.0919018 0.0919018
0 0.3033188 0.1893482 0.0919018 0.0919018
0 0.3069953 0.2830982 0.0919018 0.0919018
0 0.3952306 0.0000100 0.0919018 0.0588135
0 0.4191276 0.1893482 0.1102841 0.1102841
0 0.4338335 0.1121424 0.0919018 0.0919018
0 0.4540541 0.1047894 0.0919018 0.0919018
0 0.4650835 0.0717012 0.0919018 0.0919018
0 0.5073629 0.0992747 0.0919018 0.0919018
0 0.5165541 0.0330982 0.0919018 0.0919018
0 0.5496424 0.0000100 0.1470488 0.1396959
0 0.6250100 0.0000100 0.0919018 0.0680047
