0 0.0000100 0.3842012 0.1176371 0.2021959
0 0.0000100 0.4117747 0.0900635 0.1470488
0 0.0000100 0.4301571 0.0716812 0.1102841
0 0.0000100 0.4356718 0.1157988 0.2021959
0 0.0000100 0.4632453 0.0882253 0.1470488
0 0.0000100 0.4816276 0.0698429 0.1102841
0 0.0000100 0.6029512 0.1727841 0.2021959
0 0.0000100 0.6305247 0.1452106 0.1470488
0 0.0165541 0.1654512 0.2021959 0.2021959
0 0.0165541 0.6489071 0.1102841 0.1102841
0 0.0239071 0.8842012 0.2021959 0.1157988
0 0.0441276 0.1930247 0.1470488 0.1470488
0 0.0514806 0.9117747 0.1470488 0.0882253
0 0.0625100 0.2114071 0.1102841 0.1102841
0 0.0698629 0.9301571 0.1102841 0.0698429
0 0.0790541 0.5422894 0.2021959 0.2021959
0 0.0919218 0.0496424 0.2021959 0.2021959
0 0.1066276 0.5698629 0.1470488 0.1470488
0 0.1194953 0.0772159 0.1470488 0.1470488
0 0.1250100 0.5882453 0.1102841 0.1102841
0 0.1378776 0.0955982 0.1102841 0.1102841
0 0.1525835 0.0000100 0.2757253 0.1580782
0 0.1893482 0.0000100 0.2021959 0.1213135
0 0.2169218 0.0000100 0.1470488 0.0937400
