0 0.2169218 0.1342012 0.2021959 0.2021959
0 0.2444953 0.1617747 0.1470488 0.1470488
0 0.2628776 0.1801571 0.1102841 0.1102841
0 0.3933924 0.5551571 0.2757253 0.2757253
0 0.4301571 0.5919218 0.2021959 0.2021959
0 0.4577306 0.6194953 0.1470488 0.1470488
0 0.5422894 0.5514806 0.2021959 0.2021959
0 0.5551571 0.5808924 0.2021959 0.2021959
0 0.5698629 0.5790541 0.1470488 0.1470488
0 0.5827306 0.6084659 0.1470488 0.1470488
0 0.5882453 0.5974365 0.1102841 0.1102841
0 0.6011129 0.6268482 0.1102841 0.1102841
