0 0.0000100 0.0000100 0.1102841 0.1268282
0 0.0000100 0.0000100 0.1139606 0.1727841
0 0.0000100 0.0000100 0.0827106 0.0992547
0 0.0000100 0.0000100 0.0863871 0.1452106
0 0.0000100 0.0000100 0.0643282 0.0808724
0 0.0000100 0.0165541 0.0680047 0.1102841
0 0.0000100 0.2114071 0.1893282 0.2021959
0 0.0000100 0.5349365 0.1691076 0.2021959
0 0.0000100 0.5625100 0.1415341 0.1470488
0 0.0000100 0.6764806 0.1010929 0.2021959
0 0.0000100 0.7040541 0.0735194 0.1470488
0 0.0000100 0.7224365 0.0551371 0.1102841
0 0.0000100 0.8180247 0.1010929 0.1819753
0 0.0000100 0.8455982 0.0735194 0.1470488
0 0.0000100 0.8639806 0.0551371 0.1102841
0 0.0128776 0.5808924 0.1102841 0.1102841
0 0.0147159 0.2389806 0.1470488 0.1470488
0 0.0239071 0.4080982 0.2021959 0.2021959
0 0.0330982 0.2573629 0.1102841 0.1102841
0 0.0514806 0.4356718 0.1470488 0.1470488
0 0.0533188 0.8106718 0.2021959 0.1893282
0 0.0606718 0.0625100 0.2021959 0.2021959
0 0.0698629 0.4540541 0.1102841 0.1102841
0 0.0717012 0.4908188 0.2021959 0.2021959
0 0.0808924 0.8382453 0.1470488 0.1470488
0 0.0882453 0.0900835 0.1470488 0.1470488
0 0.0882453 0.5992747 0.2757253 0.2757253
0 0.0992747 0.5183924 0.1470488 0.1470488
0 0.0992747 0.8566276 0.1102841 0.1102841
0 0.1047894 0.5478041 0.2021959 0.2021959
0 0.1066276 0.1084659 0.1102841 0.1102841
0 0.1176571 0.5367747 0.1102841 0.1102841
0 0.1250100 0.6360394 0.2021959 0.2021959
0 0.1305247 0.0588335 0.2021959 0.2021959
0 0.1305247 0.4099365 0.2021959 0.2021959
0 0.1323629 0.5753776 0.1470488 0.1470488
0 0.1507453 0.5937600 0.1102841 0.1102841
0 0.1525835 0.6636129 0.1470488 0.1470488
0 0.1562600 0.2812600 0.2021959 0.2021959
0 0.1580982 0.0864071 0.1470488 0.1470488
0 0.1580982 0.4375100 0.1470488 0.1470488
0 0.1764806 0.1047894 0.1102841 0.1102841
0 0.1764806 0.4558924 0.1102841 0.1102841
0 0.1838335 0.3088335 0.1470488 0.1470488
0 0.1856718 0.8272159 0.2021959 0.1727841
0 0.2022159 0.3272159 0.1102841 0.1102841
0 0.2077306 0.7297894 0.2021959 0.2021959
0 0.2132453 0.0055247 0.2021959 0.2021959
0 0.2132453 0.8547894 0.1470488 0.1452106
0 0.2150835 0.3253776 0.2021959 0.2021959
0 0.2316276 0.8731718 0.1102841 0.1102841
0 0.2353041 0.7573629 0.1470488 0.1470488
0 0.2389806 0.0000100 0.2021959 0.1746224
0 0.2408188 0.0330982 0.1470488 0.1470488
0 0.2408188 0.5698629 0.2021959 0.2021959
0 0.2426571 0.1139806 0.2021959 0.2021959
0 0.2426571 0.3529512 0.1470488 0.1470488
0 0.2536865 0.7757453 0.1102841 0.1102841
0 0.2592012 0.0514806 0.1102841 0.1102841
0 0.2610394 0.3713335 0.1102841 0.1102841
0 0.2665541 0.0000100 0.1470488 0.1470488
0 0.2683924 0.5974365 0.1470488 0.1470488
0 0.2702306 0.1415541 0.1470488 0.1470488
0 0.2849365 0.0183924 0.1102841 0.1102841
0 0.2849365 0.2739071 0.2021959 0.2021959
0 0.2867747 0.6158188 0.1102841 0.1102841
0 0.2886129 0.1599365 0.1102841 0.1102841
0 0.3051571 0.5349365 0.2021959 0.2021959
0 0.3069953 0.3474365 0.2021959 0.2021959
0 0.3125100 0.3014806 0.1470488 0.1470488
0 0.3161865 0.0000100 0.2021959 0.1911665
0 0.3235394 0.3842012 0.2757253 0.2757253
0 0.3308924 0.3198629 0.1102841 0.1102841
0 0.3327306 0.5625100 0.1470488 0.1470488
0 0.3345688 0.3750100 0.1470488 0.1470488
0 0.3437600 0.0165541 0.1470488 0.1470488
0 0.3437600 0.6103041 0.2021959 0.2021959
0 0.3474365 0.0000100 0.2021959 0.1121224
0 0.3511129 0.5808924 0.1102841 0.1102841
0 0.3529512 0.3933924 0.1102841 0.1102841
0 0.3584659 0.0606718 0.2757253 0.2757253
0 0.3603041 0.4209659 0.2021959 0.2021959
0 0.3621424 0.0349365 0.1102841 0.1102841
0 0.3713335 0.6378776 0.1470488 0.1470488
0 0.3750100 0.0000100 0.1470488 0.0845488
0 0.3786865 0.8639806 0.2021959 0.1360194
0 0.3860394 0.4779512 0.2021959 0.2021959
0 0.3878776 0.4485394 0.1470488 0.1470488
0 0.3897159 0.6562600 0.1102841 0.1102841
0 0.3933924 0.0000100 0.1102841 0.0661665
0 0.3952306 0.0974365 0.2021959 0.2021959
0 0.3989071 0.8106718 0.2021959 0.1893282
0 0.4062600 0.8915541 0.1470488 0.1084459
0 0.4099365 0.6599365 0.2021959 0.2021959
0 0.4136129 0.5055247 0.1470488 0.1470488
0 0.4228041 0.1250100 0.1470488 0.1470488
0 0.4246424 0.9099365 0.1102841 0.0900635
0 0.4264806 0.8382453 0.1470488 0.1470488
0 0.4319953 0.5239071 0.1102841 0.1102841
0 0.4375100 0.6875100 0.1470488 0.1470488
0 0.4448629 0.8566276 0.1102841 0.1102841
0 0.4467012 0.7959659 0.2021959 0.2021959
0 0.4558924 0.7058924 0.1102841 0.1102841
0 0.4614071 0.0000100 0.2021959 0.1470488
0 0.4742747 0.8235394 0.1470488 0.1470488
0 0.4761129 0.0257453 0.2021959 0.2021959
0 0.4889806 0.0000100 0.1470488 0.1194753
0 0.4926571 0.8419218 0.1102841 0.1102841
0 0.5036865 0.0533188 0.1470488 0.1470488
0 0.5073629 0.0000100 0.1102841 0.1010929
0 0.5220688 0.0717012 0.1102841 0.1102841
0 0.5275835 0.3676571 0.2021959 0.2021959
0 0.5404512 0.8106718 0.2021959 0.1893282
0 0.5478041 0.6525835 0.2021959 0.2021959
0 0.5551571 0.3952306 0.1470488 0.1470488
0 0.5680247 0.8382453 0.1470488 0.1470488
0 0.5735394 0.4136129 0.1102841 0.1102841
0 0.5753776 0.6801571 0.1470488 0.1470488
0 0.5864071 0.8566276 0.1102841 0.1102841
0 0.5937600 0.6985394 0.1102841 0.1102841
0 0.6066276 0.5404512 0.2021959 0.2021959
0 0.6342012 0.5680247 0.1470488 0.1470488
0 0.6360394 0.0000100 0.2021959 0.1874900
0 0.6452306 0.7261129 0.2021959 0.2021959
0 0.6470688 0.8437600 0.2021959 0.1562400
0 0.6525835 0.5864071 0.1102841 0.1102841
0 0.6636129 0.0128776 0.1470488 0.1470488
0 0.6691276 0.6029512 0.2021959 0.2021959
0 0.6728041 0.7536865 0.1470488 0.1470488
0 0.6746424 0.8713335 0.1470488 0.1286665
0 0.6819953 0.0312600 0.1102841 0.1102841
0 0.6911865 0.7720688 0.1102841 0.1102841
0 0.6930247 0.8897159 0.1102841 0.1102841
0 0.6967012 0.6305247 0.1470488 0.1470488
0 0.7003776 0.1029512 0.2021959 0.2021959
0 0.7150835 0.6489071 0.1102841 0.1102841
0 0.7279512 0.1305247 0.1470488 0.1470488
0 0.7279512 0.4007453 0.2720488 0.2757253
0 0.7371424 0.6764806 0.2021959 0.2021959
0 0.7463335 0.1489071 0.1102841 0.1102841
0 0.7518482 0.7941276 0.2021959 0.2021959
0 0.7647159 0.4375100 0.2021959 0.2021959
0 0.7647159 0.7040541 0.1470488 0.1470488
0 0.7702306 0.0000100 0.2021959 0.1010929
0 0.7794218 0.8217012 0.1470488 0.1470488
0 0.7830982 0.7224365 0.1102841 0.1102841
0 0.7886129 0.7444953 0.2021959 0.2021959
0 0.7922894 0.4650835 0.1470488 0.1470488
0 0.7978041 0.0000100 0.1470488 0.0735194
0 0.7978041 0.8400835 0.1102841 0.1102841
0 0.8143482 0.6103041 0.1856518 0.2021959
0 0.8161865 0.0000100 0.1102841 0.0551371
0 0.8161865 0.7720688 0.1470488 0.1470488
0 0.8327306 0.0000100 0.1672694 0.1121224
0 0.8345688 0.7904512 0.1102841 0.1102841
0 0.8419218 0.6378776 0.1470488 0.1470488
0 0.8603041 0.0000100 0.1396959 0.0845488
0 0.8603041 0.6562600 0.1102841 0.1102841
0 0.8786865 0.0000100 0.1102841 0.0661665
