0 0.0000100 0.0000100 0.1709459 0.1654312
0 0.0000100 0.0000100 0.1341812 0.1286665
0 0.0000100 0.0000100 0.1066076 0.1010929
0 0.0000100 0.1213335 0.1544018 0.2021959
0 0.0000100 0.1489071 0.1268282 0.1470488
0 0.0000100 0.1672894 0.1084459 0.1102841
0 0.3345688 0.5294218 0.2021959 0.2021959
0 0.3621424 0.5569953 0.1470488 0.1470488
0 0.3805247 0.5753776 0.1102841 0.1102841
0 0.3915541 0.7996424 0.2021959 0.2003576
0 0.3989071 0.7279512 0.2757253 0.2720488
0 0.4191276 0.8272159 0.1470488 0.1470488
0 0.4356718 0.7647159 0.2021959 0.2021959
0 0.4375100 0.8455982 0.1102841 0.1102841
0 0.4632453 0.7922894 0.1470488 0.1470488
0 0.6507453 0.7775835 0.2021959 0.2021959
0 0.6783188 0.8051571 0.1470488 0.1470488
0 0.6967012 0.8235394 0.1102841 0.1102841
0 0.7463335 0.2996424 0.2536665 0.2757253
0 0.7830982 0.3364071 0.2021959 0.2021959
0 0.8106718 0.3639806 0.1470488 0.1470488
