0 0.0000100 0.2169218 0.1139606 0.2021959
0 0.0000100 0.2444953 0.0863871 0.1470488
0 0.0000100 0.2628776 0.0680047 0.1102841
0 0.5717012 0.5514806 0.2021959 0.2021959
0 0.5772159 0.5882453 0.2021959 0.2021959
0 0.5992747 0.5790541 0.1470488 0.1470488
0 0.6047894 0.6158188 0.1470488 0.1470488
0 0.6176571 0.5974365 0.1102841 0.1102841
0 0.6231718 0.6342012 0.1102841 0.1102841
0 0.6378776 0.7187600 0.2021959 0.2021959
0 0.6654512 0.7463335 0.1470488 0.1470488
0 0.6838335 0.7647159 0.1102841 0.1102841
0 0.7077306 0.7279512 0.2757253 0.2720488
0 0.7389806 0.6709659 0.2021959 0.2021959
0 0.7444953 0.7647159 0.2021959 0.2021959
0 0.7665541 0.6985394 0.1470488 0.1470488
0 0.7720688 0.7922894 0.1470488 0.1470488
0 0.7849365 0.7169218 0.1102841 0.1102841
0 0.8106718 0.5404512 0.1893282 0.2021959
0 0.8382453 0.5680247 0.1470488 0.1470488
0 0.8566276 0.5864071 0.1102841 0.1102841
