0 0.0864071 0.9025835 0.0919018 0.0919018
0 0.1654512 0.8860394 0.0919018 0.0919018
0 0.2022159 0.9099365 0.0919018 0.0900635
0 0.2224365 0.8842012 0.0919018 0.0919018
0 0.2242747 0.8511129 0.0919018 0.0919018
0 0.2463335 0.8161865 0.0919018 0.0919018
0 0.2739071 0.8566276 0.0919018 0.0919018
0 0.2904512 0.8088335 0.0919018 0.0919018
0 0.2978041 0.8437600 0.0919018 0.0919018
0 0.3014806 0.9338335 0.0919018 0.0661665
0 0.3143482 0.7922894 0.0919018 0.0919018
0 0.3290541 0.8180247 0.0919018 0.0919018
0 0.3308924 0.6764806 0.1470488 0.1470488
0 0.3566276 0.8198629 0.0919018 0.0919018
0 0.3658188 0.8915541 0.0919018 0.0919018
0 0.3897159 0.9264806 0.0919018 0.0735194
0 0.3970688 0.8713335 0.0919018 0.0919018
0 0.4025835 0.7353041 0.0919018 0.0919018
0 0.4080982 0.7959659 0.0919018 0.0919018
0 0.4264806 0.7683924 0.0919018 0.0919018
0 0.4375100 0.7886129 0.0919018 0.0919018
0 0.4503776 0.9228041 0.0919018 0.0771959
0 0.4889806 0.7242747 0.0919018 0.0919018
0 0.4981718 0.6838335 0.0919018 0.0919018
0 0.5073629 0.8198629 0.0919018 0.0919018
0 0.5110394 0.8786865 0.0919018 0.0919018
0 0.5239071 0.8989071 0.0919018 0.0919018
0 0.5422894 0.6875100 0.0919018 0.0919018
0 0.5422894 0.7095688 0.0919018 0.0919018
0 0.5478041 0.7978041 0.0919018 0.0919018
0 0.5533188 0.8823629 0.0919018 0.0919018
0 0.5588335 0.7389806 0.0919018 0.0919018
0 0.5735394 0.9044218 0.0919018 0.0919018
0 0.6158188 0.7077306 0.0919018 0.0919018
0 0.6176571 0.5845688 0.0919018 0.0919018
0 0.6176571 0.8989071 0.0919018 0.0919018
0 0.6250100 0.6342012 0.0919018 0.0919018
0 0.6305247 0.8731718 0.0919018 0.0919018
0 0.6342012 0.7683924 0.0919018 0.0919018
0 0.6470688 0.6691276 0.0919018 0.0919018
0 0.6728041 0.7261129 0.0919018 0.0919018
0 0.6728041 0.7592012 0.0919018 0.0919018
0 0.6801571 0.5643482 0.0919018 0.0919018
0 0.6838335 0.8198629 0.0919018 0.0919018
0 0.6948629 0.6029512 0.0919018 0.0919018
0 0.7003776 0.8639806 0.0919018 0.0919018
0 0.7169218 0.6856718 0.0919018 0.0919018
0 0.7279512 0.5606718 0.0919018 0.0919018
0 0.7426571 0.8125100 0.0919018 0.0919018
0 0.7720688 0.6103041 0.0919018 0.0919018
0 0.7775835 0.8750100 0.0919018 0.0919018
0 0.7867747 0.9062600 0.0919018 0.0919018
