0 0.5422894 0.4705982 0.2757253 0.2757253
0 0.5790541 0.5073629 0.2021959 0.2021959
0 0.6011129 0.1213335 0.2021959 0.2021959
0 0.6066276 0.5349365 0.1470488 0.1470488
0 0.6286865 0.1489071 0.1470488 0.1470488
0 0.6470688 0.1672894 0.1102841 0.1102841
0 0.7095688 0.0000100 0.2021959 0.2003576
0 0.7169218 0.0772159 0.2021959 0.2021959
0 0.7371424 0.0257453 0.1470488 0.1470488
0 0.7444953 0.1047894 0.1470488 0.1470488
0 0.7555247 0.0441276 0.1102841 0.1102841
0 0.7628776 0.1231718 0.1102841 0.1102841
