0 0.0000100 0.0128776 0.1396959 0.2757253
0 0.0000100 0.0496424 0.1029312 0.2021959
0 0.0000100 0.0717012 0.1874900 0.2021959
0 0.0000100 0.0772159 0.0753576 0.1470488
0 0.0000100 0.3088335 0.1010929 0.2021959
0 0.0000100 0.3364071 0.0735194 0.1470488
0 0.0000100 0.3547894 0.0551371 0.1102841
0 0.0036865 0.7922894 0.2757253 0.2077106
0 0.0128776 0.0992747 0.1470488 0.1470488
0 0.0312600 0.1176571 0.1102841 0.1102841
0 0.0404512 0.8290541 0.2021959 0.1709459
0 0.0680247 0.8566276 0.1470488 0.1433724
0 0.5955982 0.3511129 0.2021959 0.2021959
0 0.6231718 0.3786865 0.1470488 0.1470488
0 0.6415541 0.3970688 0.1102841 0.1102841
0 0.7205982 0.0294218 0.2021959 0.2021959
0 0.7481718 0.0569953 0.1470488 0.1470488
0 0.7665541 0.0092012 0.2334459 0.2757253
0 0.7665541 0.0753776 0.1102841 0.1102841
0 0.8033188 0.0459659 0.1966812 0.2021959
0 0.8308924 0.0735394 0.1470488 0.1470488
