0 0.0625100 0.4044218 0.2021959 0.2021959
0 0.0827306 0.7353041 0.2021959 0.2021959
0 0.0900835 0.4319953 0.1470488 0.1470488
0 0.1084659 0.4503776 0.1102841 0.1102841
0 0.1103041 0.7628776 0.1470488 0.1470488
0 0.1286865 0.7812600 0.1102841 0.1102841
0 0.1470688 0.1415541 0.2021959 0.2021959
0 0.1562600 0.5349365 0.2021959 0.2021959
0 0.1746424 0.1691276 0.1470488 0.1470488
0 0.1838335 0.5625100 0.1470488 0.1470488
0 0.1930247 0.1875100 0.1102841 0.1102841
0 0.2022159 0.5808924 0.1102841 0.1102841
0 0.3033188 0.0000100 0.2021959 0.1268282
0 0.3308924 0.0000100 0.1470488 0.0992547
0 0.3492747 0.0000100 0.1102841 0.0808724
0 0.3860394 0.3529512 0.2021959 0.2021959
0 0.4136129 0.3805247 0.1470488 0.1470488
0 0.4319953 0.3989071 0.1102841 0.1102841
0 0.7371424 0.6452306 0.2628576 0.2757253
0 0.7739071 0.6819953 0.2021959 0.2021959
0 0.8014806 0.7095688 0.1470488 0.1470488
