0 0.2922894 0.0000100 0.2021959 0.1507253
0 0.3198629 0.0000100 0.1470488 0.1231518
0 0.3198629 0.2040541 0.2021959 0.2021959
0 0.3382453 0.0000100 0.1102841 0.1047694
0 0.3474365 0.2316276 0.1470488 0.1470488
0 0.3658188 0.2500100 0.1102841 0.1102841
0 0.4025835 0.5680247 0.2021959 0.2021959
0 0.4301571 0.5955982 0.1470488 0.1470488
0 0.4485394 0.6139806 0.1102841 0.1102841
0 0.4797894 0.8566276 0.2021959 0.1433724
0 0.4834659 0.0000100 0.2021959 0.1635929
0 0.5073629 0.8842012 0.1470488 0.1157988
0 0.5110394 0.0000100 0.1470488 0.1360194
0 0.5257453 0.9025835 0.1102841 0.0974165
0 0.5294218 0.0073629 0.1102841 0.1102841
0 0.7647159 0.4558924 0.2021959 0.2021959
0 0.7922894 0.4834659 0.1470488 0.1470488
0 0.8106718 0.5018482 0.1102841 0.1102841
