0 0.0000100 0.2389806 0.1396959 0.2021959
0 0.0000100 0.2665541 0.1121224 0.1470488
0 0.0000100 0.2849365 0.0937400 0.1102841
0 0.0000100 0.3382453 0.1360194 0.2021959
0 0.0000100 0.3492747 0.2003576 0.2021959
0 0.0000100 0.3658188 0.1084459 0.1470488
0 0.0000100 0.3842012 0.0900635 0.1102841
0 0.0257453 0.3768482 0.1470488 0.1470488
0 0.0441276 0.3952306 0.1102841 0.1102841
0 0.0698629 0.3474365 0.2021959 0.2021959
0 0.0974365 0.3750100 0.1470488 0.1470488
0 0.1158188 0.3933924 0.1102841 0.1102841
