0 0.0000100 0.1893482 0.1580782 0.2021959
0 0.0000100 0.2169218 0.1305047 0.1470488
0 0.0000100 0.2334659 0.1010929 0.2021959
0 0.0000100 0.2518482 0.1635929 0.2021959
0 0.0000100 0.2610394 0.0735194 0.1470488
0 0.0000100 0.2702306 0.1066076 0.2021959
0 0.0000100 0.2794218 0.1360194 0.1470488
0 0.0000100 0.2794218 0.0551371 0.1102841
0 0.0000100 0.2922894 0.1838135 0.2021959
0 0.0000100 0.2978041 0.0790341 0.1470488
0 0.0000100 0.3161865 0.0606518 0.1102841
0 0.0000100 0.4540541 0.1911665 0.2021959
0 0.0000100 0.5202306 0.1819753 0.2021959
0 0.0000100 0.5955982 0.1948429 0.2021959
0 0.0018482 0.2353041 0.1102841 0.1102841
0 0.0073629 0.2978041 0.1102841 0.1102841
0 0.0073629 0.5478041 0.1470488 0.1470488
0 0.0092012 0.3198629 0.1470488 0.1470488
0 0.0165541 0.4816276 0.1470488 0.1470488
0 0.0165541 0.7003776 0.2021959 0.2021959
0 0.0202306 0.6231718 0.1470488 0.1470488
0 0.0257453 0.5661865 0.1102841 0.1102841
0 0.0275835 0.3382453 0.1102841 0.1102841
0 0.0275835 0.7481718 0.2021959 0.2021959
0 0.0330982 0.0588335 0.2021959 0.2021959
0 0.0349365 0.5000100 0.1102841 0.1102841
0 0.0386129 0.4577306 0.2021959 0.2021959
0 0.0386129 0.6415541 0.1102841 0.1102841
0 0.0441276 0.7279512 0.1470488 0.1470488
0 0.0496424 0.6709659 0.2021959 0.2021959
0 0.0514806 0.8823629 0.2021959 0.1176371
0 0.0551571 0.7757453 0.1470488 0.1470488
0 0.0569953 0.0864071 0.2021959 0.2021959
0 0.0606718 0.0864071 0.1470488 0.1470488
0 0.0625100 0.7463335 0.1102841 0.1102841
0 0.0661865 0.4853041 0.1470488 0.1470488
0 0.0735394 0.7941276 0.1102841 0.1102841
0 0.0772159 0.6985394 0.1470488 0.1470488
0 0.0790541 0.1047894 0.1102841 0.1102841
0 0.0790541 0.9099365 0.1470488 0.0900635
0 0.0845688 0.1139806 0.1470488 0.1470488
0 0.0845688 0.5036865 0.1102841 0.1102841
0 0.0845688 0.7408188 0.2021959 0.2021959
0 0.0864071 0.8621424 0.2021959 0.1378576
0 0.0900835 0.3106718 0.2021959 0.2021959
0 0.0955982 0.7169218 0.1102841 0.1102841
0 0.0974365 0.9283188 0.1102841 0.0716812
0 0.1029512 0.1323629 0.1102841 0.1102841
0 0.1029512 0.7702306 0.2021959 0.2021959
0 0.1121424 0.7683924 0.1470488 0.1470488
0 0.1139806 0.8897159 0.1470488 0.1102841
0 0.1176571 0.3382453 0.1470488 0.1470488
0 0.1305247 0.7867747 0.1102841 0.1102841
0 0.1305247 0.7978041 0.1470488 0.1470488
0 0.1323629 0.9080982 0.1102841 0.0919018
0 0.1360394 0.3566276 0.1102841 0.1102841
0 0.1489071 0.8161865 0.1102841 0.1102841
0 0.2389806 0.8878776 0.2021959 0.1121224
0 0.2665541 0.9154512 0.1470488 0.0845488
0 0.2849365 0.9338335 0.1102841 0.0661665
0 0.5294218 0.8750100 0.2021959 0.1249900
0 0.5569953 0.9025835 0.1470488 0.0974165
0 0.5753776 0.9209659 0.1102841 0.0790341
