0 0.0000100 0.0000100 0.1525635 0.1066076
0 0.0000100 0.0000100 0.1249900 0.0790341
0 0.0000100 0.0000100 0.1066076 0.0606518
0 0.0000100 0.0239071 0.1764606 0.2021959
0 0.0000100 0.0845688 0.1709459 0.2021959
0 0.0000100 0.1121424 0.1433724 0.1470488
0 0.0000100 0.1378776 0.1985194 0.2021959
0 0.0000100 0.2261129 0.1856518 0.2021959
0 0.0018482 0.0514806 0.1470488 0.1470488
0 0.0110394 0.2536865 0.1470488 0.1470488
0 0.0147159 0.1305247 0.1102841 0.1102841
0 0.0202306 0.0698629 0.1102841 0.1102841
0 0.0239071 0.1654512 0.1470488 0.1470488
0 0.0275835 0.0919218 0.2021959 0.2021959
0 0.0294218 0.2022159 0.2021959 0.2021959
0 0.0294218 0.2720688 0.1102841 0.1102841
0 0.0349365 0.0000100 0.2021959 0.1157988
0 0.0349365 0.0000100 0.2021959 0.1985194
0 0.0367747 0.0000100 0.2021959 0.1470488
0 0.0386129 0.1562600 0.2021959 0.2021959
0 0.0422894 0.1838335 0.1102841 0.1102841
0 0.0478041 0.0808924 0.2021959 0.2021959
0 0.0478041 0.2463335 0.2021959 0.2021959
0 0.0533188 0.0588335 0.2021959 0.2021959
0 0.0551571 0.1194953 0.1470488 0.1470488
0 0.0569953 0.2297894 0.1470488 0.1470488
0 0.0625100 0.0000100 0.1470488 0.0882253
0 0.0625100 0.0239071 0.1470488 0.1470488
0 0.0643482 0.0000100 0.1470488 0.1194753
0 0.0661865 0.1838335 0.1470488 0.1470488
0 0.0680247 0.0000100 0.2021959 0.1966812
0 0.0735394 0.1378776 0.1102841 0.1102841
0 0.0753776 0.1084659 0.1470488 0.1470488
0 0.0753776 0.2481718 0.1102841 0.1102841
0 0.0753776 0.2739071 0.1470488 0.1470488
0 0.0808924 0.0000100 0.1102841 0.0698429
0 0.0808924 0.0422894 0.1102841 0.1102841
0 0.0808924 0.0864071 0.1470488 0.1470488
0 0.0827306 0.0000100 0.1102841 0.1010929
0 0.0845688 0.2022159 0.1102841 0.1102841
0 0.0864071 0.2187600 0.2021959 0.2021959
0 0.0864071 0.2739071 0.2021959 0.2021959
0 0.0882453 0.0000100 0.2021959 0.1580782
0 0.0937600 0.1268482 0.1102841 0.1102841
0 0.0937600 0.1544218 0.2021959 0.2021959
0 0.0937600 0.2922894 0.1102841 0.1102841
0 0.0955982 0.0220688 0.1470488 0.1470488
0 0.0992747 0.1047894 0.1102841 0.1102841
0 0.1139806 0.0404512 0.1102841 0.1102841
0 0.1139806 0.2463335 0.1470488 0.1470488
0 0.1139806 0.3014806 0.1470488 0.1470488
0 0.1158188 0.0000100 0.1470488 0.1305047
0 0.1158188 0.0661865 0.2021959 0.2021959
0 0.1194953 0.2886129 0.2021959 0.2021959
0 0.1213335 0.0000100 0.2021959 0.1838135
0 0.1213335 0.1819953 0.1470488 0.1470488
0 0.1268482 0.0110394 0.2021959 0.2021959
0 0.1323629 0.2647159 0.1102841 0.1102841
0 0.1323629 0.3198629 0.1102841 0.1102841
0 0.1342012 0.0018482 0.1102841 0.1102841
0 0.1360394 0.1654512 0.2021959 0.2021959
0 0.1397159 0.0000100 0.2021959 0.1047694
0 0.1397159 0.2003776 0.1102841 0.1102841
0 0.1433924 0.0937600 0.1470488 0.1470488
0 0.1470688 0.2224365 0.2021959 0.2021959
0 0.1470688 0.3161865 0.1470488 0.1470488
0 0.1489071 0.0092012 0.1470488 0.1470488
0 0.1544218 0.0386129 0.1470488 0.1470488
0 0.1617747 0.1121424 0.1102841 0.1102841
0 0.1636129 0.1930247 0.1470488 0.1470488
0 0.1654512 0.3345688 0.1102841 0.1102841
0 0.1672894 0.0000100 0.1470488 0.0771959
0 0.1672894 0.0275835 0.1102841 0.1102841
0 0.1709659 0.0808924 0.2021959 0.2021959
0 0.1709659 0.1856718 0.2021959 0.2021959
0 0.1709659 0.3051571 0.2021959 0.2021959
0 0.1728041 0.0569953 0.1102841 0.1102841
0 0.1746424 0.2500100 0.1470488 0.1470488
0 0.1783188 0.0092012 0.2021959 0.2021959
0 0.1819953 0.2114071 0.1102841 0.1102841
0 0.1838335 0.0000100 0.2021959 0.1249900
0 0.1856718 0.0000100 0.1102841 0.0588135
0 0.1875100 0.1231718 0.2021959 0.2021959
0 0.1911865 0.1562600 0.2021959 0.2021959
0 0.1911865 0.2555247 0.2021959 0.2021959
0 0.1930247 0.2683924 0.1102841 0.1102841
0 0.1985394 0.1084659 0.1470488 0.1470488
0 0.1985394 0.2132453 0.1470488 0.1470488
0 0.1985394 0.3327306 0.1470488 0.1470488
0 0.2040541 0.2904512 0.2021959 0.2021959
0 0.2058924 0.0367747 0.1470488 0.1470488
0 0.2077306 0.2003776 0.2021959 0.2021959
0 0.2114071 0.0000100 0.1470488 0.0974165
0 0.2132453 0.0073629 0.2021959 0.2021959
0 0.2150835 0.1507453 0.1470488 0.1470488
0 0.2169218 0.1268482 0.1102841 0.1102841
0 0.2169218 0.2316276 0.1102841 0.1102841
0 0.2169218 0.3511129 0.1102841 0.1102841
0 0.2187600 0.0625100 0.2021959 0.2021959
0 0.2187600 0.1838335 0.1470488 0.1470488
0 0.2187600 0.2830982 0.1470488 0.1470488
0 0.2242747 0.0551571 0.1102841 0.1102841
0 0.2297894 0.0000100 0.2021959 0.1562400
0 0.2297894 0.0000100 0.1102841 0.0790341
0 0.2316276 0.3180247 0.1470488 0.1470488
0 0.2334659 0.1691276 0.1102841 0.1102841
0 0.2334659 0.1709659 0.2021959 0.2021959
0 0.2353041 0.2279512 0.1470488 0.1470488
0 0.2371424 0.2022159 0.1102841 0.1102841
0 0.2371424 0.3014806 0.1102841 0.1102841
0 0.2408188 0.0349365 0.1470488 0.1470488
0 0.2444953 0.2022159 0.2021959 0.2021959
0 0.2463335 0.0900835 0.1470488 0.1470488
0 0.2500100 0.3364071 0.1102841 0.1102841
0 0.2536865 0.2463335 0.1102841 0.1102841
0 0.2573629 0.0000100 0.1470488 0.1286665
0 0.2592012 0.0533188 0.1102841 0.1102841
0 0.2610394 0.1985394 0.1470488 0.1470488
0 0.2610394 0.2794218 0.2021959 0.2021959
0 0.2647159 0.1084659 0.1102841 0.1102841
0 0.2665541 0.0000100 0.2021959 0.1599165
0 0.2720688 0.2297894 0.1470488 0.1470488
0 0.2739071 0.0478041 0.2021959 0.2021959
0 0.2739071 0.2205982 0.2021959 0.2021959
0 0.2757453 0.0000100 0.1102841 0.1102841
0 0.2775835 0.3308924 0.2021959 0.2021959
0 0.2794218 0.0790541 0.2757253 0.2757253
0 0.2794218 0.2169218 0.1102841 0.1102841
0 0.2867747 0.0036865 0.2021959 0.2021959
0 0.2886129 0.3069953 0.1470488 0.1470488
0 0.2904512 0.2481718 0.1102841 0.1102841
0 0.2941276 0.0000100 0.1470488 0.1323429
0 0.3014806 0.0753776 0.1470488 0.1470488
0 0.3014806 0.2481718 0.1470488 0.1470488
0 0.3051571 0.3584659 0.1470488 0.1470488
0 0.3069953 0.3253776 0.1102841 0.1102841
0 0.3125100 0.0036865 0.1102841 0.1102841
0 0.3143482 0.0312600 0.1470488 0.1470488
0 0.3161865 0.1158188 0.2021959 0.2021959
0 0.3161865 0.1967012 0.2021959 0.2021959
0 0.3180247 0.2812600 0.2021959 0.2021959
0 0.3198629 0.0937600 0.1102841 0.1102841
0 0.3198629 0.2665541 0.1102841 0.1102841
0 0.3235394 0.3768482 0.1102841 0.1102841
0 0.3235394 0.3915541 0.2021959 0.2021959
0 0.3327306 0.0496424 0.1102841 0.1102841
0 0.3364071 0.4080982 0.2021959 0.2021959
0 0.3437600 0.1433924 0.1470488 0.1470488
0 0.3437600 0.2242747 0.1470488 0.1470488
0 0.3455982 0.3088335 0.1470488 0.1470488
0 0.3511129 0.4191276 0.1470488 0.1470488
0 0.3566276 0.0000100 0.2021959 0.1470488
0 0.3621424 0.2426571 0.1102841 0.1102841
0 0.3639806 0.3272159 0.1102841 0.1102841
0 0.3639806 0.4356718 0.1470488 0.1470488
0 0.3694953 0.4375100 0.1102841 0.1102841
0 0.3768482 0.0000100 0.2021959 0.1838135
0 0.3786865 0.0698629 0.2021959 0.2021959
0 0.3823629 0.4540541 0.1102841 0.1102841
0 0.3842012 0.0000100 0.1470488 0.1194753
0 0.3842012 0.0147159 0.2021959 0.2021959
0 0.3897159 0.1378776 0.2021959 0.2021959
0 0.3989071 0.0000100 0.2021959 0.1249900
0 0.4025835 0.0000100 0.1102841 0.1010929
0 0.4044218 0.0092012 0.1470488 0.1470488
0 0.4062600 0.0974365 0.1470488 0.1470488
0 0.4117747 0.0422894 0.1470488 0.1470488
0 0.4172894 0.1654512 0.1470488 0.1470488
0 0.4191276 0.1819953 0.2021959 0.2021959
0 0.4228041 0.0275835 0.1102841 0.1102841
0 0.4246424 0.1158188 0.1102841 0.1102841
0 0.4264806 0.0000100 0.1470488 0.0974165
0 0.4301571 0.0606718 0.1102841 0.1102841
0 0.4338335 0.0000100 0.2021959 0.1231518
0 0.4356718 0.1838335 0.1102841 0.1102841
0 0.4393482 0.0000100 0.2021959 0.1782988
0 0.4448629 0.0000100 0.1102841 0.0790341
0 0.4467012 0.2095688 0.1470488 0.1470488
0 0.4577306 0.0680247 0.2021959 0.2021959
0 0.4614071 0.0000100 0.1470488 0.0955782
0 0.4650835 0.2279512 0.1102841 0.1102841
0 0.4669218 0.0036865 0.1470488 0.1470488
0 0.4779512 0.0000100 0.2021959 0.1507253
0 0.4797894 0.0000100 0.1102841 0.0771959
0 0.4853041 0.0220688 0.1102841 0.1102841
0 0.4853041 0.0955982 0.1470488 0.1470488
0 0.5018482 0.0000100 0.2021959 0.1010929
0 0.5036865 0.1139806 0.1102841 0.1102841
0 0.5055247 0.0000100 0.1470488 0.1231518
0 0.5239071 0.0000100 0.1102841 0.1047694
0 0.5294218 0.0000100 0.1470488 0.0735194
0 0.5478041 0.0000100 0.1102841 0.0551371
0 0.5735394 0.0000100 0.2021959 0.1268282
0 0.5974365 0.1525835 0.2021959 0.2021959
0 0.6011129 0.0000100 0.1470488 0.0992547
0 0.6194953 0.0000100 0.1102841 0.0808724
0 0.6250100 0.1801571 0.1470488 0.1470488
0 0.6360394 0.0000100 0.2021959 0.1194753
0 0.6360394 0.0000100 0.2021959 0.1507253
0 0.6433924 0.1985394 0.1102841 0.1102841
0 0.6544218 0.1801571 0.2021959 0.2021959
0 0.6636129 0.0000100 0.1470488 0.0919018
0 0.6636129 0.0000100 0.1470488 0.1231518
0 0.6691276 0.0000100 0.2021959 0.1029312
0 0.6819953 0.0000100 0.1102841 0.0735194
0 0.6819953 0.0000100 0.1102841 0.1047694
0 0.6819953 0.1783188 0.2021959 0.2021959
0 0.6819953 0.2077306 0.1470488 0.1470488
0 0.6967012 0.0000100 0.1470488 0.0753576
0 0.6985394 0.1580982 0.2021959 0.2021959
0 0.7003776 0.2261129 0.1102841 0.1102841
0 0.7095688 0.2058924 0.1470488 0.1470488
0 0.7150835 0.0000100 0.1102841 0.0569753
0 0.7261129 0.1856718 0.1470488 0.1470488
0 0.7279512 0.2242747 0.1102841 0.1102841
0 0.7353041 0.1470688 0.2021959 0.2021959
0 0.7444953 0.2040541 0.1102841 0.1102841
0 0.7628776 0.1746424 0.1470488 0.1470488
0 0.7647159 0.2169218 0.2021959 0.2021959
0 0.7812600 0.1930247 0.1102841 0.1102841
0 0.7922894 0.2444953 0.1470488 0.1470488
0 0.8106718 0.2628776 0.1102841 0.1102841
