0 0.0000100 0.7371424 0.0863871 0.0919018
0 0.0000100 0.8161865 0.0716812 0.0919018
0 0.0000100 0.8529512 0.0496224 0.0919018
0 0.0000100 0.8878776 0.0698429 0.0919018
0 0.0128776 0.7867747 0.0919018 0.0919018
0 0.0367747 0.7408188 0.0919018 0.0919018
0 0.0367747 0.9154512 0.0919018 0.0845488
0 0.0478041 0.8511129 0.0919018 0.0919018
0 0.0533188 0.7922894 0.0919018 0.0919018
0 0.0772159 0.8658188 0.0919018 0.0919018
0 0.0900835 0.7849365 0.0919018 0.0919018
0 0.0974365 0.9411865 0.0919018 0.0588135
0 0.1029512 0.0864071 0.0919018 0.0919018
0 0.1250100 0.9080982 0.0919018 0.0919018
0 0.1562600 0.8455982 0.0919018 0.0919018
0 0.1599365 0.7297894 0.0919018 0.0919018
0 0.1838335 0.1562600 0.0919018 0.0919018
0 0.2003776 0.8970688 0.0919018 0.0919018
0 0.2040541 0.7261129 0.0919018 0.0919018
0 0.2114071 0.1360394 0.0919018 0.0919018
0 0.2150835 0.5275835 0.0919018 0.0919018
0 0.2169218 0.6599365 0.0919018 0.0919018
0 0.2187600 0.2150835 0.0919018 0.0919018
0 0.2242747 0.8033188 0.0919018 0.0919018
0 0.2242747 0.9228041 0.0919018 0.0771959
0 0.2297894 0.2481718 0.0919018 0.0919018
0 0.2408188 0.2610394 0.0919018 0.0919018
0 0.2408188 0.8915541 0.0919018 0.0919018
0 0.2573629 0.3161865 0.0919018 0.0919018
0 0.2628776 0.7408188 0.0919018 0.0919018
0 0.2665541 0.6930247 0.0919018 0.0919018
0 0.2812600 0.6875100 0.0919018 0.0919018
0 0.2886129 0.2242747 0.0919018 0.0919018
0 0.2922894 0.9522159 0.0919018 0.0477841
0 0.3014806 0.7959659 0.0919018 0.0919018
0 0.3033188 0.7187600 0.0919018 0.0919018
0 0.3161865 0.2610394 0.0919018 0.0919018
0 0.3308924 0.1489071 0.1102841 0.1102841
0 0.3364071 0.4889806 0.0919018 0.0919018
0 0.3364071 0.8033188 0.0919018 0.0919018
0 0.3400835 0.8529512 0.0919018 0.0919018
0 0.3455982 0.7297894 0.0919018 0.0919018
0 0.3492747 0.9025835 0.0919018 0.0919018
0 0.3658188 0.9375100 0.0919018 0.0624900
0 0.3786865 0.7665541 0.0919018 0.0919018
0 0.3915541 0.2426571 0.0919018 0.0919018
0 0.4007453 0.8474365 0.0919018 0.0919018
0 0.4025835 0.8198629 0.0919018 0.0919018
0 0.4080982 0.6764806 0.1470488 0.1470488
0 0.4393482 0.9411865 0.0919018 0.0588135
0 0.4467012 0.1801571 0.0919018 0.0919018
0 0.4540541 0.8217012 0.0919018 0.0919018
0 0.4540541 0.8915541 0.0919018 0.0919018
0 0.4926571 0.8584659 0.0919018 0.0919018
0 0.4963335 0.7941276 0.0919018 0.0919018
0 0.5110394 0.5680247 0.0919018 0.0919018
0 0.5110394 0.7481718 0.0919018 0.0919018
0 0.5220688 0.3658188 0.0919018 0.0919018
0 0.5239071 0.8658188 0.0919018 0.0919018
0 0.5257453 0.4411865 0.0919018 0.0919018
0 0.5367747 0.5661865 0.0919018 0.0919018
0 0.5404512 0.6525835 0.0919018 0.0919018
0 0.5514806 0.3474365 0.0919018 0.0919018
0 0.5514806 0.4099365 0.0919018 0.0919018
0 0.5533188 0.7812600 0.0919018 0.0919018
0 0.5533188 0.8658188 0.0919018 0.0919018
0 0.5661865 0.6562600 0.0919018 0.0919018
0 0.5661865 0.9154512 0.0919018 0.0845488
0 0.5900835 0.7683924 0.0919018 0.0919018
0 0.5937600 0.3823629 0.0919018 0.0919018
0 0.5992747 0.4283188 0.0919018 0.0919018
0 0.6029512 0.4944953 0.0919018 0.0919018
0 0.6029512 0.7353041 0.0919018 0.0919018
0 0.6029512 0.8584659 0.0919018 0.0919018
0 0.6066276 0.3327306 0.0919018 0.0919018
0 0.6084659 0.6452306 0.0919018 0.0919018
0 0.6342012 0.8400835 0.0919018 0.0919018
0 0.6397159 0.7132453 0.0919018 0.0919018
0 0.6452306 0.4522159 0.0919018 0.0919018
0 0.6599365 0.5753776 0.0919018 0.0919018
0 0.6636129 0.8584659 0.0919018 0.0919018
0 0.6654512 0.3970688 0.0919018 0.0919018
0 0.6672894 0.5533188 0.0919018 0.0919018
0 0.6709659 0.9485394 0.0919018 0.0514606
0 0.6746424 0.6709659 0.0919018 0.0919018
0 0.6819953 0.6305247 0.0919018 0.0919018
0 0.6856718 0.7573629 0.0919018 0.0919018
0 0.6948629 0.8952306 0.0919018 0.0919018
0 0.6967012 0.5900835 0.0919018 0.0919018
0 0.6985394 0.0000100 0.0919018 0.0863871
0 0.7095688 0.4908188 0.0919018 0.0919018
0 0.7132453 0.1930247 0.1470488 0.1470488
0 0.7132453 0.7150835 0.0919018 0.0919018
0 0.7224365 0.7573629 0.0919018 0.0919018
0 0.7297894 0.6158188 0.0919018 0.0919018
0 0.7297894 0.8897159 0.0919018 0.0919018
0 0.7316276 0.0992747 0.0919018 0.0919018
0 0.7316276 0.1709659 0.0919018 0.0919018
0 0.7353041 0.5717012 0.0919018 0.0919018
0 0.7389806 0.4540541 0.0919018 0.0919018
0 0.7408188 0.7665541 0.0919018 0.0919018
0 0.7426571 0.6893482 0.0919018 0.0919018
0 0.7573629 0.8033188 0.0919018 0.0919018
0 0.7647159 0.1360394 0.0919018 0.0919018
0 0.7775835 0.0000100 0.0919018 0.0845488
0 0.7830982 0.0533188 0.0919018 0.0919018
0 0.7849365 0.7518482 0.0919018 0.0919018
0 0.8033188 0.6231718 0.0919018 0.0919018
0 0.8033188 0.8088335 0.0919018 0.0919018
0 0.8088335 0.8529512 0.0919018 0.0919018
0 0.8125100 0.9099365 0.0919018 0.0900635
0 0.8161865 0.1580982 0.0919018 0.0919018
0 0.8382453 0.1029512 0.0919018 0.0919018
0 0.8419218 0.7224365 0.0919018 0.0919018
0 0.8437600 0.0312600 0.0919018 0.0919018
0 0.8437600 0.4228041 0.0919018 0.0919018
0 0.8492747 0.6636129 0.0919018 0.0919018
0 0.8511129 0.7720688 0.0919018 0.0919018
0 0.8658188 0.9172894 0.0919018 0.0827106
0 0.8694953 0.0000100 0.0919018 0.0569753
0 0.8713335 0.8786865 0.0919018 0.0919018
0 0.8915541 0.7150835 0.0919018 0.0919018
0 0.9025835 0.3235394 0.0919018 0.0919018
0 0.9044218 0.0496424 0.0919018 0.0919018
0 0.9099365 0.0000100 0.0900635 0.0900635
0 0.9154512 0.0790541 0.0845488 0.0919018
0 0.9301571 0.2444953 0.0698429 0.0919018
