0 0.3217012 0.0000100 0.0919018 0.0624900
0 0.4136129 0.5055247 0.1102841 0.1102841
0 0.4301571 0.0000100 0.1470488 0.1121224
0 0.4338335 0.5680247 0.0919018 0.0919018
0 0.4375100 0.7830982 0.0919018 0.0919018
0 0.4540541 0.0478041 0.1102841 0.1102841
0 0.4540541 0.7279512 0.1102841 0.1102841
0 0.4650835 0.5992747 0.1102841 0.1102841
0 0.5092012 0.5000100 0.0919018 0.0919018
0 0.5257453 0.7739071 0.0919018 0.0919018
0 0.5312600 0.7242747 0.0919018 0.0919018
0 0.5643482 0.5478041 0.0919018 0.0919018
0 0.5845688 0.8069953 0.0919018 0.0919018
0 0.6047894 0.3419218 0.1470488 0.1470488
0 0.6066276 0.5496424 0.0919018 0.0919018
0 0.6139806 0.8400835 0.0919018 0.0919018
0 0.6360394 0.6948629 0.0919018 0.0919018
0 0.6452306 0.5404512 0.0919018 0.0919018
0 0.6819953 0.9228041 0.0919018 0.0771959
0 0.7058924 0.6250100 0.1470488 0.1470488
0 0.7665541 0.7665541 0.0919018 0.0919018
