0 0.2463335 0.9246424 0.0919018 0.0753576
0 0.3419218 0.9467012 0.0919018 0.0532988
0 0.4154512 0.8786865 0.0919018 0.0919018
0 0.4375100 0.7481718 0.0919018 0.0919018
0 0.4742747 0.7628776 0.0919018 0.0919018
0 0.4834659 0.8731718 0.0919018 0.0919018
0 0.5110394 0.6746424 0.0919018 0.0919018
0 0.5165541 0.6342012 0.0919018 0.0919018
0 0.5220688 0.5974365 0.0919018 0.0919018
0 0.5753776 0.8658188 0.0919018 0.0919018
0 0.6103041 0.8364071 0.0919018 0.0919018
0 0.6305247 0.7886129 0.1102841 0.1102841
0 0.6875100 0.7867747 0.0919018 0.0919018
0 0.6911865 0.2316276 0.0919018 0.0919018
0 0.7297894 0.6875100 0.0919018 0.0919018
0 0.7463335 0.6507453 0.0919018 0.0919018
0 0.7610394 0.2169218 0.0919018 0.0919018
0 0.7665541 0.3069953 0.0919018 0.0919018
0 0.7720688 0.1452306 0.1102841 0.1102841
0 0.8125100 0.3419218 0.1102841 0.1102841
0 0.8125100 0.3768482 0.0919018 0.0919018
0 0.8290541 0.5183924 0.0919018 0.0919018
