0 0.6176571 0.0183924 0.0919018 0.0919018
0 0.6672894 0.0147159 0.0919018 0.0919018
0 0.6856718 0.6580982 0.0919018 0.0919018
0 0.6893482 0.0422894 0.0919018 0.0919018
0 0.7132453 0.6801571 0.0919018 0.0919018
0 0.7261129 0.0000100 0.0919018 0.0919018
0 0.7279512 0.8989071 0.0919018 0.0919018
0 0.7297894 0.4816276 0.0919018 0.0919018
0 0.7463335 0.6047894 0.0919018 0.0919018
0 0.7665541 0.5294218 0.0919018 0.0919018
0 0.7702306 0.7334659 0.0919018 0.0919018
0 0.7959659 0.7610394 0.0919018 0.0919018
0 0.8364071 0.6617747 0.0919018 0.0919018
0 0.8529512 0.3143482 0.0919018 0.0919018
0 0.8603041 0.2812600 0.0919018 0.0919018
0 0.8694953 0.2095688 0.0919018 0.0919018
0 0.8952306 0.6176571 0.0919018 0.0919018
0 0.9154512 0.1783188 0.0845488 0.0919018
