0 0.4761129 0.8437600 0.2021959 0.1562400
0 0.5036865 0.8713335 0.1470488 0.1286665
0 0.5220688 0.8713335 0.2021959 0.1286665
0 0.5220688 0.8897159 0.1102841 0.1102841
0 0.5294218 0.5220688 0.2021959 0.2021959
0 0.5496424 0.8989071 0.1470488 0.1010929
0 0.5569953 0.5496424 0.1470488 0.1470488
0 0.5606718 0.8823629 0.2021959 0.1176371
0 0.5680247 0.9172894 0.1102841 0.0827106
0 0.5753776 0.5680247 0.1102841 0.1102841
0 0.5882453 0.9099365 0.1470488 0.0900635
0 0.5900835 0.0000100 0.2021959 0.1507253
0 0.6029512 0.1121424 0.2021959 0.2021959
0 0.6066276 0.9283188 0.1102841 0.0716812
0 0.6176571 0.0000100 0.1470488 0.1231518
0 0.6231718 0.0551571 0.2021959 0.2021959
0 0.6305247 0.1397159 0.1470488 0.1470488
0 0.6305247 0.8970688 0.2021959 0.1029312
0 0.6360394 0.0000100 0.1102841 0.1047694
0 0.6415541 0.8308924 0.2021959 0.1691076
0 0.6489071 0.1580982 0.1102841 0.1102841
0 0.6507453 0.0827306 0.1470488 0.1470488
0 0.6580982 0.9246424 0.1470488 0.0753576
0 0.6691276 0.1011129 0.1102841 0.1102841
0 0.6691276 0.8584659 0.1470488 0.1415341
0 0.6746424 0.4724365 0.2757253 0.2757253
0 0.6764806 0.9430247 0.1102841 0.0569753
0 0.6875100 0.8768482 0.1102841 0.1102841
0 0.7114071 0.5092012 0.2021959 0.2021959
0 0.7389806 0.5367747 0.1470488 0.1470488
