0 0.0000100 0.3989071 0.2499900 0.2757253
0 0.0110394 0.4356718 0.2021959 0.2021959
0 0.0386129 0.4632453 0.1470488 0.1470488
0 0.7444953 0.4338335 0.2021959 0.2021959
0 0.7647159 0.4834659 0.2021959 0.2021959
0 0.7720688 0.4614071 0.1470488 0.1470488
0 0.7757453 0.5661865 0.2021959 0.2021959
0 0.7794218 0.5220688 0.2021959 0.2021959
0 0.7904512 0.4797894 0.1102841 0.1102841
0 0.7922894 0.5110394 0.1470488 0.1470488
0 0.7941276 0.5955982 0.2021959 0.2021959
0 0.8033188 0.5937600 0.1470488 0.1470488
0 0.8069953 0.5496424 0.1470488 0.1470488
0 0.8106718 0.5294218 0.1102841 0.1102841
0 0.8161865 0.6599365 0.1838135 0.2021959
0 0.8217012 0.6121424 0.1102841 0.1102841
0 0.8217012 0.6231718 0.1470488 0.1470488
0 0.8253776 0.5680247 0.1102841 0.1102841
0 0.8400835 0.6415541 0.1102841 0.1102841
0 0.8437600 0.6875100 0.1470488 0.1470488
0 0.8621424 0.7058924 0.1102841 0.1102841
