0 0.3400835 0.1728041 0.2757253 0.2757253
0 0.3768482 0.2095688 0.2021959 0.2021959
0 0.4044218 0.2371424 0.1470488 0.1470488
0 0.5625100 0.8750100 0.2021959 0.1249900
0 0.5643482 0.7169218 0.2021959 0.2021959
0 0.5900835 0.9025835 0.1470488 0.0974165
0 0.5919218 0.7444953 0.1470488 0.1470488
0 0.5937600 0.8106718 0.2021959 0.1893282
0 0.5955982 0.7500100 0.2021959 0.2021959
0 0.6084659 0.9209659 0.1102841 0.0790341
0 0.6103041 0.7628776 0.1102841 0.1102841
0 0.6213335 0.8382453 0.1470488 0.1470488
0 0.6231718 0.7775835 0.1470488 0.1470488
0 0.6305247 0.8382453 0.2021959 0.1617547
0 0.6397159 0.8566276 0.1102841 0.1102841
0 0.6415541 0.7959659 0.1102841 0.1102841
0 0.6415541 0.8014806 0.2021959 0.1985194
0 0.6580982 0.8658188 0.1470488 0.1341812
0 0.6691276 0.8290541 0.1470488 0.1470488
0 0.6764806 0.8842012 0.1102841 0.1102841
0 0.6801571 0.6985394 0.2021959 0.2021959
0 0.6875100 0.8474365 0.1102841 0.1102841
0 0.6930247 0.8253776 0.2021959 0.1746224
0 0.7040541 0.8878776 0.2021959 0.1121224
0 0.7077306 0.7261129 0.1470488 0.1470488
0 0.7205982 0.8529512 0.1470488 0.1470488
0 0.7261129 0.7444953 0.1102841 0.1102841
0 0.7316276 0.6967012 0.2021959 0.2021959
0 0.7316276 0.9154512 0.1470488 0.0845488
0 0.7353041 0.7408188 0.2021959 0.2021959
0 0.7353041 0.7867747 0.2021959 0.2021959
0 0.7371424 0.5992747 0.2021959 0.2021959
0 0.7389806 0.8713335 0.1102841 0.1102841
0 0.7500100 0.9338335 0.1102841 0.0661665
0 0.7592012 0.7242747 0.1470488 0.1470488
0 0.7628776 0.7683924 0.1470488 0.1470488
0 0.7628776 0.8143482 0.1470488 0.1470488
0 0.7647159 0.6268482 0.1470488 0.1470488
0 0.7775835 0.7426571 0.1102841 0.1102841
0 0.7812600 0.7867747 0.1102841 0.1102841
0 0.7812600 0.8327306 0.1102841 0.1102841
0 0.7830982 0.6452306 0.1102841 0.1102841
