0 0.5110394 0.7242747 0.2757253 0.2757253
0 0.5478041 0.7610394 0.2021959 0.2021959
0 0.5753776 0.7886129 0.1470488 0.1470488
0 0.7334659 0.4172894 0.2021959 0.2021959
0 0.7610394 0.4448629 0.1470488 0.1470488
0 0.7794218 0.4632453 0.1102841 0.1102841
0 0.7996424 0.5092012 0.2003576 0.2021959
0 0.8235394 0.6194953 0.1764606 0.2021959
0 0.8272159 0.5367747 0.1470488 0.1470488
0 0.8455982 0.5551571 0.1102841 0.1102841
0 0.8511129 0.6470688 0.1470488 0.1470488
0 0.8639806 0.4356718 0.1360194 0.2021959
0 0.8694953 0.6654512 0.1102841 0.1102841
0 0.8694953 0.8308924 0.1305047 0.1691076
0 0.8915541 0.4632453 0.1084459 0.1470488
0 0.8970688 0.8584659 0.1029312 0.1415341
0 0.9099365 0.4816276 0.0900635 0.1102841
0 0.9154512 0.8768482 0.0845488 0.1102841
