0 0.0000100 0.0000100 0.1599165 0.1286665
0 0.0000100 0.0000100 0.1323429 0.1010929
0 0.0036865 0.0000100 0.1102841 0.0827106
0 0.2573629 0.2720688 0.2021959 0.2021959
0 0.2683924 0.2058924 0.2021959 0.2021959
0 0.2849365 0.2996424 0.1470488 0.1470488
0 0.2959659 0.2334659 0.1470488 0.1470488
0 0.3033188 0.3180247 0.1102841 0.1102841
0 0.3143482 0.2518482 0.1102841 0.1102841
0 0.3382453 0.0790541 0.2021959 0.2021959
0 0.3658188 0.1066276 0.1470488 0.1470488
0 0.3731718 0.3842012 0.2021959 0.2021959
0 0.3842012 0.1250100 0.1102841 0.1102841
0 0.3989071 0.4338335 0.2021959 0.2021959
0 0.4007453 0.4117747 0.1470488 0.1470488
0 0.4191276 0.4301571 0.1102841 0.1102841
0 0.4264806 0.4614071 0.1470488 0.1470488
0 0.4375100 0.1783188 0.2021959 0.2021959
0 0.4448629 0.4797894 0.1102841 0.1102841
0 0.4650835 0.2058924 0.1470488 0.1470488
0 0.4834659 0.2242747 0.1102841 0.1102841
