0 0.0000100 0.1360394 0.1893282 0.2021959
0 0.0000100 0.1819953 0.1507253 0.2021959
0 0.0000100 0.2095688 0.1231518 0.1470488
0 0.0000100 0.2224365 0.1360194 0.2021959
0 0.0000100 0.2279512 0.1047694 0.1102841
0 0.0000100 0.2500100 0.1084459 0.1470488
0 0.0000100 0.2683924 0.0900635 0.1102841
0 0.0073629 0.2500100 0.2021959 0.2021959
0 0.0147159 0.1636129 0.1470488 0.1470488
0 0.0330982 0.1819953 0.1102841 0.1102841
0 0.0349365 0.2775835 0.1470488 0.1470488
0 0.0533188 0.2959659 0.1102841 0.1102841
0 0.0606718 0.2353041 0.2021959 0.2021959
0 0.0772159 0.1047894 0.2021959 0.2021959
0 0.0772159 0.2426571 0.2757253 0.2757253
0 0.0882453 0.2628776 0.1470488 0.1470488
0 0.0974365 0.1231718 0.2021959 0.2021959
0 0.0992747 0.2114071 0.2021959 0.2021959
0 0.1047894 0.1323629 0.1470488 0.1470488
0 0.1066276 0.2812600 0.1102841 0.1102841
0 0.1139806 0.2794218 0.2021959 0.2021959
0 0.1231718 0.1507453 0.1102841 0.1102841
0 0.1250100 0.1507453 0.1470488 0.1470488
0 0.1268482 0.2389806 0.1470488 0.1470488
0 0.1323629 0.1562600 0.2021959 0.2021959
0 0.1415541 0.3069953 0.1470488 0.1470488
0 0.1433924 0.1691276 0.1102841 0.1102841
0 0.1452306 0.2573629 0.1102841 0.1102841
0 0.1599365 0.1838335 0.1470488 0.1470488
0 0.1617747 0.0643482 0.2021959 0.2021959
0 0.1636129 0.1029512 0.2021959 0.2021959
0 0.1691276 0.2408188 0.2021959 0.2021959
0 0.1783188 0.2022159 0.1102841 0.1102841
0 0.1893482 0.0919218 0.1470488 0.1470488
0 0.1911865 0.1305247 0.1470488 0.1470488
0 0.1930247 0.1617747 0.2021959 0.2021959
0 0.1967012 0.2683924 0.1470488 0.1470488
0 0.2077306 0.1103041 0.1102841 0.1102841
0 0.2095688 0.1489071 0.1102841 0.1102841
0 0.2114071 0.0864071 0.2021959 0.2021959
0 0.2150835 0.2867747 0.1102841 0.1102841
0 0.2205982 0.1893482 0.1470488 0.1470488
0 0.2353041 0.1433924 0.2021959 0.2021959
0 0.2353041 0.2077306 0.2021959 0.2021959
0 0.2389806 0.1139806 0.1470488 0.1470488
0 0.2389806 0.2077306 0.1102841 0.1102841
0 0.2536865 0.1231718 0.2021959 0.2021959
0 0.2573629 0.1323629 0.1102841 0.1102841
0 0.2628776 0.1709659 0.1470488 0.1470488
0 0.2628776 0.2353041 0.1470488 0.1470488
0 0.2812600 0.1507453 0.1470488 0.1470488
0 0.2812600 0.1893482 0.1102841 0.1102841
0 0.2812600 0.2536865 0.1102841 0.1102841
0 0.2922894 0.0367747 0.2021959 0.2021959
0 0.2996424 0.0055247 0.2021959 0.2021959
0 0.2996424 0.1691276 0.1102841 0.1102841
0 0.3106718 0.0478041 0.2021959 0.2021959
0 0.3198629 0.0643482 0.1470488 0.1470488
0 0.3272159 0.0330982 0.1470488 0.1470488
0 0.3382453 0.0275835 0.2021959 0.2021959
0 0.3382453 0.0735394 0.2021959 0.2021959
0 0.3382453 0.0753776 0.1470488 0.1470488
0 0.3382453 0.0827306 0.1102841 0.1102841
0 0.3455982 0.0514806 0.1102841 0.1102841
0 0.3566276 0.0937600 0.1102841 0.1102841
0 0.3658188 0.0551571 0.1470488 0.1470488
0 0.3658188 0.1011129 0.1470488 0.1470488
0 0.3731718 0.0606718 0.2021959 0.2021959
0 0.3750100 0.0275835 0.2021959 0.2021959
0 0.3842012 0.0735394 0.1102841 0.1102841
0 0.3842012 0.1194953 0.1102841 0.1102841
0 0.3933924 0.0735394 0.2021959 0.2021959
0 0.3952306 0.0147159 0.2021959 0.2021959
0 0.4007453 0.0882453 0.1470488 0.1470488
0 0.4025835 0.0551571 0.1470488 0.1470488
0 0.4172894 0.0386129 0.2021959 0.2021959
0 0.4191276 0.1066276 0.1102841 0.1102841
0 0.4209659 0.0000100 0.2021959 0.1635929
0 0.4209659 0.0735394 0.1102841 0.1102841
0 0.4209659 0.1011129 0.1470488 0.1470488
0 0.4228041 0.0422894 0.1470488 0.1470488
0 0.4393482 0.1194953 0.1102841 0.1102841
0 0.4411865 0.0606718 0.1102841 0.1102841
0 0.4448629 0.0661865 0.1470488 0.1470488
0 0.4485394 0.0000100 0.1470488 0.1360194
0 0.4632453 0.0845688 0.1102841 0.1102841
0 0.4650835 0.0000100 0.2021959 0.1488871
0 0.4669218 0.0073629 0.1102841 0.1102841
0 0.4853041 0.0239071 0.2021959 0.2021959
0 0.4926571 0.0000100 0.1470488 0.1213135
0 0.5110394 0.0000100 0.1102841 0.1029312
0 0.5128776 0.0514806 0.1470488 0.1470488
0 0.5312600 0.0698629 0.1102841 0.1102841
0 0.5367747 0.0000100 0.2021959 0.1249900
0 0.5386129 0.0000100 0.2021959 0.1801371
0 0.5643482 0.0000100 0.1470488 0.0974165
0 0.5661865 0.0055247 0.1470488 0.1470488
0 0.5717012 0.0000100 0.2021959 0.1286665
0 0.5827306 0.0000100 0.1102841 0.0790341
0 0.5845688 0.0239071 0.1102841 0.1102841
0 0.5992747 0.0000100 0.1470488 0.1010929
0 0.6176571 0.0000100 0.1102841 0.0827106
0 0.8713335 0.0000100 0.1286665 0.1507253
0 0.8989071 0.0000100 0.1010929 0.1231518
0 0.9172894 0.0000100 0.0827106 0.1047694
