0 0.0018482 0.2114071 0.2021959 0.2021959
0 0.0294218 0.2389806 0.1470488 0.1470488
0 0.0478041 0.2573629 0.1102841 0.1102841
0 0.0753776 0.5092012 0.2021959 0.2021959
0 0.1029512 0.5367747 0.1470488 0.1470488
0 0.1213335 0.5551571 0.1102841 0.1102841
0 0.5036865 0.7794218 0.2021959 0.2021959
0 0.5312600 0.8069953 0.1470488 0.1470488
0 0.5496424 0.8253776 0.1102841 0.1102841
0 0.7242747 0.0900835 0.2021959 0.2021959
0 0.7518482 0.1176571 0.1470488 0.1470488
0 0.7702306 0.1360394 0.1102841 0.1102841
