0 0.2573629 0.7812600 0.2021959 0.2021959
0 0.2849365 0.8088335 0.1470488 0.1470488
0 0.3033188 0.8272159 0.1102841 0.1102841
0 0.3253776 0.8235394 0.2021959 0.1764606
0 0.3492747 0.7978041 0.2021959 0.2021959
0 0.3492747 0.8492747 0.2021959 0.1507253
0 0.3529512 0.8511129 0.1470488 0.1470488
0 0.3566276 0.6948629 0.2021959 0.2021959
0 0.3658188 0.7353041 0.2021959 0.2021959
0 0.3713335 0.8694953 0.1102841 0.1102841
0 0.3731718 0.7720688 0.2021959 0.2021959
0 0.3768482 0.8253776 0.1470488 0.1470488
0 0.3768482 0.8768482 0.1470488 0.1231518
0 0.3842012 0.7224365 0.1470488 0.1470488
0 0.3933924 0.7628776 0.1470488 0.1470488
0 0.3952306 0.8437600 0.1102841 0.1102841
0 0.3952306 0.8952306 0.1102841 0.1047694
0 0.3989071 0.8308924 0.2757253 0.1691076
0 0.4007453 0.7996424 0.1470488 0.1470488
0 0.4025835 0.7408188 0.1102841 0.1102841
0 0.4117747 0.6470688 0.2021959 0.2021959
0 0.4117747 0.7812600 0.1102841 0.1102841
0 0.4191276 0.8180247 0.1102841 0.1102841
0 0.4228041 0.6911865 0.2021959 0.2021959
0 0.4301571 0.6305247 0.2021959 0.2021959
0 0.4356718 0.8676571 0.2021959 0.1323429
0 0.4393482 0.6746424 0.1470488 0.1470488
0 0.4503776 0.7187600 0.1470488 0.1470488
0 0.4577306 0.6580982 0.1470488 0.1470488
0 0.4577306 0.6930247 0.1102841 0.1102841
0 0.4632453 0.5790541 0.2021959 0.2021959
0 0.4632453 0.8952306 0.1470488 0.1047694
0 0.4687600 0.7371424 0.1102841 0.1102841
0 0.4761129 0.6764806 0.1102841 0.1102841
0 0.4908188 0.6066276 0.1470488 0.1470488
0 0.4944953 0.6636129 0.2021959 0.2021959
0 0.5092012 0.6250100 0.1102841 0.1102841
0 0.5220688 0.6911865 0.1470488 0.1470488
0 0.5404512 0.5864071 0.2021959 0.2021959
0 0.5404512 0.7095688 0.1102841 0.1102841
0 0.5478041 0.6875100 0.2021959 0.2021959
0 0.5680247 0.6139806 0.1470488 0.1470488
0 0.5753776 0.7150835 0.1470488 0.1470488
0 0.5864071 0.6323629 0.1102841 0.1102841
0 0.5937600 0.7334659 0.1102841 0.1102841
