0 0.0000100 0.4779512 0.0661665 0.0919018
0 0.0000100 0.5441276 0.0827106 0.0919018
0 0.0036865 0.4650835 0.0919018 0.0919018
0 0.0055247 0.2279512 0.0919018 0.0919018
0 0.0073629 0.3125100 0.0919018 0.0919018
0 0.0147159 0.5202306 0.0919018 0.0919018
0 0.0404512 0.3658188 0.0919018 0.0919018
0 0.0496424 0.2702306 0.0919018 0.0919018
0 0.0514806 0.3400835 0.0919018 0.0919018
0 0.0643482 0.0680247 0.0919018 0.0919018
0 0.0643482 0.3161865 0.0919018 0.0919018
0 0.0661865 0.1047894 0.0919018 0.0919018
0 0.0661865 0.2279512 0.0919018 0.0919018
0 0.0680247 0.1801571 0.0919018 0.0919018
0 0.0772159 0.1415541 0.0919018 0.0919018
0 0.0845688 0.3786865 0.0919018 0.0919018
0 0.0937600 0.3051571 0.0919018 0.0919018
0 0.1029512 0.1121424 0.0919018 0.0919018
0 0.1066276 0.0533188 0.0919018 0.0919018
0 0.1084659 0.0808924 0.0919018 0.0919018
0 0.1176571 0.2683924 0.0919018 0.0919018
0 0.1231718 0.1617747 0.0919018 0.0919018
0 0.1360394 0.0000100 0.0919018 0.0514606
0 0.1360394 0.2463335 0.0919018 0.0919018
0 0.1397159 0.2040541 0.0919018 0.0919018
0 0.1415541 0.1084659 0.0919018 0.0919018
0 0.1599365 0.0000100 0.0919018 0.0698429
0 0.1654512 0.1397159 0.0919018 0.0919018
0 0.1672894 0.3750100 0.0919018 0.0919018
0 0.1893482 0.2444953 0.0919018 0.0919018
0 0.1930247 0.0183924 0.0919018 0.0919018
0 0.1967012 0.2849365 0.1470488 0.1470488
0 0.2003776 0.1158188 0.0919018 0.0919018
0 0.2205982 0.1728041 0.0919018 0.0919018
0 0.2205982 0.2095688 0.0919018 0.0919018
0 0.2279512 0.2408188 0.0919018 0.0919018
0 0.2444953 0.1029512 0.0919018 0.0919018
0 0.2481718 0.0625100 0.0919018 0.0919018
0 0.2536865 0.0257453 0.0919018 0.0919018
0 0.2592012 0.6268482 0.1102841 0.1102841
0 0.2683924 0.2334659 0.0919018 0.0919018
0 0.2757453 0.0110394 0.0919018 0.0919018
0 0.2757453 0.1930247 0.0919018 0.0919018
0 0.2812600 0.0000100 0.0919018 0.0551371
0 0.2812600 0.0845688 0.0919018 0.0919018
0 0.2849365 0.1636129 0.0919018 0.0919018
0 0.3069953 0.0000100 0.0919018 0.0551371
0 0.3069953 0.1433924 0.0919018 0.0919018
0 0.3106718 0.1158188 0.0919018 0.0919018
0 0.3125100 0.0533188 0.0919018 0.0919018
0 0.3217012 0.0845688 0.0919018 0.0919018
0 0.3235394 0.0000100 0.0919018 0.0459459
0 0.3290541 0.2536865 0.0919018 0.0919018
0 0.3364071 0.2040541 0.0919018 0.0919018
0 0.3437600 0.0367747 0.0919018 0.0919018
0 0.3492747 0.0000100 0.0919018 0.0698429
0 0.3492747 0.0000100 0.0919018 0.0919018
0 0.3547894 0.0606718 0.0919018 0.0919018
0 0.3639806 0.1305247 0.0919018 0.0919018
0 0.4062600 0.0165541 0.0919018 0.0919018
0 0.4099365 0.0919218 0.0919018 0.0919018
0 0.4540541 0.0882453 0.0919018 0.0919018
0 0.4944953 0.0018482 0.0919018 0.0919018
0 0.5257453 0.0275835 0.1470488 0.1470488
