0 0.4963335 0.2794218 0.2021959 0.2021959
0 0.5239071 0.3069953 0.1470488 0.1470488
0 0.5422894 0.3253776 0.1102841 0.1102841
0 0.6268482 0.6819953 0.2021959 0.2021959
0 0.6544218 0.7095688 0.1470488 0.1470488
0 0.6728041 0.7279512 0.1102841 0.1102841
0 0.7775835 0.5349365 0.2021959 0.2021959
0 0.8051571 0.5625100 0.1470488 0.1470488
0 0.8125100 0.4503776 0.1874900 0.2021959
0 0.8235394 0.5808924 0.1102841 0.1102841
0 0.8400835 0.4779512 0.1470488 0.1470488
0 0.8547894 0.5606718 0.1452106 0.2021959
0 0.8584659 0.4963335 0.1102841 0.1102841
0 0.8823629 0.5882453 0.1176371 0.1470488
0 0.9007453 0.6066276 0.0992547 0.1102841
