0 0.0000100 0.2481718 0.1305047 0.1470488
0 0.2095688 0.6011129 0.0919018 0.0919018
0 0.2536865 0.5036865 0.0919018 0.0919018
0 0.2996424 0.2224365 0.0919018 0.0919018
0 0.3051571 0.2077306 0.0919018 0.0919018
0 0.3198629 0.4522159 0.0919018 0.0919018
0 0.3253776 0.6433924 0.1102841 0.1102841
0 0.4228041 0.4411865 0.0919018 0.0919018
0 0.4264806 0.0183924 0.0919018 0.0919018
0 0.4393482 0.4816276 0.0919018 0.0919018
0 0.4448629 0.3676571 0.0919018 0.0919018
0 0.4467012 0.5220688 0.0919018 0.0919018
0 0.4522159 0.1562600 0.0919018 0.0919018
0 0.4797894 0.0606718 0.0919018 0.0919018
0 0.4797894 0.2408188 0.0919018 0.0919018
0 0.5110394 0.5183924 0.0919018 0.0919018
0 0.5239071 0.4467012 0.0919018 0.0919018
0 0.5312600 0.1544218 0.0919018 0.0919018
0 0.5349365 0.3952306 0.0919018 0.0919018
0 0.5900835 0.2077306 0.0919018 0.0919018
0 0.6084659 0.1525835 0.0919018 0.0919018
0 0.6176571 0.2830982 0.1102841 0.1102841
0 0.6525835 0.3308924 0.0919018 0.0919018
0 0.6562600 0.0551571 0.0919018 0.0919018
0 0.6764806 0.0606718 0.0919018 0.0919018
0 0.6801571 0.1709659 0.0919018 0.0919018
0 0.6930247 0.2297894 0.0919018 0.0919018
0 0.7058924 0.0128776 0.1470488 0.1470488
0 0.7812600 0.0165541 0.0919018 0.0919018
0 0.7978041 0.0735394 0.0919018 0.0919018
0 0.8345688 0.0110394 0.0919018 0.0919018
