0 0.4099365 0.3603041 0.2021959 0.2021959
0 0.4375100 0.3878776 0.1470488 0.1470488
0 0.4558924 0.4062600 0.1102841 0.1102841
0 0.5992747 0.3933924 0.2021959 0.2021959
0 0.6268482 0.4209659 0.1470488 0.1470488
0 0.6452306 0.4393482 0.1102841 0.1102841
0 0.7114071 0.0808924 0.2021959 0.2021959
0 0.7389806 0.1084659 0.1470488 0.1470488
0 0.7573629 0.1268482 0.1102841 0.1102841
0 0.7739071 0.2114071 0.2021959 0.2021959
0 0.7959659 0.1158188 0.2021959 0.2021959
0 0.8014806 0.2389806 0.1470488 0.1470488
0 0.8198629 0.2573629 0.1102841 0.1102841
0 0.8235394 0.1433924 0.1470488 0.1470488
0 0.8419218 0.1617747 0.1102841 0.1102841
0 0.8437600 0.4705982 0.1562400 0.2021959
0 0.8713335 0.4981718 0.1286665 0.1470488
0 0.8897159 0.5165541 0.1102841 0.1102841
