0 0.1893482 0.0790541 0.2021959 0.2021959
0 0.2169218 0.1066276 0.1470488 0.1470488
0 0.2353041 0.1250100 0.1102841 0.1102841
0 0.2592012 0.7941276 0.2021959 0.2021959
0 0.2867747 0.8217012 0.1470488 0.1470488
0 0.3051571 0.8400835 0.1102841 0.1102841
0 0.3492747 0.0000100 0.2021959 0.1396959
0 0.3768482 0.0000100 0.1470488 0.1121224
0 0.3952306 0.0000100 0.1102841 0.0937400
0 0.4319953 0.0937600 0.2021959 0.2021959
0 0.4595688 0.1213335 0.1470488 0.1470488
0 0.4779512 0.1397159 0.1102841 0.1102841
0 0.5643482 0.6599365 0.2021959 0.2021959
0 0.5919218 0.6875100 0.1470488 0.1470488
0 0.6103041 0.7058924 0.1102841 0.1102841
0 0.6654512 0.3566276 0.2021959 0.2021959
0 0.6930247 0.3842012 0.1470488 0.1470488
0 0.7114071 0.4025835 0.1102841 0.1102841
0 0.8860394 0.4632453 0.1139606 0.2021959
0 0.9136129 0.4908188 0.0863871 0.1470488
0 0.9319953 0.5092012 0.0680047 0.1102841
