0 0.0772159 0.1433924 0.2021959 0.2021959
0 0.1011129 0.1525835 0.2021959 0.2021959
0 0.1047894 0.1709659 0.1470488 0.1470488
0 0.1231718 0.1893482 0.1102841 0.1102841
0 0.1286865 0.1801571 0.1470488 0.1470488
0 0.1470688 0.1985394 0.1102841 0.1102841
0 0.1728041 0.1103041 0.2021959 0.2021959
0 0.1875100 0.1967012 0.2021959 0.2021959
0 0.2003776 0.1378776 0.1470488 0.1470488
0 0.2077306 0.0551571 0.2021959 0.2021959
0 0.2150835 0.2242747 0.1470488 0.1470488
0 0.2187600 0.1562600 0.1102841 0.1102841
0 0.2334659 0.2426571 0.1102841 0.1102841
0 0.2353041 0.0827306 0.1470488 0.1470488
0 0.2371424 0.1893482 0.2021959 0.2021959
0 0.2536865 0.1011129 0.1102841 0.1102841
0 0.2555247 0.1066276 0.2021959 0.2021959
0 0.2647159 0.2169218 0.1470488 0.1470488
0 0.2830982 0.1342012 0.1470488 0.1470488
0 0.2830982 0.2353041 0.1102841 0.1102841
0 0.3014806 0.1525835 0.1102841 0.1102841
