0 0.1930247 0.8014806 0.2021959 0.1985194
0 0.2205982 0.8290541 0.1470488 0.1470488
0 0.2389806 0.8474365 0.1102841 0.1102841
0 0.2408188 0.4228041 0.2021959 0.2021959
0 0.2683924 0.4503776 0.1470488 0.1470488
0 0.2830982 0.4485394 0.2757253 0.2757253
0 0.2867747 0.4687600 0.1102841 0.1102841
0 0.3198629 0.4853041 0.2021959 0.2021959
0 0.3474365 0.5128776 0.1470488 0.1470488
0 0.4981718 0.7941276 0.2021959 0.2021959
0 0.5257453 0.8217012 0.1470488 0.1470488
0 0.5441276 0.8400835 0.1102841 0.1102841
0 0.5790541 0.4338335 0.2021959 0.2021959
0 0.6066276 0.4614071 0.1470488 0.1470488
0 0.6250100 0.4797894 0.1102841 0.1102841
0 0.6672894 0.3180247 0.2021959 0.2021959
0 0.6948629 0.3455982 0.1470488 0.1470488
0 0.7132453 0.3639806 0.1102841 0.1102841
