0 0.0000100 0.1489071 0.1047694 0.2021959
0 0.0000100 0.1764806 0.0771959 0.1470488
0 0.0000100 0.1838335 0.1360194 0.2021959
0 0.0000100 0.1948629 0.0588135 0.1102841
0 0.0000100 0.2114071 0.1084459 0.1470488
0 0.0000100 0.2297894 0.0900635 0.1102841
0 0.0073629 0.2573629 0.2021959 0.2021959
0 0.0349365 0.2849365 0.1470488 0.1470488
0 0.0533188 0.3033188 0.1102841 0.1102841
0 0.1066276 0.2169218 0.2021959 0.2021959
0 0.1342012 0.2444953 0.1470488 0.1470488
0 0.1452306 0.2610394 0.2021959 0.2021959
0 0.1525835 0.2628776 0.1102841 0.1102841
0 0.1672894 0.5055247 0.2021959 0.2021959
0 0.1728041 0.2886129 0.1470488 0.1470488
0 0.1911865 0.3069953 0.1102841 0.1102841
0 0.1948629 0.5330982 0.1470488 0.1470488
0 0.2132453 0.5514806 0.1102841 0.1102841
0 0.2187600 0.2683924 0.2021959 0.2021959
0 0.2463335 0.2959659 0.1470488 0.1470488
0 0.2647159 0.3143482 0.1102841 0.1102841
0 0.2720688 0.1636129 0.2021959 0.2021959
0 0.2996424 0.1911865 0.1470488 0.1470488
0 0.3069953 0.3364071 0.2021959 0.2021959
0 0.3180247 0.2095688 0.1102841 0.1102841
0 0.3345688 0.3639806 0.1470488 0.1470488
0 0.3529512 0.3823629 0.1102841 0.1102841
0 0.3584659 0.2830982 0.2021959 0.2021959
0 0.3860394 0.3106718 0.1470488 0.1470488
0 0.3989071 0.1415541 0.2021959 0.2021959
0 0.4044218 0.3290541 0.1102841 0.1102841
0 0.4264806 0.1691276 0.1470488 0.1470488
0 0.4448629 0.1875100 0.1102841 0.1102841
0 0.5257453 0.2150835 0.2757253 0.2757253
0 0.5625100 0.2518482 0.2021959 0.2021959
0 0.5900835 0.2794218 0.1470488 0.1470488
0 0.7297894 0.1599365 0.2021959 0.2021959
0 0.7573629 0.1875100 0.1470488 0.1470488
0 0.7757453 0.1636129 0.2021959 0.2021959
0 0.7757453 0.2058924 0.1102841 0.1102841
0 0.8033188 0.1911865 0.1470488 0.1470488
0 0.8217012 0.2095688 0.1102841 0.1102841
