0 0.0000100 0.0625100 0.1599165 0.2021959
0 0.0000100 0.0808924 0.1029312 0.2021959
0 0.0000100 0.0864071 0.1764606 0.2021959
0 0.0000100 0.0900835 0.1323429 0.1470488
0 0.0000100 0.1084659 0.0753576 0.1470488
0 0.0000100 0.1268482 0.0569753 0.1102841
0 0.0000100 0.1544218 0.1544018 0.2021959
0 0.0000100 0.1819953 0.1268282 0.1470488
0 0.0000100 0.2003776 0.1084459 0.1102841
0 0.0000100 0.2408188 0.1231518 0.2021959
0 0.0000100 0.2683924 0.0955782 0.1470488
0 0.0000100 0.2867747 0.0771959 0.1102841
0 0.0018482 0.1139806 0.1470488 0.1470488
0 0.0036865 0.1084659 0.1102841 0.1102841
0 0.0202306 0.1323629 0.1102841 0.1102841
0 0.0239071 0.0000100 0.2021959 0.1746224
0 0.0349365 0.0000100 0.2021959 0.1249900
0 0.0514806 0.0000100 0.1470488 0.1470488
0 0.0625100 0.0000100 0.1470488 0.0974165
0 0.0698629 0.0183924 0.1102841 0.1102841
0 0.0808924 0.0000100 0.1102841 0.0790341
