0 0.0000100 0.0000100 0.1286665 0.1782988
0 0.0000100 0.0036865 0.1010929 0.1470488
0 0.0000100 0.0220688 0.0827106 0.1102841
0 0.3364071 0.0000100 0.2757253 0.1635929
0 0.3731718 0.0000100 0.2021959 0.1268282
0 0.4007453 0.0000100 0.1470488 0.0992547
0 0.4172894 0.0000100 0.2021959 0.1746224
0 0.4319953 0.0000100 0.2021959 0.1010929
0 0.4448629 0.0000100 0.1470488 0.1470488
0 0.4595688 0.0000100 0.1470488 0.0735194
0 0.4632453 0.0183924 0.1102841 0.1102841
0 0.4779512 0.0000100 0.1102841 0.0551371
0 0.4853041 0.0000100 0.2021959 0.1727841
0 0.5128776 0.0000100 0.1470488 0.1452106
0 0.5312600 0.0165541 0.1102841 0.1102841
