0 0.0128776 0.2959659 0.2757253 0.2757253
0 0.0496424 0.3327306 0.2021959 0.2021959
0 0.0772159 0.3603041 0.1470488 0.1470488
0 0.1231718 0.0992747 0.2021959 0.2021959
0 0.1323629 0.5661865 0.2021959 0.2021959
0 0.1507453 0.1268482 0.1470488 0.1470488
0 0.1599365 0.5937600 0.1470488 0.1470488
0 0.1691276 0.1452306 0.1102841 0.1102841
0 0.1783188 0.6121424 0.1102841 0.1102841
0 0.2592012 0.0000100 0.2021959 0.1985194
0 0.2867747 0.0239071 0.1470488 0.1470488
0 0.3051571 0.0422894 0.1102841 0.1102841
0 0.4025835 0.0992747 0.2757253 0.2757253
0 0.4393482 0.1360394 0.2021959 0.2021959
0 0.4669218 0.1636129 0.1470488 0.1470488
0 0.5018482 0.0330982 0.2021959 0.2021959
0 0.5092012 0.0698629 0.2021959 0.2021959
0 0.5294218 0.0606718 0.1470488 0.1470488
0 0.5367747 0.0974365 0.1470488 0.1470488
0 0.5478041 0.0790541 0.1102841 0.1102841
0 0.5551571 0.1158188 0.1102841 0.1102841
0 0.5661865 0.0000100 0.2021959 0.1819753
0 0.5919218 0.8272159 0.2021959 0.1727841
0 0.5937600 0.0073629 0.1470488 0.1470488
0 0.6121424 0.0257453 0.1102841 0.1102841
0 0.6194953 0.8547894 0.1470488 0.1452106
0 0.6378776 0.8731718 0.1102841 0.1102841
0 0.6856718 0.7978041 0.2021959 0.2021959
0 0.7132453 0.8253776 0.1470488 0.1470488
0 0.7316276 0.8437600 0.1102841 0.1102841
