0 0.0000100 0.0000100 0.1691076 0.1378576
0 0.0000100 0.0000100 0.1415341 0.1102841
0 0.0000100 0.4301571 0.1525635 0.2021959
0 0.0000100 0.4577306 0.1249900 0.1470488
0 0.0000100 0.4761129 0.1066076 0.1102841
0 0.0000100 0.7114071 0.1157988 0.2021959
0 0.0000100 0.7389806 0.0882253 0.1470488
0 0.0000100 0.7573629 0.0698429 0.1102841
0 0.0000100 0.7886129 0.1121224 0.2021959
0 0.0000100 0.8161865 0.0845488 0.1470488
0 0.0000100 0.8345688 0.0661665 0.1102841
0 0.0128776 0.0000100 0.1102841 0.0919018
0 0.0735394 0.7775835 0.2021959 0.2021959
0 0.0753776 0.7463335 0.2021959 0.2021959
0 0.0919218 0.7187600 0.2021959 0.2021959
0 0.1011129 0.8051571 0.1470488 0.1470488
0 0.1029512 0.7739071 0.1470488 0.1470488
0 0.1139806 0.6783188 0.2021959 0.2021959
0 0.1194953 0.7463335 0.1470488 0.1470488
0 0.1194953 0.8235394 0.1102841 0.1102841
0 0.1213335 0.7922894 0.1102841 0.1102841
0 0.1378776 0.7647159 0.1102841 0.1102841
0 0.1415541 0.7058924 0.1470488 0.1470488
0 0.1562600 0.6378776 0.2021959 0.2021959
0 0.1599365 0.7242747 0.1102841 0.1102841
0 0.1838335 0.6654512 0.1470488 0.1470488
0 0.1875100 0.5422894 0.2021959 0.2021959
0 0.2022159 0.6838335 0.1102841 0.1102841
0 0.2150835 0.5698629 0.1470488 0.1470488
0 0.2334659 0.5882453 0.1102841 0.1102841
0 0.2739071 0.4926571 0.2021959 0.2021959
0 0.2739071 0.6121424 0.2021959 0.2021959
0 0.3014806 0.5202306 0.1470488 0.1470488
0 0.3014806 0.6397159 0.1470488 0.1470488
0 0.3143482 0.7353041 0.2021959 0.2021959
0 0.3198629 0.4981718 0.2021959 0.2021959
0 0.3198629 0.5386129 0.1102841 0.1102841
0 0.3198629 0.6580982 0.1102841 0.1102841
0 0.3253776 0.1011129 0.2021959 0.2021959
0 0.3253776 0.5441276 0.2021959 0.2021959
0 0.3419218 0.7628776 0.1470488 0.1470488
0 0.3474365 0.5257453 0.1470488 0.1470488
0 0.3529512 0.1286865 0.1470488 0.1470488
0 0.3529512 0.5717012 0.1470488 0.1470488
0 0.3603041 0.7812600 0.1102841 0.1102841
0 0.3658188 0.4172894 0.2021959 0.2021959
0 0.3658188 0.5441276 0.1102841 0.1102841
0 0.3713335 0.1470688 0.1102841 0.1102841
0 0.3713335 0.5900835 0.1102841 0.1102841
0 0.3933924 0.4448629 0.1470488 0.1470488
0 0.4117747 0.4632453 0.1102841 0.1102841
0 0.4283188 0.4797894 0.2021959 0.2021959
0 0.4338335 0.6562600 0.2021959 0.2021959
0 0.4558924 0.5073629 0.1470488 0.1470488
0 0.4577306 0.4834659 0.2021959 0.2021959
0 0.4614071 0.6838335 0.1470488 0.1470488
0 0.4742747 0.5257453 0.1102841 0.1102841
0 0.4797894 0.7022159 0.1102841 0.1102841
0 0.4853041 0.5110394 0.1470488 0.1470488
0 0.5036865 0.5294218 0.1102841 0.1102841
0 0.5312600 0.4650835 0.2757253 0.2757253
0 0.5367747 0.3547894 0.2021959 0.2021959
0 0.5478041 0.6525835 0.2021959 0.2021959
0 0.5496424 0.1838335 0.2021959 0.2021959
0 0.5533188 0.2904512 0.2021959 0.2021959
0 0.5643482 0.3823629 0.1470488 0.1470488
0 0.5680247 0.5018482 0.2021959 0.2021959
0 0.5735394 0.2610394 0.2021959 0.2021959
0 0.5753776 0.6801571 0.1470488 0.1470488
0 0.5772159 0.2114071 0.1470488 0.1470488
0 0.5790541 0.8474365 0.2021959 0.1525635
0 0.5808924 0.3180247 0.1470488 0.1470488
0 0.5827306 0.4007453 0.1102841 0.1102841
0 0.5937600 0.3364071 0.2021959 0.2021959
0 0.5937600 0.6985394 0.1102841 0.1102841
0 0.5955982 0.2297894 0.1102841 0.1102841
0 0.5955982 0.5294218 0.1470488 0.1470488
0 0.5992747 0.3364071 0.1102841 0.1102841
0 0.6011129 0.2886129 0.1470488 0.1470488
0 0.6066276 0.8750100 0.1470488 0.1249900
0 0.6103041 0.1819953 0.2021959 0.2021959
0 0.6139806 0.3731718 0.2021959 0.2021959
0 0.6194953 0.3069953 0.1102841 0.1102841
0 0.6213335 0.3639806 0.1470488 0.1470488
0 0.6250100 0.8933924 0.1102841 0.1066076
0 0.6378776 0.2095688 0.1470488 0.1470488
0 0.6397159 0.3823629 0.1102841 0.1102841
0 0.6415541 0.4007453 0.1470488 0.1470488
0 0.6562600 0.2279512 0.1102841 0.1102841
0 0.6562600 0.6121424 0.2021959 0.2021959
0 0.6599365 0.4191276 0.1102841 0.1102841
0 0.6636129 0.2132453 0.2021959 0.2021959
0 0.6672894 0.3088335 0.2021959 0.2021959
0 0.6838335 0.6397159 0.1470488 0.1470488
0 0.6911865 0.2408188 0.1470488 0.1470488
0 0.6948629 0.3364071 0.1470488 0.1470488
0 0.7022159 0.6580982 0.1102841 0.1102841
0 0.7095688 0.2592012 0.1102841 0.1102841
0 0.7132453 0.3547894 0.1102841 0.1102841
0 0.7444953 0.2922894 0.2021959 0.2021959
0 0.7720688 0.1985394 0.2021959 0.2021959
0 0.7720688 0.3198629 0.1470488 0.1470488
0 0.7739071 0.0367747 0.2021959 0.2021959
0 0.7775835 0.8180247 0.2021959 0.1819753
0 0.7812600 0.3106718 0.2021959 0.2021959
0 0.7904512 0.3382453 0.1102841 0.1102841
0 0.7978041 0.4154512 0.2021959 0.2021959
0 0.7996424 0.2261129 0.1470488 0.1470488
0 0.8014806 0.0643482 0.1470488 0.1470488
0 0.8051571 0.8455982 0.1470488 0.1470488
0 0.8069953 0.4908188 0.1930047 0.2757253
0 0.8088335 0.3382453 0.1470488 0.1470488
0 0.8180247 0.2444953 0.1102841 0.1102841
0 0.8198629 0.0827306 0.1102841 0.1102841
0 0.8235394 0.8639806 0.1102841 0.1102841
0 0.8253776 0.0000100 0.1746224 0.1985194
0 0.8253776 0.4430247 0.1470488 0.1470488
0 0.8272159 0.3566276 0.1102841 0.1102841
0 0.8437600 0.4614071 0.1102841 0.1102841
0 0.8437600 0.5275835 0.1562400 0.2021959
0 0.8529512 0.0239071 0.1470488 0.1470488
0 0.8713335 0.0422894 0.1102841 0.1102841
0 0.8713335 0.5551571 0.1286665 0.1470488
0 0.8731718 0.4853041 0.1268282 0.2021959
0 0.9007453 0.5128776 0.0992547 0.1470488
0 0.9191276 0.5312600 0.0808724 0.1102841
