0 0.0000100 0.1764806 0.2242547 0.2757253
0 0.0000100 0.2132453 0.1874900 0.2021959
0 0.0000100 0.3106718 0.1286665 0.2021959
0 0.0000100 0.3382453 0.1010929 0.1470488
0 0.0000100 0.3566276 0.0827106 0.1102841
0 0.0000100 0.3970688 0.1047694 0.2021959
0 0.0000100 0.4246424 0.0771959 0.1470488
0 0.0000100 0.4430247 0.0588135 0.1102841
0 0.0000100 0.6562600 0.2040341 0.2757253
0 0.0000100 0.6930247 0.1672694 0.2021959
0 0.0000100 0.7205982 0.1396959 0.1470488
0 0.0128776 0.2408188 0.1470488 0.1470488
0 0.1121424 0.0551571 0.2021959 0.2021959
0 0.1397159 0.0827306 0.1470488 0.1470488
0 0.1580982 0.1011129 0.1102841 0.1102841
0 0.2555247 0.3639806 0.2021959 0.2021959
0 0.2830982 0.3915541 0.1470488 0.1470488
0 0.3014806 0.4099365 0.1102841 0.1102841
0 0.3235394 0.3345688 0.2021959 0.2021959
0 0.3345688 0.3805247 0.2021959 0.2021959
0 0.3511129 0.3621424 0.1470488 0.1470488
0 0.3621424 0.4080982 0.1470488 0.1470488
0 0.3658188 0.8180247 0.2021959 0.1819753
0 0.3694953 0.3106718 0.2021959 0.2021959
0 0.3694953 0.3805247 0.1102841 0.1102841
0 0.3805247 0.4264806 0.1102841 0.1102841
0 0.3933924 0.8455982 0.1470488 0.1470488
0 0.3970688 0.3382453 0.1470488 0.1470488
0 0.4099365 0.2978041 0.2021959 0.2021959
0 0.4117747 0.8639806 0.1102841 0.1102841
0 0.4154512 0.3566276 0.1102841 0.1102841
0 0.4228041 0.3180247 0.2021959 0.2021959
0 0.4338335 0.4191276 0.2021959 0.2021959
0 0.4375100 0.3253776 0.1470488 0.1470488
0 0.4430247 0.8676571 0.2021959 0.1323429
0 0.4503776 0.3455982 0.1470488 0.1470488
0 0.4558924 0.3437600 0.1102841 0.1102841
0 0.4595688 0.7334659 0.2021959 0.2021959
0 0.4614071 0.4467012 0.1470488 0.1470488
0 0.4687600 0.3639806 0.1102841 0.1102841
0 0.4705982 0.8952306 0.1470488 0.1047694
0 0.4724365 0.2573629 0.2021959 0.2021959
0 0.4797894 0.4650835 0.1102841 0.1102841
0 0.4797894 0.4908188 0.2021959 0.2021959
0 0.4853041 0.5496424 0.2757253 0.2757253
0 0.4871424 0.7610394 0.1470488 0.1470488
0 0.4889806 0.9136129 0.1102841 0.0863871
0 0.5000100 0.2849365 0.1470488 0.1470488
0 0.5055247 0.7794218 0.1102841 0.1102841
0 0.5073629 0.5183924 0.1470488 0.1470488
0 0.5183924 0.3033188 0.1102841 0.1102841
0 0.5202306 0.2978041 0.2021959 0.2021959
0 0.5220688 0.5864071 0.2021959 0.2021959
0 0.5257453 0.5367747 0.1102841 0.1102841
0 0.5478041 0.3253776 0.1470488 0.1470488
0 0.5496424 0.6139806 0.1470488 0.1470488
0 0.5661865 0.3437600 0.1102841 0.1102841
0 0.6103041 0.4577306 0.2021959 0.2021959
0 0.6378776 0.4853041 0.1470488 0.1470488
0 0.6562600 0.5036865 0.1102841 0.1102841
0 0.8584659 0.6342012 0.1415341 0.2757253
0 0.8952306 0.6709659 0.1047694 0.2021959
0 0.9228041 0.6985394 0.0771959 0.1470488
