0 0.0000100 0.0220688 0.1452106 0.2757253
0 0.0000100 0.0588335 0.1084459 0.2021959
0 0.0000100 0.0864071 0.0808724 0.1470488
0 0.0478041 0.0864071 0.2021959 0.2021959
0 0.0753776 0.1139806 0.1470488 0.1470488
0 0.0937600 0.1323629 0.1102841 0.1102841
0 0.1268482 0.1231718 0.2021959 0.2021959
0 0.1544218 0.0955982 0.2021959 0.2021959
0 0.1544218 0.1507453 0.1470488 0.1470488
0 0.1728041 0.1691276 0.1102841 0.1102841
0 0.1819953 0.1231718 0.1470488 0.1470488
0 0.2003776 0.1415541 0.1102841 0.1102841
