0 0.5257453 0.1525835 0.0919018 0.0919018
0 0.5404512 0.0496424 0.0919018 0.0919018
0 0.5422894 0.6029512 0.0919018 0.0919018
0 0.5514806 0.3400835 0.0919018 0.0919018
0 0.5533188 0.0827306 0.1470488 0.1470488
0 0.5533188 0.6544218 0.0919018 0.0919018
0 0.5533188 0.7242747 0.0919018 0.0919018
0 0.5588335 0.1930247 0.0919018 0.0919018
0 0.5625100 0.7683924 0.1470488 0.1470488
0 0.5808924 0.1617747 0.0919018 0.0919018
0 0.5827306 0.0661865 0.0919018 0.0919018
0 0.5900835 0.5422894 0.0919018 0.0919018
0 0.5974365 0.0422894 0.0919018 0.0919018
0 0.5974365 0.4632453 0.0919018 0.0919018
0 0.6011129 0.2242747 0.0919018 0.0919018
0 0.6158188 0.2463335 0.0919018 0.0919018
0 0.6231718 0.3033188 0.0919018 0.0919018
0 0.6286865 0.6360394 0.0919018 0.0919018
0 0.6378776 0.1783188 0.0919018 0.0919018
0 0.6378776 0.2169218 0.0919018 0.0919018
0 0.6397159 0.0000100 0.0919018 0.0698429
0 0.6397159 0.6691276 0.0919018 0.0919018
0 0.6415541 0.3455982 0.0919018 0.0919018
0 0.6415541 0.5588335 0.0919018 0.0919018
0 0.6433924 0.1360394 0.0919018 0.0919018
0 0.6433924 0.3217012 0.0919018 0.0919018
0 0.6654512 0.4963335 0.0919018 0.0919018
0 0.6672894 0.1139806 0.0919018 0.0919018
0 0.6746424 0.0000100 0.0919018 0.0900635
0 0.6746424 0.3952306 0.0919018 0.0919018
0 0.6783188 0.2261129 0.0919018 0.0919018
0 0.6783188 0.6323629 0.0919018 0.0919018
0 0.6819953 0.1911865 0.0919018 0.0919018
0 0.6856718 0.0735394 0.0919018 0.0919018
0 0.6875100 0.5312600 0.0919018 0.0919018
0 0.6930247 0.0000100 0.0919018 0.0588135
0 0.6930247 0.2555247 0.0919018 0.0919018
0 0.6948629 0.1562600 0.0919018 0.0919018
0 0.6967012 0.2922894 0.0919018 0.0919018
0 0.6967012 0.5790541 0.0919018 0.0919018
0 0.7003776 0.0183924 0.0919018 0.0919018
0 0.7040541 0.0367747 0.0919018 0.0919018
0 0.7040541 0.4577306 0.0919018 0.0919018
0 0.7058924 0.5018482 0.0919018 0.0919018
0 0.7077306 0.1231718 0.0919018 0.0919018
0 0.7132453 0.1967012 0.0919018 0.0919018
0 0.7132453 0.4283188 0.0919018 0.0919018
0 0.7242747 0.0680247 0.0919018 0.0919018
0 0.7261129 0.1378776 0.0919018 0.0919018
0 0.7279512 0.2959659 0.0919018 0.0919018
0 0.7297894 0.7003776 0.0919018 0.0919018
0 0.7316276 0.1728041 0.0919018 0.0919018
0 0.7316276 0.4025835 0.0919018 0.0919018
0 0.7408188 0.2665541 0.0919018 0.0919018
0 0.7426571 0.3033188 0.0919018 0.0919018
0 0.7444953 0.3603041 0.0919018 0.0919018
0 0.7444953 0.5790541 0.0919018 0.0919018
0 0.7463335 0.0000100 0.0919018 0.0808724
0 0.7463335 0.1084659 0.0919018 0.0919018
0 0.7518482 0.4540541 0.0919018 0.0919018
0 0.7536865 0.3842012 0.0919018 0.0919018
0 0.7592012 0.7683924 0.0919018 0.0919018
0 0.7665541 0.0000100 0.0919018 0.0514606
0 0.7665541 0.2242747 0.0919018 0.0919018
0 0.7665541 0.3033188 0.0919018 0.0919018
0 0.7683924 0.7205982 0.0919018 0.0919018
0 0.7775835 0.2481718 0.0919018 0.0919018
0 0.7794218 0.5000100 0.0919018 0.0919018
0 0.7812600 0.5661865 0.0919018 0.0919018
0 0.7830982 0.6231718 0.0919018 0.0919018
0 0.7830982 0.6562600 0.0919018 0.0919018
0 0.7922894 0.1250100 0.0919018 0.0919018
0 0.7996424 0.3970688 0.0919018 0.0919018
0 0.8014806 0.3198629 0.0919018 0.0919018
0 0.8125100 0.1176571 0.0919018 0.0919018
0 0.8253776 0.1029512 0.0919018 0.0919018
0 0.8290541 0.3603041 0.0919018 0.0919018
0 0.8290541 0.3786865 0.0919018 0.0919018
0 0.8290541 0.5900835 0.0919018 0.0919018
0 0.8327306 0.4779512 0.0919018 0.0919018
0 0.8529512 0.0937600 0.0919018 0.0919018
0 0.8658188 0.0680247 0.0919018 0.0919018
0 0.8713335 0.6084659 0.0919018 0.0919018
0 0.8731718 0.7169218 0.0919018 0.0919018
0 0.8750100 0.2775835 0.0919018 0.0919018
0 0.8786865 0.0404512 0.0919018 0.0919018
0 0.8805247 0.0000100 0.0919018 0.0753576
0 0.8805247 0.3786865 0.1194753 0.1470488
0 0.8952306 0.0661865 0.0919018 0.0919018
0 0.9044218 0.3125100 0.0919018 0.0919018
0 0.9080982 0.2683924 0.0919018 0.0919018
0 0.9154512 0.3511129 0.0845488 0.0919018
0 0.9264806 0.1029512 0.0735194 0.0919018
0 0.9264806 0.6231718 0.0735194 0.0919018
0 0.9283188 0.2150835 0.0716812 0.0919018
0 0.9319953 0.5183924 0.0680047 0.0919018
0 0.9338335 0.6489071 0.0661665 0.0919018
0 0.9393482 0.2573629 0.0606518 0.0919018
0 0.9411865 0.0202306 0.0588135 0.0919018
0 0.9411865 0.5808924 0.0588135 0.0919018
