0 0.4853041 0.2132453 0.2021959 0.2021959
0 0.4963335 0.2444953 0.2021959 0.2021959
0 0.5018482 0.0864071 0.2021959 0.2021959
0 0.5128776 0.2408188 0.1470488 0.1470488
0 0.5239071 0.2720688 0.1470488 0.1470488
0 0.5294218 0.1139806 0.1470488 0.1470488
0 0.5312600 0.2592012 0.1102841 0.1102841
0 0.5422894 0.2904512 0.1102841 0.1102841
0 0.5478041 0.1323629 0.1102841 0.1102841
0 0.6011129 0.1819953 0.2021959 0.2021959
0 0.6286865 0.2095688 0.1470488 0.1470488
0 0.6470688 0.2279512 0.1102841 0.1102841
0 0.6654512 0.5772159 0.2021959 0.2021959
0 0.6930247 0.6047894 0.1470488 0.1470488
0 0.7022159 0.7297894 0.2757253 0.2702106
0 0.7114071 0.6231718 0.1102841 0.1102841
0 0.7389806 0.7665541 0.2021959 0.2021959
0 0.7665541 0.7941276 0.1470488 0.1470488
0 0.7739071 0.8106718 0.2021959 0.1893282
0 0.8014806 0.8382453 0.1470488 0.1470488
0 0.8198629 0.8566276 0.1102841 0.1102841
0 0.8345688 0.7702306 0.1654312 0.2021959
0 0.8364071 0.8529512 0.1635929 0.1470488
0 0.8382453 0.1562600 0.1617547 0.2021959
0 0.8621424 0.7978041 0.1378576 0.1470488
0 0.8639806 0.8805247 0.1360194 0.1194753
0 0.8658188 0.1838335 0.1341812 0.1470488
0 0.8805247 0.8161865 0.1102841 0.1102841
0 0.8823629 0.8989071 0.1102841 0.1010929
0 0.8842012 0.2022159 0.1102841 0.1102841
