0 0.2003776 0.6948629 0.2757253 0.2757253
0 0.2371424 0.7316276 0.2021959 0.2021959
0 0.2647159 0.7592012 0.1470488 0.1470488
0 0.6819953 0.2261129 0.2021959 0.2021959
0 0.7095688 0.2536865 0.1470488 0.1470488
0 0.7279512 0.2720688 0.1102841 0.1102841
0 0.7408188 0.2867747 0.2591812 0.2757253
0 0.7775835 0.3235394 0.2021959 0.2021959
0 0.7978041 0.2426571 0.2021959 0.2021959
0 0.8051571 0.3511129 0.1470488 0.1470488
0 0.8253776 0.2702306 0.1470488 0.1470488
0 0.8364071 0.0864071 0.1635929 0.2021959
0 0.8437600 0.2886129 0.1102841 0.1102841
0 0.8511129 0.4467012 0.1488871 0.2757253
0 0.8639806 0.1139806 0.1360194 0.1470488
0 0.8823629 0.1323629 0.1102841 0.1102841
0 0.8878776 0.4834659 0.1121224 0.2021959
0 0.9154512 0.5110394 0.0845488 0.1470488
