0 0.0000100 0.1066276 0.0771959 0.0919018
0 0.1415541 0.0000100 0.0919018 0.0643282
0 0.1525835 0.1875100 0.0919018 0.0919018
0 0.2996424 0.2205982 0.0919018 0.0919018
0 0.3694953 0.1967012 0.0919018 0.0919018
0 0.3786865 0.0000100 0.0919018 0.0569753
0 0.3842012 0.1029512 0.0919018 0.0919018
0 0.4154512 0.3786865 0.0919018 0.0919018
0 0.4430247 0.3529512 0.0919018 0.0919018
0 0.4650835 0.4191276 0.0919018 0.0919018
0 0.4742747 0.0643482 0.0919018 0.0919018
0 0.4871424 0.3272159 0.0919018 0.0919018
0 0.4889806 0.0312600 0.0919018 0.0919018
0 0.5073629 0.2316276 0.0919018 0.0919018
0 0.5275835 0.0551571 0.0919018 0.0919018
