0 0.0000100 0.0000100 0.1580782 0.1635929
0 0.0000100 0.0000100 0.1213135 0.1268282
0 0.0000100 0.0000100 0.0937400 0.0992547
0 0.0772159 0.3584659 0.2021959 0.2021959
0 0.1047894 0.3860394 0.1470488 0.1470488
0 0.1231718 0.4044218 0.1102841 0.1102841
0 0.1617747 0.0000100 0.2021959 0.1305047
0 0.1893482 0.0000100 0.1470488 0.1029312
0 0.2077306 0.0000100 0.1102841 0.0845488
0 0.4705982 0.0000100 0.2021959 0.1121224
0 0.4779512 0.1838335 0.2021959 0.2021959
0 0.4981718 0.0000100 0.1470488 0.0845488
0 0.5055247 0.2114071 0.1470488 0.1470488
0 0.5128776 0.6139806 0.2021959 0.2021959
0 0.5165541 0.0000100 0.1102841 0.0661665
0 0.5239071 0.2297894 0.1102841 0.1102841
0 0.5404512 0.6415541 0.1470488 0.1470488
0 0.5588335 0.6599365 0.1102841 0.1102841
0 0.6066276 0.0000100 0.2021959 0.2021959
0 0.6084659 0.7114071 0.2021959 0.2021959
0 0.6342012 0.0275835 0.1470488 0.1470488
0 0.6342012 0.0919218 0.2021959 0.2021959
0 0.6360394 0.7389806 0.1470488 0.1470488
0 0.6525835 0.0459659 0.1102841 0.1102841
0 0.6544218 0.7573629 0.1102841 0.1102841
0 0.6617747 0.1194953 0.1470488 0.1470488
0 0.6801571 0.1378776 0.1102841 0.1102841
0 0.7830982 0.6746424 0.2021959 0.2021959
0 0.8106718 0.7022159 0.1470488 0.1470488
0 0.8290541 0.7205982 0.1102841 0.1102841
0 0.8658188 0.5827306 0.1341812 0.2021959
0 0.8933924 0.6103041 0.1066076 0.1470488
0 0.9117747 0.6286865 0.0882253 0.1102841
