0 0.0000100 0.4669218 0.2150635 0.2757253
0 0.0000100 0.5036865 0.1782988 0.2021959
0 0.0000100 0.8786865 0.1378576 0.1213135
0 0.0000100 0.9062600 0.1102841 0.0937400
0 0.0000100 0.9246424 0.0919018 0.0753576
0 0.0036865 0.5312600 0.1470488 0.1470488
0 0.0110394 0.3713335 0.2021959 0.2021959
0 0.0386129 0.3989071 0.1470488 0.1470488
0 0.0569953 0.4172894 0.1102841 0.1102841
0 0.2242747 0.0000100 0.2021959 0.1507253
0 0.2518482 0.0000100 0.1470488 0.1231518
0 0.2702306 0.0000100 0.1102841 0.1047694
