0 0.0000100 0.3511129 0.1691076 0.2021959
0 0.0000100 0.3786865 0.1415341 0.1470488
0 0.0000100 0.4264806 0.1047694 0.2021959
0 0.0000100 0.4540541 0.0771959 0.1470488
0 0.0000100 0.4724365 0.0588135 0.1102841
0 0.0128776 0.3970688 0.1102841 0.1102841
0 0.0128776 0.5055247 0.2021959 0.2021959
0 0.0404512 0.5330982 0.1470488 0.1470488
0 0.0588335 0.5514806 0.1102841 0.1102841
0 0.3786865 0.5900835 0.2021959 0.2021959
0 0.4062600 0.6176571 0.1470488 0.1470488
0 0.4246424 0.6360394 0.1102841 0.1102841
0 0.6672894 0.1378776 0.2021959 0.2021959
0 0.6948629 0.1654512 0.1470488 0.1470488
0 0.7132453 0.1838335 0.1102841 0.1102841
0 0.8547894 0.0000100 0.1452106 0.1047694
0 0.8823629 0.0000100 0.1176371 0.0771959
0 0.9007453 0.0000100 0.0992547 0.0588135
