0 0.0000100 0.0000100 0.1525635 0.1378576
0 0.0000100 0.0000100 0.1249900 0.1102841
0 0.0000100 0.0000100 0.1066076 0.0919018
0 0.0000100 0.1728041 0.1047694 0.2021959
0 0.0000100 0.1764806 0.1911665 0.2021959
0 0.0000100 0.2003776 0.0771959 0.1470488
0 0.0000100 0.2187600 0.0588135 0.1102841
0 0.0165541 0.2040541 0.1470488 0.1470488
0 0.0349365 0.2224365 0.1102841 0.1102841
0 0.0496424 0.1139806 0.2021959 0.2021959
0 0.0772159 0.1415541 0.1470488 0.1470488
0 0.0882453 0.0000100 0.2021959 0.1084459
0 0.0882453 0.1819953 0.2021959 0.2021959
0 0.0955982 0.1599365 0.1102841 0.1102841
0 0.1158188 0.0000100 0.1470488 0.0808724
0 0.1158188 0.2095688 0.1470488 0.1470488
0 0.1342012 0.0000100 0.1102841 0.0624900
0 0.1342012 0.2279512 0.1102841 0.1102841
0 0.1397159 0.5496424 0.2021959 0.2021959
0 0.1672894 0.5772159 0.1470488 0.1470488
0 0.1856718 0.5955982 0.1102841 0.1102841
0 0.2169218 0.0955982 0.2021959 0.2021959
0 0.2444953 0.1231718 0.1470488 0.1470488
0 0.2628776 0.1415541 0.1102841 0.1102841
0 0.3676571 0.0000100 0.2021959 0.1341812
0 0.3952306 0.0000100 0.1470488 0.1066076
0 0.4136129 0.0000100 0.1102841 0.0882253
0 0.4614071 0.0000100 0.2021959 0.2021959
0 0.4889806 0.0275835 0.1470488 0.1470488
0 0.5073629 0.0459659 0.1102841 0.1102841
