0 0.0000100 0.2812600 0.1801371 0.2021959
0 0.0000100 0.7794218 0.1599165 0.2021959
0 0.0000100 0.8069953 0.1323429 0.1470488
0 0.0036865 0.8253776 0.1102841 0.1102841
0 0.0055247 0.3088335 0.1470488 0.1470488
0 0.0239071 0.3272159 0.1102841 0.1102841
0 0.0404512 0.5220688 0.2021959 0.2021959
0 0.0569953 0.7500100 0.2021959 0.2021959
0 0.0680247 0.5496424 0.1470488 0.1470488
0 0.0845688 0.7775835 0.1470488 0.1470488
0 0.0864071 0.5680247 0.1102841 0.1102841
0 0.1029512 0.7959659 0.1102841 0.1102841
0 0.3639806 0.5128776 0.2021959 0.2021959
0 0.3915541 0.5404512 0.1470488 0.1470488
0 0.4099365 0.5588335 0.1102841 0.1102841
