0 0.0055247 0.0000100 0.2021959 0.1893282
0 0.0330982 0.0147159 0.1470488 0.1470488
0 0.0514806 0.0330982 0.1102841 0.1102841
0 0.0753776 0.3364071 0.2021959 0.2021959
0 0.1029512 0.3639806 0.1470488 0.1470488
0 0.1213335 0.3823629 0.1102841 0.1102841
0 0.2205982 0.7573629 0.2021959 0.2021959
0 0.2408188 0.5974365 0.2021959 0.2021959
0 0.2481718 0.7849365 0.1470488 0.1470488
0 0.2665541 0.8033188 0.1102841 0.1102841
0 0.2683924 0.6250100 0.1470488 0.1470488
0 0.2867747 0.6433924 0.1102841 0.1102841
0 0.3713335 0.3989071 0.2021959 0.2021959
0 0.3989071 0.4264806 0.1470488 0.1470488
0 0.4172894 0.4448629 0.1102841 0.1102841
0 0.4467012 0.1489071 0.2021959 0.2021959
0 0.4742747 0.1764806 0.1470488 0.1470488
0 0.4926571 0.1948629 0.1102841 0.1102841
0 0.5919218 0.5533188 0.2021959 0.2021959
0 0.5992747 0.3143482 0.2021959 0.2021959
0 0.6194953 0.5808924 0.1470488 0.1470488
0 0.6268482 0.3419218 0.1470488 0.1470488
0 0.6378776 0.5992747 0.1102841 0.1102841
0 0.6452306 0.3603041 0.1102841 0.1102841
0 0.7003776 0.3915541 0.2021959 0.2021959
0 0.7279512 0.4191276 0.1470488 0.1470488
0 0.7463335 0.4375100 0.1102841 0.1102841
0 0.7922894 0.4301571 0.2021959 0.2021959
0 0.8198629 0.4577306 0.1470488 0.1470488
0 0.8382453 0.4761129 0.1102841 0.1102841
