0 0.0000100 0.0275835 0.0863871 0.0919018
0 0.0000100 0.2224365 0.0808724 0.0919018
0 0.0000100 0.3400835 0.0919018 0.0919018
0 0.0000100 0.5974365 0.0863871 0.0919018
0 0.0000100 0.7077306 0.0551371 0.0919018
0 0.0367747 0.1250100 0.0919018 0.0919018
0 0.0643482 0.1893482 0.0919018 0.0919018
0 0.0753776 0.3419218 0.1470488 0.1470488
0 0.1158188 0.0937600 0.0919018 0.0919018
0 0.1286865 0.5790541 0.0919018 0.0919018
0 0.1397159 0.7444953 0.0919018 0.0919018
0 0.1580982 0.3529512 0.0919018 0.0919018
0 0.1654512 0.5165541 0.0919018 0.0919018
0 0.1948629 0.2628776 0.0919018 0.0919018
0 0.2536865 0.2389806 0.0919018 0.0919018
0 0.2573629 0.0955982 0.0919018 0.0919018
0 0.3437600 0.7996424 0.0919018 0.0919018
0 0.3805247 0.1103041 0.0919018 0.0919018
0 0.3897159 0.6967012 0.0919018 0.0919018
0 0.3915541 0.9283188 0.0919018 0.0716812
0 0.4062600 0.2500100 0.0919018 0.0919018
0 0.4485394 0.4319953 0.0919018 0.0919018
0 0.4522159 0.6286865 0.0919018 0.0919018
0 0.4577306 0.3823629 0.0919018 0.0919018
0 0.4816276 0.0882453 0.0919018 0.0919018
0 0.5000100 0.5900835 0.0919018 0.0919018
0 0.5036865 0.4485394 0.0919018 0.0919018
0 0.5128776 0.7739071 0.0919018 0.0919018
0 0.5330982 0.4283188 0.0919018 0.0919018
0 0.5459659 0.2941276 0.0919018 0.0919018
0 0.5864071 0.5220688 0.0919018 0.0919018
0 0.5900835 0.4117747 0.0919018 0.0919018
0 0.6047894 0.1544218 0.0919018 0.0919018
0 0.6139806 0.9283188 0.0919018 0.0716812
0 0.6562600 0.8897159 0.0919018 0.0919018
0 0.6691276 0.4614071 0.0919018 0.0919018
0 0.6783188 0.0000100 0.0919018 0.0771959
0 0.7095688 0.3713335 0.0919018 0.0919018
0 0.7150835 0.5514806 0.0919018 0.0919018
0 0.7169218 0.0919218 0.0919018 0.0919018
0 0.7316276 0.6930247 0.0919018 0.0919018
0 0.7978041 0.8768482 0.0919018 0.0919018
0 0.8658188 0.7610394 0.0919018 0.0919018
0 0.8676571 0.6636129 0.0919018 0.0919018
0 0.8897159 0.4338335 0.0919018 0.0919018
0 0.8970688 0.1194953 0.0919018 0.0919018
0 0.9080982 0.2536865 0.0919018 0.0919018
0 0.9503776 0.9411865 0.0496224 0.0588135
