0 0.0000100 0.0827306 0.1488871 0.2021959
0 0.0000100 0.1103041 0.1213135 0.1470488
0 0.0000100 0.1286865 0.1029312 0.1102841
0 0.0000100 0.1856718 0.1580782 0.2021959
0 0.0000100 0.2132453 0.1305047 0.1470488
0 0.0000100 0.2665541 0.2003576 0.2021959
0 0.0000100 0.3529512 0.1727841 0.2021959
0 0.0000100 0.3805247 0.1452106 0.1470488
0 0.0000100 0.4742747 0.1176371 0.2021959
0 0.0000100 0.5018482 0.0900635 0.1470488
0 0.0000100 0.5202306 0.0716812 0.1102841
0 0.0018482 0.2316276 0.1102841 0.1102841
0 0.0165541 0.3989071 0.1102841 0.1102841
0 0.0257453 0.2941276 0.1470488 0.1470488
0 0.0441276 0.3125100 0.1102841 0.1102841
0 0.0441276 0.5772159 0.2021959 0.2021959
0 0.0625100 0.1691276 0.2021959 0.2021959
0 0.0680247 0.0000100 0.2021959 0.1121224
0 0.0717012 0.6047894 0.1470488 0.1470488
0 0.0717012 0.6893482 0.2021959 0.2021959
0 0.0900835 0.1967012 0.1470488 0.1470488
0 0.0900835 0.6231718 0.1102841 0.1102841
0 0.0955982 0.0000100 0.1470488 0.0845488
0 0.0992747 0.7169218 0.1470488 0.1470488
0 0.1066276 0.2904512 0.2021959 0.2021959
0 0.1084659 0.2150835 0.1102841 0.1102841
0 0.1103041 0.4172894 0.2021959 0.2021959
0 0.1139806 0.0000100 0.1102841 0.0661665
0 0.1176571 0.7353041 0.1102841 0.1102841
0 0.1342012 0.3180247 0.1470488 0.1470488
0 0.1378776 0.4448629 0.1470488 0.1470488
0 0.1525835 0.3364071 0.1102841 0.1102841
0 0.1562600 0.4632453 0.1102841 0.1102841
0 0.1838335 0.3750100 0.2021959 0.2021959
0 0.1985394 0.0165541 0.2021959 0.2021959
0 0.2003776 0.6231718 0.2021959 0.2021959
0 0.2114071 0.4025835 0.1470488 0.1470488
0 0.2261129 0.0441276 0.1470488 0.1470488
0 0.2279512 0.6507453 0.1470488 0.1470488
0 0.2297894 0.4209659 0.1102841 0.1102841
0 0.2444953 0.0625100 0.1102841 0.1102841
0 0.2463335 0.6691276 0.1102841 0.1102841
