0 0.1378776 0.0000100 0.2021959 0.1562400
0 0.1654512 0.0000100 0.1470488 0.1286665
0 0.1728041 0.0000100 0.2021959 0.1985194
0 0.1838335 0.0000100 0.1102841 0.1102841
0 0.2003776 0.0239071 0.1470488 0.1470488
0 0.2187600 0.0422894 0.1102841 0.1102841
0 0.2408188 0.0000100 0.2021959 0.1617547
0 0.2683924 0.0000100 0.1470488 0.1341812
0 0.2867747 0.0055247 0.1102841 0.1102841
0 0.2886129 0.0000100 0.2757253 0.1378576
0 0.2922894 0.2481718 0.2021959 0.2021959
0 0.3198629 0.1875100 0.2021959 0.2021959
0 0.3198629 0.2757453 0.1470488 0.1470488
0 0.3253776 0.0000100 0.2021959 0.1010929
0 0.3272159 0.0220688 0.2021959 0.2021959
0 0.3382453 0.2941276 0.1102841 0.1102841
0 0.3437600 0.1121424 0.2021959 0.2021959
0 0.3474365 0.2150835 0.1470488 0.1470488
0 0.3529512 0.0000100 0.1470488 0.0735194
0 0.3547894 0.0496424 0.1470488 0.1470488
0 0.3658188 0.2334659 0.1102841 0.1102841
0 0.3713335 0.1397159 0.1470488 0.1470488
0 0.3731718 0.0680247 0.1102841 0.1102841
0 0.3897159 0.1580982 0.1102841 0.1102841
0 0.4007453 0.0625100 0.2021959 0.2021959
0 0.4136129 0.1286865 0.2021959 0.2021959
0 0.4283188 0.0900835 0.1470488 0.1470488
0 0.4411865 0.1562600 0.1470488 0.1470488
0 0.4467012 0.1084659 0.1102841 0.1102841
0 0.4595688 0.1746424 0.1102841 0.1102841
