0 0.3603041 0.3731718 0.2021959 0.2021959
0 0.3878776 0.4007453 0.1470488 0.1470488
0 0.4062600 0.4191276 0.1102841 0.1102841
0 0.4228041 0.5073629 0.2021959 0.2021959
0 0.4228041 0.6397159 0.2021959 0.2021959
0 0.4467012 0.4503776 0.2021959 0.2021959
0 0.4503776 0.5349365 0.1470488 0.1470488
0 0.4503776 0.6672894 0.1470488 0.1470488
0 0.4687600 0.5533188 0.1102841 0.1102841
0 0.4687600 0.6856718 0.1102841 0.1102841
0 0.4742747 0.4779512 0.1470488 0.1470488
0 0.4779512 0.5257453 0.2021959 0.2021959
0 0.4926571 0.4963335 0.1102841 0.1102841
0 0.5055247 0.5533188 0.1470488 0.1470488
0 0.5239071 0.5717012 0.1102841 0.1102841
0 0.5459659 0.3235394 0.2021959 0.2021959
0 0.5680247 0.2647159 0.2021959 0.2021959
0 0.5735394 0.3511129 0.1470488 0.1470488
0 0.5919218 0.3694953 0.1102841 0.1102841
0 0.5955982 0.2922894 0.1470488 0.1470488
0 0.5974365 0.4797894 0.2021959 0.2021959
0 0.6103041 0.4044218 0.2021959 0.2021959
0 0.6139806 0.3106718 0.1102841 0.1102841
0 0.6250100 0.5073629 0.1470488 0.1470488
0 0.6378776 0.4319953 0.1470488 0.1470488
0 0.6433924 0.2849365 0.2021959 0.2021959
0 0.6433924 0.5257453 0.1102841 0.1102841
0 0.6562600 0.4503776 0.1102841 0.1102841
0 0.6709659 0.3125100 0.1470488 0.1470488
0 0.6893482 0.3308924 0.1102841 0.1102841
0 0.7022159 0.3860394 0.2021959 0.2021959
0 0.7205982 0.2757453 0.2021959 0.2021959
0 0.7297894 0.4136129 0.1470488 0.1470488
0 0.7481718 0.3033188 0.1470488 0.1470488
0 0.7481718 0.4319953 0.1102841 0.1102841
0 0.7665541 0.3217012 0.1102841 0.1102841
0 0.7702306 0.2003776 0.2021959 0.2021959
0 0.7978041 0.2279512 0.1470488 0.1470488
0 0.8014806 0.3676571 0.1985194 0.2021959
0 0.8106718 0.2463335 0.1893282 0.2021959
0 0.8161865 0.2463335 0.1102841 0.1102841
0 0.8290541 0.3952306 0.1470488 0.1470488
0 0.8308924 0.3437600 0.1691076 0.2021959
0 0.8327306 0.6562600 0.1672694 0.2021959
0 0.8382453 0.2739071 0.1470488 0.1470488
0 0.8474365 0.4136129 0.1102841 0.1102841
0 0.8566276 0.2922894 0.1102841 0.1102841
0 0.8584659 0.3713335 0.1415341 0.1470488
0 0.8603041 0.2297894 0.1396959 0.2021959
0 0.8603041 0.6838335 0.1396959 0.1470488
0 0.8768482 0.3897159 0.1102841 0.1102841
0 0.8786865 0.7022159 0.1102841 0.1102841
0 0.8878776 0.2573629 0.1121224 0.1470488
0 0.8878776 0.4356718 0.1121224 0.2021959
0 0.8897159 0.1286865 0.1102841 0.2021959
0 0.9062600 0.2757453 0.0937400 0.1102841
0 0.9154512 0.4632453 0.0845488 0.1470488
0 0.9172894 0.1562600 0.0827106 0.1470488
0 0.9338335 0.4816276 0.0661665 0.1102841
0 0.9356718 0.1746424 0.0643282 0.1102841
