0 0.0000100 0.3051571 0.1213135 0.2021959
0 0.0000100 0.3327306 0.0937400 0.1470488
0 0.0000100 0.3382453 0.1102841 0.2021959
0 0.0000100 0.3511129 0.0753576 0.1102841
0 0.0000100 0.3658188 0.0827106 0.1470488
0 0.0000100 0.3786865 0.1010929 0.2021959
0 0.0000100 0.3842012 0.0643282 0.1102841
0 0.0000100 0.4062600 0.0735194 0.1470488
0 0.0000100 0.4154512 0.1360194 0.2021959
0 0.0000100 0.4246424 0.0551371 0.1102841
0 0.0000100 0.4319953 0.1801371 0.2757253
0 0.0000100 0.4430247 0.1084459 0.1470488
0 0.0000100 0.4503776 0.1047694 0.2021959
0 0.0000100 0.4614071 0.0900635 0.1102841
0 0.0000100 0.4687600 0.1433724 0.2021959
0 0.0000100 0.4779512 0.0771959 0.1470488
0 0.0000100 0.4963335 0.1157988 0.1470488
0 0.0000100 0.4963335 0.0588135 0.1102841
0 0.0000100 0.5110394 0.1268282 0.2021959
0 0.0000100 0.5294218 0.1562400 0.2021959
0 0.0000100 0.5367747 0.1893282 0.2021959
0 0.0000100 0.5386129 0.0992547 0.1470488
0 0.0000100 0.5569953 0.1286665 0.1470488
0 0.0000100 0.5569953 0.0808724 0.1102841
0 0.0000100 0.5753776 0.1102841 0.1102841
0 0.0000100 0.5790541 0.1985194 0.2021959
0 0.0000100 0.6139806 0.1856518 0.2021959
0 0.0000100 0.7003776 0.1893282 0.2021959
0 0.0000100 0.7114071 0.1231518 0.2021959
0 0.0000100 0.7389806 0.0955782 0.1470488
0 0.0000100 0.7408188 0.1341812 0.2021959
0 0.0000100 0.7573629 0.0771959 0.1102841
0 0.0000100 0.7683924 0.1066076 0.1470488
0 0.0000100 0.7867747 0.0882253 0.1102841
0 0.0000100 0.7978041 0.1488871 0.2021959
0 0.0000100 0.8253776 0.1213135 0.1470488
0 0.0000100 0.8437600 0.1470488 0.1562400
0 0.0000100 0.8437600 0.1029312 0.1102841
0 0.0000100 0.8713335 0.1194753 0.1286665
0 0.0000100 0.8731718 0.1764606 0.1268282
0 0.0000100 0.8860394 0.1488871 0.1139606
0 0.0000100 0.8897159 0.1010929 0.1102841
0 0.0000100 0.9136129 0.1213135 0.0863871
0 0.0000100 0.9319953 0.1029312 0.0680047
0 0.0018482 0.9007453 0.1470488 0.0992547
0 0.0055247 0.4025835 0.2021959 0.2021959
0 0.0110394 0.6415541 0.1470488 0.1470488
0 0.0147159 0.5643482 0.1470488 0.1470488
0 0.0147159 0.7279512 0.1470488 0.1470488
0 0.0202306 0.9191276 0.1102841 0.0808724
0 0.0239071 0.6066276 0.1470488 0.1470488
0 0.0239071 0.7003776 0.2021959 0.2021959
0 0.0257453 0.6342012 0.2021959 0.2021959
0 0.0294218 0.6599365 0.1102841 0.1102841
0 0.0330982 0.4301571 0.1470488 0.1470488
0 0.0330982 0.5827306 0.1102841 0.1102841
0 0.0330982 0.7463335 0.1102841 0.1102841
0 0.0422894 0.6250100 0.1102841 0.1102841
0 0.0514806 0.4485394 0.1102841 0.1102841
0 0.0514806 0.7279512 0.1470488 0.1470488
0 0.0533188 0.6617747 0.1470488 0.1470488
0 0.0698629 0.7463335 0.1102841 0.1102841
0 0.0717012 0.6801571 0.1102841 0.1102841
