0 0.2114071 0.8970688 0.2021959 0.1029312
0 0.2389806 0.9246424 0.1470488 0.0753576
0 0.2573629 0.9430247 0.1102841 0.0569753
0 0.2702306 0.2518482 0.2021959 0.2021959
0 0.2978041 0.2794218 0.1470488 0.1470488
0 0.3161865 0.2978041 0.1102841 0.1102841
0 0.4191276 0.5625100 0.2021959 0.2021959
0 0.4467012 0.5900835 0.1470488 0.1470488
0 0.4650835 0.6084659 0.1102841 0.1102841
0 0.4724365 0.7978041 0.2021959 0.2021959
0 0.5000100 0.8253776 0.1470488 0.1470488
0 0.5183924 0.8437600 0.1102841 0.1102841
