0 0.2077306 0.2500100 0.1470488 0.1470488
0 0.4338335 0.3915541 0.0919018 0.0919018
0 0.4632453 0.2573629 0.0919018 0.0919018
0 0.4944953 0.3474365 0.0919018 0.0919018
0 0.5275835 0.0717012 0.1470488 0.1470488
0 0.5386129 0.5643482 0.0919018 0.0919018
0 0.5496424 0.5110394 0.0919018 0.0919018
0 0.5588335 0.7408188 0.0919018 0.0919018
0 0.5790541 0.5404512 0.0919018 0.0919018
0 0.6158188 0.3639806 0.0919018 0.0919018
0 0.6489071 0.4632453 0.0919018 0.0919018
0 0.6838335 0.6066276 0.0919018 0.0919018
0 0.7187600 0.8713335 0.0919018 0.0919018
0 0.7205982 0.1323629 0.0919018 0.0919018
0 0.8253776 0.6764806 0.0919018 0.0919018
0 0.8272159 0.5698629 0.0919018 0.0919018
0 0.8308924 0.7647159 0.0919018 0.0919018
0 0.8529512 0.7794218 0.0919018 0.0919018
0 0.8786865 0.7904512 0.0919018 0.0919018
0 0.9319953 0.2518482 0.0680047 0.0919018
