0 0.0000100 0.9154512 0.0643282 0.0845488
0 0.0606718 0.2518482 0.0919018 0.0919018
0 0.0790541 0.4687600 0.0919018 0.0919018
0 0.0955982 0.5661865 0.0919018 0.0919018
0 0.0955982 0.8290541 0.0919018 0.0919018
0 0.1636129 0.5312600 0.0919018 0.0919018
0 0.2040541 0.6305247 0.0919018 0.0919018
0 0.2463335 0.7757453 0.1470488 0.1470488
0 0.3290541 0.9411865 0.0919018 0.0588135
0 0.3327306 0.5404512 0.0919018 0.0919018
0 0.3400835 0.6231718 0.0919018 0.0919018
0 0.4228041 0.7132453 0.0919018 0.0919018
0 0.5220688 0.7904512 0.0919018 0.0919018
0 0.7040541 0.0220688 0.1470488 0.1470488
0 0.7592012 0.6452306 0.0919018 0.0919018
0 0.7904512 0.3069953 0.1102841 0.1102841
0 0.7922894 0.7261129 0.0919018 0.0919018
