0 0.0000100 0.0367747 0.0661665 0.0919018
0 0.0000100 0.1323629 0.0808724 0.0919018
0 0.0569953 0.2481718 0.0919018 0.0919018
0 0.0588335 0.4853041 0.0919018 0.0919018
0 0.1121424 0.5735394 0.0919018 0.0919018
0 0.1599365 0.0000100 0.0919018 0.0900635
0 0.1875100 0.7886129 0.1470488 0.1470488
0 0.2022159 0.5459659 0.0919018 0.0919018
0 0.2187600 0.0000100 0.0919018 0.0845488
0 0.4375100 0.0000100 0.0919018 0.0698429
0 0.4430247 0.5386129 0.0919018 0.0919018
0 0.4742747 0.0643482 0.0919018 0.0919018
0 0.5092012 0.7794218 0.0919018 0.0919018
0 0.5183924 0.5533188 0.0919018 0.0919018
0 0.5422894 0.0000100 0.0919018 0.0771959
0 0.5698629 0.2114071 0.0919018 0.0919018
0 0.5753776 0.7187600 0.0919018 0.0919018
0 0.5882453 0.4742747 0.0919018 0.0919018
0 0.6121424 0.5478041 0.1470488 0.1470488
0 0.6728041 0.7316276 0.0919018 0.0919018
0 0.7150835 0.4338335 0.0919018 0.0919018
0 0.7297894 0.7371424 0.0919018 0.0919018
0 0.7628776 0.5422894 0.0919018 0.0919018
0 0.7647159 0.4944953 0.0919018 0.0919018
0 0.7683924 0.2040541 0.1102841 0.1102841
0 0.7720688 0.4650835 0.0919018 0.0919018
0 0.7867747 0.4172894 0.0919018 0.0919018
0 0.8088335 0.3419218 0.0919018 0.0919018
