0 0.0110394 0.4025835 0.0919018 0.0919018
0 0.0147159 0.3345688 0.0919018 0.0919018
0 0.0459659 0.2573629 0.1470488 0.1470488
0 0.1562600 0.3088335 0.0919018 0.0919018
0 0.2389806 0.2978041 0.0919018 0.0919018
0 0.3106718 0.3750100 0.0919018 0.0919018
0 0.3694953 0.3786865 0.0919018 0.0919018
0 0.4301571 0.7628776 0.0919018 0.0919018
0 0.5147159 0.8033188 0.0919018 0.0919018
0 0.5239071 0.1948629 0.0919018 0.0919018
0 0.5441276 0.3658188 0.0919018 0.0919018
0 0.5606718 0.1378776 0.0919018 0.0919018
0 0.5772159 0.8676571 0.0919018 0.0919018
0 0.5882453 0.3198629 0.0919018 0.0919018
0 0.5974365 0.2389806 0.0919018 0.0919018
0 0.6047894 0.0698629 0.0919018 0.0919018
0 0.6066276 0.2978041 0.0919018 0.0919018
0 0.6139806 0.1562600 0.0919018 0.0919018
0 0.6194953 0.1194953 0.0919018 0.0919018
0 0.6342012 0.2757453 0.0919018 0.0919018
0 0.6489071 0.0588335 0.0919018 0.0919018
0 0.6489071 0.4044218 0.0919018 0.0919018
0 0.7095688 0.1066276 0.0919018 0.0919018
0 0.7555247 0.4742747 0.0919018 0.0919018
0 0.7886129 0.0919218 0.0919018 0.0919018
0 0.8750100 0.1047894 0.0919018 0.0919018
0 0.8933924 0.4191276 0.0919018 0.0919018
0 0.9099365 0.2665541 0.0900635 0.0919018
0 0.9136129 0.1525835 0.0863871 0.0919018
0 0.9301571 0.5533188 0.0698429 0.0919018
0 0.9319953 0.2261129 0.0680047 0.0919018
