0 0.3805247 0.4154512 0.2021959 0.2021959
0 0.3989071 0.2463335 0.2021959 0.2021959
0 0.4080982 0.4430247 0.1470488 0.1470488
0 0.4264806 0.2739071 0.1470488 0.1470488
0 0.4264806 0.4614071 0.1102841 0.1102841
0 0.4319953 0.3547894 0.2021959 0.2021959
0 0.4448629 0.2922894 0.1102841 0.1102841
0 0.4595688 0.3823629 0.1470488 0.1470488
0 0.4742747 0.3290541 0.2021959 0.2021959
0 0.4779512 0.4007453 0.1102841 0.1102841
0 0.4816276 0.7665541 0.2021959 0.2021959
0 0.4853041 0.2481718 0.2021959 0.2021959
0 0.5018482 0.3566276 0.1470488 0.1470488
0 0.5092012 0.7941276 0.1470488 0.1470488
0 0.5128776 0.2757453 0.1470488 0.1470488
0 0.5202306 0.3750100 0.1102841 0.1102841
0 0.5275835 0.8125100 0.1102841 0.1102841
0 0.5312600 0.2941276 0.1102841 0.1102841
0 0.6489071 0.2426571 0.2021959 0.2021959
0 0.6728041 0.0312600 0.2021959 0.2021959
0 0.6764806 0.2702306 0.1470488 0.1470488
0 0.6948629 0.0000100 0.2021959 0.1249900
0 0.6948629 0.2886129 0.1102841 0.1102841
0 0.7003776 0.0588335 0.1470488 0.1470488
0 0.7095688 0.0239071 0.2021959 0.2021959
0 0.7187600 0.0772159 0.1102841 0.1102841
0 0.7224365 0.0000100 0.1470488 0.0974165
0 0.7371424 0.0514806 0.1470488 0.1470488
0 0.7408188 0.0000100 0.1102841 0.0790341
0 0.7500100 0.1433924 0.2021959 0.2021959
0 0.7555247 0.0073629 0.2021959 0.2021959
0 0.7555247 0.0698629 0.1102841 0.1102841
0 0.7775835 0.1709659 0.1470488 0.1470488
0 0.7830982 0.0349365 0.1470488 0.1470488
0 0.7959659 0.1893482 0.1102841 0.1102841
0 0.8014806 0.0533188 0.1102841 0.1102841
0 0.8419218 0.2371424 0.1580782 0.2021959
0 0.8474365 0.1268482 0.1525635 0.2021959
0 0.8584659 0.7702306 0.1415341 0.2021959
0 0.8694953 0.2647159 0.1305047 0.1470488
0 0.8750100 0.1544218 0.1249900 0.1470488
0 0.8860394 0.7978041 0.1139606 0.1470488
0 0.8878776 0.2830982 0.1102841 0.1102841
0 0.8933924 0.1728041 0.1066076 0.1102841
0 0.9044218 0.8161865 0.0955782 0.1102841
