0 0.0000100 0.2592012 0.1691076 0.2021959
0 0.0000100 0.2794218 0.1157988 0.2021959
0 0.0000100 0.2867747 0.1415341 0.1470488
0 0.0000100 0.3069953 0.0882253 0.1470488
0 0.0000100 0.3253776 0.0698429 0.1102841
0 0.0018482 0.2224365 0.2021959 0.2021959
0 0.0092012 0.1728041 0.2021959 0.2021959
0 0.0110394 0.0000100 0.2021959 0.1305047
0 0.0128776 0.3051571 0.1102841 0.1102841
0 0.0294218 0.2500100 0.1470488 0.1470488
0 0.0294218 0.2739071 0.2021959 0.2021959
0 0.0367747 0.2003776 0.1470488 0.1470488
0 0.0386129 0.0000100 0.1470488 0.1029312
0 0.0478041 0.2683924 0.1102841 0.1102841
0 0.0551571 0.2187600 0.1102841 0.1102841
0 0.0569953 0.0000100 0.1102841 0.0845488
0 0.0569953 0.3014806 0.1470488 0.1470488
0 0.0753776 0.3198629 0.1102841 0.1102841
0 0.1103041 0.0000100 0.2021959 0.1268282
0 0.1378776 0.0000100 0.1470488 0.0992547
0 0.1562600 0.0000100 0.1102841 0.0808724
0 0.1728041 0.0000100 0.2021959 0.1231518
0 0.2003776 0.0000100 0.1470488 0.0955782
0 0.2187600 0.0000100 0.1102841 0.0771959
