0 0.3897159 0.2720688 0.2021959 0.2021959
0 0.4172894 0.2996424 0.1470488 0.1470488
0 0.4209659 0.2389806 0.2021959 0.2021959
0 0.4356718 0.3180247 0.1102841 0.1102841
0 0.4485394 0.2665541 0.1470488 0.1470488
0 0.4558924 0.2481718 0.2021959 0.2021959
0 0.4669218 0.2849365 0.1102841 0.1102841
0 0.4779512 0.2886129 0.2021959 0.2021959
0 0.4834659 0.2757453 0.1470488 0.1470488
0 0.4853041 0.2169218 0.2021959 0.2021959
0 0.4944953 0.2518482 0.2021959 0.2021959
0 0.5018482 0.2941276 0.1102841 0.1102841
0 0.5055247 0.3161865 0.1470488 0.1470488
0 0.5128776 0.2444953 0.1470488 0.1470488
0 0.5220688 0.2334659 0.2021959 0.2021959
0 0.5220688 0.2794218 0.1470488 0.1470488
0 0.5239071 0.3345688 0.1102841 0.1102841
0 0.5312600 0.2628776 0.1102841 0.1102841
0 0.5404512 0.2978041 0.1102841 0.1102841
0 0.5496424 0.2610394 0.1470488 0.1470488
0 0.5680247 0.2316276 0.2021959 0.2021959
0 0.5680247 0.2794218 0.1102841 0.1102841
0 0.5955982 0.2592012 0.1470488 0.1470488
0 0.6139806 0.2775835 0.1102841 0.1102841
