0 0.0000100 0.6636129 0.0845488 0.0919018
0 0.0000100 0.6930247 0.0532988 0.0919018
0 0.0000100 0.7720688 0.0514606 0.0919018
0 0.0000100 0.9411865 0.0569753 0.0588135
0 0.0036865 0.7077306 0.0919018 0.0919018
0 0.0073629 0.7628776 0.0919018 0.0919018
0 0.0367747 0.6580982 0.0919018 0.0919018
0 0.0698629 0.5974365 0.0919018 0.0919018
0 0.1029512 0.6231718 0.0919018 0.0919018
0 0.1231718 0.6507453 0.0919018 0.0919018
0 0.1342012 0.6709659 0.0919018 0.0919018
0 0.1433924 0.6231718 0.0919018 0.0919018
0 0.1838335 0.7095688 0.1102841 0.1102841
0 0.2040541 0.6636129 0.0919018 0.0919018
0 0.2408188 0.7444953 0.0919018 0.0919018
0 0.2536865 0.6746424 0.0919018 0.0919018
0 0.2592012 0.6489071 0.0919018 0.0919018
0 0.2739071 0.6893482 0.0919018 0.0919018
0 0.3235394 0.9044218 0.1470488 0.0955782
0 0.3253776 0.7169218 0.0919018 0.0919018
0 0.3455982 0.6893482 0.0919018 0.0919018
0 0.4117747 0.6323629 0.0919018 0.0919018
0 0.4687600 0.6397159 0.0919018 0.0919018
