0 0.0772159 0.3180247 0.2021959 0.2021959
0 0.1047894 0.3455982 0.1470488 0.1470488
0 0.1158188 0.0992747 0.2021959 0.2021959
0 0.1231718 0.3639806 0.1102841 0.1102841
0 0.1415541 0.0625100 0.2021959 0.2021959
0 0.1433924 0.1268482 0.1470488 0.1470488
0 0.1544218 0.5312600 0.2021959 0.2021959
0 0.1617747 0.1452306 0.1102841 0.1102841
0 0.1691276 0.0900835 0.1470488 0.1470488
0 0.1819953 0.5588335 0.1470488 0.1470488
0 0.1875100 0.1084659 0.1102841 0.1102841
0 0.2003776 0.5772159 0.1102841 0.1102841
0 0.2169218 0.4944953 0.2021959 0.2021959
0 0.2444953 0.5220688 0.1470488 0.1470488
0 0.2555247 0.2426571 0.2021959 0.2021959
0 0.2628776 0.5404512 0.1102841 0.1102841
0 0.2830982 0.2702306 0.1470488 0.1470488
0 0.2849365 0.6378776 0.2021959 0.2021959
0 0.2867747 0.2334659 0.2021959 0.2021959
0 0.2996424 0.7040541 0.2021959 0.2021959
0 0.3014806 0.2886129 0.1102841 0.1102841
0 0.3033188 0.5514806 0.2021959 0.2021959
0 0.3125100 0.6654512 0.1470488 0.1470488
0 0.3143482 0.2610394 0.1470488 0.1470488
0 0.3180247 0.4650835 0.2021959 0.2021959
0 0.3253776 0.6084659 0.2021959 0.2021959
0 0.3272159 0.7316276 0.1470488 0.1470488
0 0.3308924 0.5790541 0.1470488 0.1470488
0 0.3308924 0.6838335 0.1102841 0.1102841
0 0.3327306 0.2794218 0.1102841 0.1102841
0 0.3455982 0.4926571 0.1470488 0.1470488
0 0.3455982 0.7500100 0.1102841 0.1102841
0 0.3492747 0.5974365 0.1102841 0.1102841
0 0.3529512 0.6360394 0.1470488 0.1470488
0 0.3639806 0.5110394 0.1102841 0.1102841
0 0.3713335 0.6544218 0.1102841 0.1102841
