0 0.0386129 0.0000100 0.2757253 0.2720488
0 0.0753776 0.0330982 0.2021959 0.2021959
0 0.1029512 0.0606718 0.1470488 0.1470488
0 0.4816276 0.0000100 0.2021959 0.2003576
0 0.5092012 0.0257453 0.1470488 0.1470488
0 0.5257453 0.0000100 0.2021959 0.1378576
0 0.5275835 0.0441276 0.1102841 0.1102841
0 0.5312600 0.0000100 0.2021959 0.1948429
0 0.5533188 0.0000100 0.1470488 0.1102841
0 0.5588335 0.0202306 0.1470488 0.1470488
0 0.5717012 0.0000100 0.1102841 0.0919018
0 0.5772159 0.0386129 0.1102841 0.1102841
0 0.6636129 0.1231718 0.2021959 0.2021959
0 0.6911865 0.1507453 0.1470488 0.1470488
0 0.7095688 0.1691276 0.1102841 0.1102841
