0 0.0000100 0.3364071 0.1764606 0.2021959
0 0.0000100 0.7371424 0.2058724 0.2628576
0 0.0000100 0.7739071 0.1691076 0.2021959
0 0.0000100 0.8014806 0.1415341 0.1470488
0 0.0018482 0.3639806 0.1470488 0.1470488
0 0.0202306 0.3823629 0.1102841 0.1102841
0 0.0735394 0.5110394 0.2021959 0.2021959
0 0.0827306 0.2904512 0.2021959 0.2021959
0 0.1011129 0.5386129 0.1470488 0.1470488
0 0.1103041 0.3180247 0.1470488 0.1470488
0 0.1194953 0.5569953 0.1102841 0.1102841
0 0.1231718 0.4577306 0.2021959 0.2021959
0 0.1286865 0.3364071 0.1102841 0.1102841
0 0.1470688 0.3492747 0.2021959 0.2021959
0 0.1507453 0.4853041 0.1470488 0.1470488
0 0.1599365 0.2536865 0.2021959 0.2021959
0 0.1691276 0.5036865 0.1102841 0.1102841
0 0.1746424 0.3768482 0.1470488 0.1470488
0 0.1801571 0.5606718 0.2021959 0.2021959
0 0.1875100 0.2812600 0.1470488 0.1470488
0 0.1930247 0.3952306 0.1102841 0.1102841
0 0.2058924 0.2996424 0.1102841 0.1102841
0 0.2077306 0.5882453 0.1470488 0.1470488
0 0.2205982 0.3235394 0.2021959 0.2021959
0 0.2261129 0.6066276 0.1102841 0.1102841
0 0.2463335 0.3805247 0.2021959 0.2021959
0 0.2481718 0.3511129 0.1470488 0.1470488
0 0.2665541 0.3694953 0.1102841 0.1102841
0 0.2739071 0.4080982 0.1470488 0.1470488
0 0.2922894 0.4264806 0.1102841 0.1102841
0 0.2996424 0.1599365 0.2021959 0.2021959
0 0.3272159 0.1875100 0.1470488 0.1470488
0 0.3455982 0.2058924 0.1102841 0.1102841
0 0.4816276 0.3235394 0.2021959 0.2021959
0 0.5092012 0.3511129 0.1470488 0.1470488
0 0.5275835 0.3694953 0.1102841 0.1102841
