0 0.2739071 0.8014806 0.2021959 0.1985194
0 0.3014806 0.8290541 0.1470488 0.1470488
0 0.3198629 0.8474365 0.1102841 0.1102841
0 0.3676571 0.2628776 0.2021959 0.2021959
0 0.3952306 0.2904512 0.1470488 0.1470488
0 0.4136129 0.3088335 0.1102841 0.1102841
0 0.7003776 0.8437600 0.2021959 0.1562400
0 0.7114071 0.8400835 0.2021959 0.1599165
0 0.7279512 0.8713335 0.1470488 0.1286665
0 0.7389806 0.8676571 0.1470488 0.1323429
0 0.7463335 0.8897159 0.1102841 0.1102841
0 0.7555247 0.3492747 0.2021959 0.2021959
0 0.7573629 0.8860394 0.1102841 0.1102841
0 0.7830982 0.3768482 0.1470488 0.1470488
0 0.8014806 0.3952306 0.1102841 0.1102841
0 0.8143482 0.7592012 0.1856518 0.2407988
0 0.8511129 0.7959659 0.1488871 0.2021959
0 0.8786865 0.8235394 0.1213135 0.1470488
