0 0.0275835 0.4393482 0.2021959 0.2021959
0 0.0514806 0.6856718 0.2021959 0.2021959
0 0.0551571 0.4669218 0.1470488 0.1470488
0 0.0735394 0.4853041 0.1102841 0.1102841
0 0.0790541 0.7132453 0.1470488 0.1470488
0 0.0974365 0.7316276 0.1102841 0.1102841
0 0.1176571 0.5183924 0.2021959 0.2021959
0 0.1452306 0.5459659 0.1470488 0.1470488
0 0.1636129 0.5643482 0.1102841 0.1102841
0 0.2978041 0.0092012 0.2021959 0.2021959
0 0.3253776 0.0367747 0.1470488 0.1470488
0 0.3437600 0.0551571 0.1102841 0.1102841
