0 0.0000100 0.1544218 0.2591812 0.2757253
0 0.0000100 0.6783188 0.1948429 0.2757253
0 0.0000100 0.7150835 0.1580782 0.2021959
0 0.0000100 0.7426571 0.1305047 0.1470488
0 0.0202306 0.1911865 0.2021959 0.2021959
0 0.0478041 0.2187600 0.1470488 0.1470488
0 0.1967012 0.6047894 0.2757253 0.2757253
0 0.2334659 0.6415541 0.2021959 0.2021959
0 0.2610394 0.6691276 0.1470488 0.1470488
0 0.7610394 0.8235394 0.2389606 0.1764606
0 0.7978041 0.8603041 0.2021959 0.1396959
0 0.8014806 0.1323629 0.1985194 0.2757253
0 0.8253776 0.8878776 0.1470488 0.1121224
0 0.8272159 0.0000100 0.1727841 0.1874900
0 0.8382453 0.1691276 0.1617547 0.2021959
0 0.8547894 0.0128776 0.1452106 0.1470488
0 0.8658188 0.1967012 0.1341812 0.1470488
0 0.8731718 0.0312600 0.1102841 0.1102841
