0 0.1231718 0.6066276 0.2757253 0.2757253
0 0.1599365 0.6433924 0.2021959 0.2021959
0 0.1875100 0.6709659 0.1470488 0.1470488
0 0.3786865 0.0000100 0.2021959 0.1985194
0 0.4062600 0.0239071 0.1470488 0.1470488
0 0.4246424 0.0422894 0.1102841 0.1102841
0 0.4761129 0.2592012 0.2021959 0.2021959
0 0.5036865 0.2867747 0.1470488 0.1470488
0 0.5073629 0.3713335 0.2021959 0.2021959
0 0.5220688 0.3051571 0.1102841 0.1102841
0 0.5349365 0.3989071 0.1470488 0.1470488
0 0.5533188 0.4172894 0.1102841 0.1102841
0 0.5900835 0.0000100 0.2021959 0.1121224
0 0.6176571 0.0000100 0.1470488 0.0845488
0 0.6360394 0.0000100 0.1102841 0.0661665
0 0.6378776 0.2481718 0.2021959 0.2021959
0 0.6654512 0.2757453 0.1470488 0.1470488
0 0.6838335 0.2941276 0.1102841 0.1102841
0 0.6911865 0.4172894 0.2021959 0.2021959
0 0.7187600 0.4448629 0.1470488 0.1470488
0 0.7297894 0.0808924 0.2021959 0.2021959
0 0.7371424 0.4632453 0.1102841 0.1102841
0 0.7573629 0.1084659 0.1470488 0.1470488
0 0.7757453 0.1268482 0.1102841 0.1102841
0 0.7867747 0.3051571 0.2021959 0.2021959
0 0.8143482 0.3327306 0.1470488 0.1470488
0 0.8327306 0.3511129 0.1102841 0.1102841
