0 0.3106718 0.6709659 0.2757253 0.2757253
0 0.3474365 0.7077306 0.2021959 0.2021959
0 0.3750100 0.7353041 0.1470488 0.1470488
0 0.6029512 0.7297894 0.2021959 0.2021959
0 0.6305247 0.7573629 0.1470488 0.1470488
0 0.6489071 0.7757453 0.1102841 0.1102841
0 0.6985394 0.0496424 0.2021959 0.2021959
0 0.7261129 0.0772159 0.1470488 0.1470488
0 0.7444953 0.0955982 0.1102841 0.1102841
0 0.7463335 0.7702306 0.2021959 0.2021959
0 0.7628776 0.5055247 0.2021959 0.2021959
0 0.7739071 0.7978041 0.1470488 0.1470488
0 0.7904512 0.5330982 0.1470488 0.1470488
0 0.7922894 0.8161865 0.1102841 0.1102841
0 0.8014806 0.5992747 0.1985194 0.2021959
0 0.8088335 0.5514806 0.1102841 0.1102841
0 0.8290541 0.6268482 0.1470488 0.1470488
0 0.8474365 0.6452306 0.1102841 0.1102841
0 0.8823629 0.5349365 0.1176371 0.2021959
0 0.8842012 0.3253776 0.1157988 0.2021959
0 0.8970688 0.1525835 0.1029312 0.2021959
0 0.9099365 0.5625100 0.0900635 0.1470488
0 0.9117747 0.3529512 0.0882253 0.1470488
0 0.9246424 0.1801571 0.0753576 0.1470488
0 0.9283188 0.5808924 0.0716812 0.1102841
0 0.9301571 0.3713335 0.0698429 0.1102841
0 0.9430247 0.1985394 0.0569753 0.1102841
