0 0.3161865 0.3327306 0.2021959 0.2021959
0 0.3437600 0.3603041 0.1470488 0.1470488
0 0.3621424 0.3786865 0.1102841 0.1102841
0 0.3731718 0.7132453 0.2021959 0.2021959
0 0.4007453 0.7408188 0.1470488 0.1470488
0 0.4191276 0.7592012 0.1102841 0.1102841
0 0.4503776 0.1764806 0.2021959 0.2021959
0 0.4687600 0.3290541 0.2021959 0.2021959
0 0.4705982 0.4853041 0.2021959 0.2021959
0 0.4779512 0.2040541 0.1470488 0.1470488
0 0.4816276 0.8400835 0.2021959 0.1599165
0 0.4963335 0.2224365 0.1102841 0.1102841
0 0.4963335 0.3566276 0.1470488 0.1470488
0 0.4981718 0.5128776 0.1470488 0.1470488
0 0.4981718 0.8069953 0.2021959 0.1930047
0 0.5092012 0.8676571 0.1470488 0.1323429
0 0.5147159 0.3750100 0.1102841 0.1102841
0 0.5165541 0.5312600 0.1102841 0.1102841
0 0.5257453 0.8345688 0.1470488 0.1470488
0 0.5275835 0.8860394 0.1102841 0.1102841
0 0.5441276 0.8529512 0.1102841 0.1102841
0 0.5551571 0.2169218 0.2021959 0.2021959
0 0.5827306 0.2444953 0.1470488 0.1470488
0 0.5974365 0.7297894 0.2021959 0.2021959
0 0.6011129 0.2628776 0.1102841 0.1102841
0 0.6213335 0.4669218 0.2021959 0.2021959
0 0.6250100 0.7573629 0.1470488 0.1470488
0 0.6433924 0.7757453 0.1102841 0.1102841
0 0.6489071 0.4944953 0.1470488 0.1470488
0 0.6672894 0.5128776 0.1102841 0.1102841
0 0.7353041 0.2720688 0.2021959 0.2021959
0 0.7628776 0.2996424 0.1470488 0.1470488
0 0.7812600 0.3180247 0.1102841 0.1102841
