0 0.0000100 0.5239071 0.1488871 0.2021959
0 0.0000100 0.5514806 0.1213135 0.1470488
0 0.0000100 0.5698629 0.1029312 0.1102841
0 0.0735394 0.6139806 0.2021959 0.2021959
0 0.1011129 0.6415541 0.1470488 0.1470488
0 0.1194953 0.6599365 0.1102841 0.1102841
0 0.1323629 0.5478041 0.2021959 0.2021959
0 0.1599365 0.5753776 0.1470488 0.1470488
0 0.1783188 0.5937600 0.1102841 0.1102841
0 0.2922894 0.6176571 0.2021959 0.2021959
0 0.3198629 0.6452306 0.1470488 0.1470488
0 0.3382453 0.6636129 0.1102841 0.1102841
0 0.3933924 0.6305247 0.2021959 0.2021959
0 0.4209659 0.6580982 0.1470488 0.1470488
0 0.4393482 0.6764806 0.1102841 0.1102841
