0 0.5459659 0.7941276 0.2021959 0.2021959
0 0.5735394 0.7353041 0.2021959 0.2021959
0 0.5735394 0.8217012 0.1470488 0.1470488
0 0.5753776 0.8474365 0.2021959 0.1525635
0 0.5864071 0.7481718 0.2021959 0.2021959
0 0.5919218 0.8400835 0.1102841 0.1102841
0 0.5955982 0.7757453 0.2021959 0.2021959
0 0.5974365 0.7959659 0.2021959 0.2021959
0 0.6011129 0.7628776 0.1470488 0.1470488
0 0.6029512 0.8750100 0.1470488 0.1249900
0 0.6139806 0.7757453 0.1470488 0.1470488
0 0.6194953 0.7812600 0.1102841 0.1102841
0 0.6213335 0.8933924 0.1102841 0.1066076
0 0.6231718 0.8033188 0.1470488 0.1470488
0 0.6250100 0.8235394 0.1470488 0.1470488
0 0.6323629 0.7941276 0.1102841 0.1102841
0 0.6415541 0.8217012 0.1102841 0.1102841
0 0.6433924 0.8419218 0.1102841 0.1102841
