0 0.6323629 0.0919218 0.2021959 0.2021959
0 0.6415541 0.3566276 0.2021959 0.2021959
0 0.6599365 0.1194953 0.1470488 0.1470488
0 0.6691276 0.3842012 0.1470488 0.1470488
0 0.6783188 0.1378776 0.1102841 0.1102841
0 0.6783188 0.5827306 0.2021959 0.2021959
0 0.6875100 0.4025835 0.1102841 0.1102841
0 0.7058924 0.6103041 0.1470488 0.1470488
0 0.7077306 0.5275835 0.2021959 0.2021959
0 0.7242747 0.6286865 0.1102841 0.1102841
0 0.7353041 0.5551571 0.1470488 0.1470488
0 0.7536865 0.5735394 0.1102841 0.1102841
0 0.8235394 0.8235394 0.1764606 0.1764606
0 0.8272159 0.3621424 0.1727841 0.2021959
0 0.8364071 0.4724365 0.1635929 0.2021959
0 0.8511129 0.8511129 0.1470488 0.1470488
0 0.8547894 0.3897159 0.1452106 0.1470488
0 0.8639806 0.5000100 0.1360194 0.1470488
0 0.8694953 0.8694953 0.1102841 0.1102841
0 0.8731718 0.4080982 0.1102841 0.1102841
0 0.8823629 0.5183924 0.1102841 0.1102841
