0 0.0000100 0.1746424 0.1580782 0.2021959
0 0.0000100 0.2022159 0.1305047 0.1470488
0 0.0000100 0.2739071 0.1985194 0.2021959
0 0.0000100 0.3474365 0.1470488 0.2021959
0 0.0000100 0.3750100 0.1194753 0.1470488
0 0.0000100 0.3933924 0.1010929 0.1102841
0 0.0018482 0.2205982 0.1102841 0.1102841
0 0.0239071 0.3014806 0.1470488 0.1470488
0 0.0422894 0.3198629 0.1102841 0.1102841
0 0.1856718 0.1433924 0.2021959 0.2021959
0 0.2132453 0.1709659 0.1470488 0.1470488
0 0.2316276 0.1893482 0.1102841 0.1102841
0 0.2389806 0.1452306 0.2021959 0.2021959
0 0.2665541 0.1728041 0.1470488 0.1470488
0 0.2683924 0.1580982 0.2021959 0.2021959
0 0.2775835 0.1139806 0.2021959 0.2021959
0 0.2849365 0.1911865 0.1102841 0.1102841
0 0.2959659 0.1856718 0.1470488 0.1470488
0 0.3051571 0.1415541 0.1470488 0.1470488
0 0.3143482 0.2040541 0.1102841 0.1102841
0 0.3235394 0.1599365 0.1102841 0.1102841
