0 0.0000100 0.0294218 0.1452106 0.2021959
0 0.0000100 0.0569953 0.1176371 0.1470488
0 0.0000100 0.0753776 0.0992547 0.1102841
0 0.0239071 0.0000100 0.2021959 0.1617547
0 0.0514806 0.0000100 0.1470488 0.1341812
0 0.0698629 0.0055247 0.1102841 0.1102841
0 0.1286865 0.0000100 0.2021959 0.1286665
0 0.1562600 0.0000100 0.1470488 0.1010929
0 0.1746424 0.0000100 0.1102841 0.0827106
0 0.4779512 0.0330982 0.2021959 0.2021959
0 0.5055247 0.0606718 0.1470488 0.1470488
0 0.5239071 0.0790541 0.1102841 0.1102841
0 0.5257453 0.0000100 0.2021959 0.1727841
0 0.5533188 0.0000100 0.1470488 0.1452106
0 0.5717012 0.0165541 0.1102841 0.1102841
0 0.6103041 0.3308924 0.2021959 0.2021959
0 0.6378776 0.3584659 0.1470488 0.1470488
0 0.6562600 0.3768482 0.1102841 0.1102841
0 0.7003776 0.0000100 0.2021959 0.1819753
0 0.7279512 0.0073629 0.1470488 0.1470488
0 0.7463335 0.0257453 0.1102841 0.1102841
0 0.8345688 0.2077306 0.1654312 0.2021959
0 0.8621424 0.2353041 0.1378576 0.1470488
0 0.8805247 0.2536865 0.1102841 0.1102841
