0 0.0000100 0.0000100 0.0496224 0.0919018
0 0.0000100 0.0220688 0.0882253 0.0919018
0 0.0000100 0.0459659 0.0569753 0.0919018
0 0.0000100 0.7536865 0.0624900 0.0919018
0 0.0000100 0.9099365 0.0606518 0.0900635
0 0.0018482 0.5827306 0.0919018 0.0919018
0 0.0055247 0.6985394 0.0919018 0.0919018
0 0.0202306 0.0000100 0.0919018 0.0661665
0 0.0312600 0.3639806 0.0919018 0.0919018
0 0.0330982 0.7444953 0.0919018 0.0919018
0 0.0569953 0.6323629 0.0919018 0.0919018
0 0.0606718 0.2426571 0.0919018 0.0919018
0 0.0625100 0.5147159 0.0919018 0.0919018
0 0.0625100 0.7830982 0.0919018 0.0919018
0 0.0698629 0.4319953 0.0919018 0.0919018
0 0.0735394 0.0220688 0.0919018 0.0919018
0 0.0735394 0.8621424 0.0919018 0.0919018
0 0.0845688 0.1250100 0.0919018 0.0919018
0 0.0919218 0.7058924 0.0919018 0.0919018
0 0.0937600 0.3713335 0.0919018 0.0919018
0 0.0937600 0.4136129 0.0919018 0.0919018
0 0.1066276 0.2536865 0.0919018 0.0919018
0 0.1103041 0.5092012 0.0919018 0.0919018
0 0.1139806 0.5753776 0.0919018 0.0919018
0 0.1250100 0.2959659 0.0919018 0.0919018
0 0.1250100 0.6746424 0.0919018 0.0919018
0 0.1286865 0.7077306 0.0919018 0.0919018
0 0.1305247 0.4503776 0.0919018 0.0919018
0 0.1342012 0.3768482 0.0919018 0.0919018
0 0.1415541 0.2095688 0.0919018 0.0919018
0 0.1415541 0.8106718 0.0919018 0.0919018
0 0.1433924 0.4889806 0.0919018 0.0919018
0 0.1452306 0.7628776 0.0919018 0.0919018
0 0.1507453 0.0055247 0.0919018 0.0919018
0 0.1507453 0.1360394 0.0919018 0.0919018
0 0.1580982 0.2683924 0.0919018 0.0919018
0 0.1672894 0.6011129 0.0919018 0.0919018
0 0.1801571 0.8125100 0.0919018 0.0919018
0 0.1875100 0.1433924 0.0919018 0.0919018
0 0.1911865 0.0000100 0.1470488 0.1194753
0 0.1930247 0.9154512 0.0919018 0.0845488
0 0.1967012 0.4963335 0.0919018 0.0919018
0 0.2022159 0.0845688 0.0919018 0.0919018
0 0.2040541 0.0294218 0.0919018 0.0919018
0 0.2040541 0.2702306 0.0919018 0.0919018
0 0.2169218 0.1139806 0.0919018 0.0919018
0 0.2279512 0.8731718 0.0919018 0.0919018
0 0.2408188 0.1654512 0.0919018 0.0919018
0 0.2444953 0.2095688 0.0919018 0.0919018
0 0.2518482 0.2536865 0.0919018 0.0919018
0 0.2555247 0.4761129 0.0919018 0.0919018
0 0.2628776 0.0165541 0.0919018 0.0919018
0 0.2628776 0.5349365 0.0919018 0.0919018
0 0.2720688 0.0000100 0.0919018 0.0698429
0 0.2757453 0.1213335 0.0919018 0.0919018
0 0.2830982 0.6047894 0.0919018 0.0919018
0 0.2886129 0.3125100 0.0919018 0.0919018
0 0.2941276 0.7242747 0.0919018 0.0919018
0 0.3033188 0.1433924 0.0919018 0.0919018
0 0.3143482 0.8915541 0.0919018 0.0919018
0 0.3235394 0.0000100 0.0919018 0.0477841
0 0.3235394 0.5349365 0.0919018 0.0919018
0 0.3308924 0.1948629 0.0919018 0.0919018
0 0.3584659 0.7720688 0.0919018 0.0919018
0 0.3768482 0.1948629 0.0919018 0.0919018
0 0.3805247 0.2702306 0.0919018 0.0919018
0 0.3897159 0.8933924 0.0919018 0.0919018
0 0.3933924 0.8345688 0.0919018 0.0919018
0 0.4007453 0.7242747 0.0919018 0.0919018
0 0.4283188 0.8198629 0.0919018 0.0919018
0 0.4797894 0.8382453 0.0919018 0.0919018
