0 0.2555247 0.7941276 0.1470488 0.1470488
0 0.3989071 0.7683924 0.0919018 0.0919018
0 0.4154512 0.5606718 0.0919018 0.0919018
0 0.4632453 0.4283188 0.0919018 0.0919018
0 0.4650835 0.8088335 0.0919018 0.0919018
0 0.5569953 0.4411865 0.0919018 0.0919018
0 0.5772159 0.6433924 0.0919018 0.0919018
0 0.6525835 0.8842012 0.0919018 0.0919018
0 0.6654512 0.6305247 0.0919018 0.0919018
0 0.7426571 0.4264806 0.0919018 0.0919018
0 0.8161865 0.9503776 0.0919018 0.0496224
0 0.8511129 0.7114071 0.0919018 0.0919018
0 0.9319953 0.4908188 0.0680047 0.0919018
