0 0.0000100 0.3750100 0.2371224 0.2757253
0 0.0000100 0.4062600 0.2757253 0.2757253
0 0.0000100 0.4117747 0.2003576 0.2021959
0 0.0257453 0.4393482 0.1470488 0.1470488
0 0.0367747 0.4430247 0.2021959 0.2021959
0 0.0441276 0.4356718 0.2757253 0.2757253
0 0.0643482 0.4705982 0.1470488 0.1470488
0 0.0808924 0.4724365 0.2021959 0.2021959
0 0.1084659 0.5000100 0.1470488 0.1470488
0 0.1305247 0.2867747 0.2757253 0.2757253
0 0.1544218 0.0000100 0.2021959 0.1121224
0 0.1672894 0.3235394 0.2021959 0.2021959
0 0.1709659 0.5882453 0.2021959 0.2021959
0 0.1819953 0.0000100 0.1470488 0.0845488
0 0.1948629 0.3511129 0.1470488 0.1470488
0 0.1985394 0.6158188 0.1470488 0.1470488
0 0.2003776 0.0000100 0.1102841 0.0661665
0 0.2169218 0.6342012 0.1102841 0.1102841
0 0.2224365 0.0000100 0.2021959 0.1139606
0 0.2261129 0.0000100 0.2757253 0.1819753
0 0.2500100 0.0000100 0.1470488 0.0863871
0 0.2628776 0.0000100 0.2021959 0.1452106
0 0.2683924 0.0000100 0.1102841 0.0680047
0 0.2739071 0.1819953 0.2757253 0.2757253
0 0.2867747 0.0680247 0.2021959 0.2021959
0 0.2904512 0.0000100 0.1470488 0.1176371
0 0.3106718 0.2187600 0.2021959 0.2021959
0 0.3143482 0.0955982 0.1470488 0.1470488
0 0.3327306 0.1139806 0.1102841 0.1102841
0 0.3382453 0.2463335 0.1470488 0.1470488
0 0.3419218 0.7040541 0.2757253 0.2757253
0 0.3786865 0.7408188 0.2021959 0.2021959
0 0.4062600 0.7683924 0.1470488 0.1470488
