0 0.6029512 0.2978041 0.2021959 0.2021959
0 0.6305247 0.3253776 0.1470488 0.1470488
0 0.6489071 0.3437600 0.1102841 0.1102841
0 0.7849365 0.0478041 0.2021959 0.2021959
0 0.8106718 0.2426571 0.1893282 0.2757253
0 0.8125100 0.0753776 0.1470488 0.1470488
0 0.8308924 0.0937600 0.1102841 0.1102841
0 0.8474365 0.2794218 0.1525635 0.2021959
0 0.8492747 0.1636129 0.1507253 0.2021959
0 0.8750100 0.3069953 0.1249900 0.1470488
0 0.8768482 0.1911865 0.1231518 0.1470488
0 0.8952306 0.2095688 0.1047694 0.1102841
