0 0.0000100 0.0000100 0.1672694 0.1286665
0 0.0000100 0.0000100 0.1396959 0.1010929
0 0.0110394 0.0000100 0.1102841 0.0827106
0 0.0808924 0.1121424 0.2021959 0.2021959
0 0.1084659 0.0000100 0.2021959 0.1047694
0 0.1084659 0.1397159 0.1470488 0.1470488
0 0.1268482 0.1580982 0.1102841 0.1102841
0 0.1360394 0.0000100 0.1470488 0.0771959
0 0.1544218 0.0000100 0.1102841 0.0588135
0 0.7444953 0.1967012 0.2021959 0.2021959
0 0.7720688 0.2242747 0.1470488 0.1470488
0 0.7904512 0.2426571 0.1102841 0.1102841
0 0.8088335 0.0404512 0.1911665 0.2021959
0 0.8364071 0.0680247 0.1470488 0.1470488
0 0.8547894 0.0864071 0.1102841 0.1102841
0 0.8676571 0.1286865 0.1323429 0.2021959
0 0.8952306 0.1562600 0.1047694 0.1470488
0 0.9136129 0.1746424 0.0863871 0.1102841
