0 0.0165541 0.6489071 0.0919018 0.0919018
0 0.0220688 0.5900835 0.0919018 0.0919018
0 0.0275835 0.0000100 0.0919018 0.0569753
0 0.0275835 0.7187600 0.1470488 0.1470488
0 0.0478041 0.6672894 0.0919018 0.0919018
0 0.1066276 0.2389806 0.0919018 0.0919018
0 0.1158188 0.1139806 0.0919018 0.0919018
0 0.2426571 0.7775835 0.0919018 0.0919018
0 0.2536865 0.5790541 0.0919018 0.0919018
0 0.3400835 0.7279512 0.0919018 0.0919018
0 0.4338335 0.3161865 0.0919018 0.0919018
0 0.8033188 0.2518482 0.0919018 0.0919018
0 0.8106718 0.6911865 0.0919018 0.0919018
0 0.8694953 0.6838335 0.0919018 0.0919018
0 0.8805247 0.6231718 0.0919018 0.0919018
0 0.8989071 0.1011129 0.0919018 0.0919018
0 0.9025835 0.7022159 0.0919018 0.0919018
0 0.9025835 0.8327306 0.0919018 0.0919018
0 0.9393482 0.3069953 0.0606518 0.1102841
0 0.9411865 0.4981718 0.0588135 0.0919018
