0 0.0000100 0.2628776 0.0680047 0.0919018
0 0.0404512 0.1636129 0.0919018 0.0919018
0 0.0625100 0.7058924 0.0919018 0.0919018
0 0.0643482 0.2775835 0.0919018 0.0919018
0 0.1433924 0.3492747 0.0919018 0.0919018
0 0.1691276 0.7114071 0.0919018 0.0919018
0 0.1838335 0.5312600 0.0919018 0.0919018
0 0.2095688 0.2500100 0.0919018 0.0919018
0 0.3235394 0.4375100 0.0919018 0.0919018
0 0.3290541 0.4963335 0.0919018 0.0919018
0 0.3364071 0.1654512 0.0919018 0.0919018
0 0.3400835 0.6911865 0.0919018 0.0919018
0 0.3529512 0.0735394 0.0919018 0.0919018
0 0.3658188 0.2389806 0.0919018 0.0919018
0 0.3768482 0.2132453 0.0919018 0.0919018
0 0.4080982 0.7316276 0.0919018 0.0919018
0 0.6599365 0.9191276 0.1470488 0.0808724
0 0.7592012 0.0000100 0.1102841 0.0919018
