0 0.2922894 0.3842012 0.2757253 0.2757253
0 0.3125100 0.7775835 0.2021959 0.2021959
0 0.3290541 0.4209659 0.2021959 0.2021959
0 0.3400835 0.8051571 0.1470488 0.1470488
0 0.3566276 0.4485394 0.1470488 0.1470488
0 0.3584659 0.8235394 0.1102841 0.1102841
0 0.4761129 0.8952306 0.2021959 0.1047694
0 0.4944953 0.8364071 0.2021959 0.1635929
0 0.5036865 0.9228041 0.1470488 0.0771959
0 0.5220688 0.8639806 0.1470488 0.1360194
0 0.5220688 0.9411865 0.1102841 0.0588135
0 0.5404512 0.8823629 0.1102841 0.1102841
