0 0.1415541 0.3235394 0.2021959 0.2021959
0 0.1691276 0.3511129 0.1470488 0.1470488
0 0.1875100 0.3694953 0.1102841 0.1102841
0 0.2408188 0.1342012 0.2021959 0.2021959
0 0.2683924 0.1617747 0.1470488 0.1470488
0 0.2867747 0.1801571 0.1102841 0.1102841
0 0.4172894 0.2647159 0.2021959 0.2021959
0 0.4356718 0.1250100 0.2021959 0.2021959
0 0.4448629 0.2922894 0.1470488 0.1470488
0 0.4540541 0.0000100 0.2021959 0.1893282
0 0.4632453 0.1525835 0.1470488 0.1470488
0 0.4632453 0.3106718 0.1102841 0.1102841
0 0.4816276 0.0147159 0.1470488 0.1470488
0 0.4816276 0.1709659 0.1102841 0.1102841
0 0.5000100 0.0330982 0.1102841 0.1102841
0 0.7867747 0.0000100 0.2021959 0.1102841
0 0.8143482 0.0000100 0.1470488 0.0827106
0 0.8327306 0.0000100 0.1102841 0.0643282
