0 0.0827306 0.8915541 0.0919018 0.0919018
0 0.1176571 0.8786865 0.0919018 0.0919018
0 0.1985394 0.8180247 0.0919018 0.0919018
0 0.2371424 0.8878776 0.0919018 0.0919018
0 0.2536865 0.7573629 0.0919018 0.0919018
0 0.2775835 0.7297894 0.0919018 0.0919018
0 0.2904512 0.6378776 0.1470488 0.1470488
0 0.2904512 0.8161865 0.0919018 0.0919018
0 0.2959659 0.8639806 0.0919018 0.0919018
0 0.3547894 0.7665541 0.0919018 0.0919018
0 0.3603041 0.9375100 0.0919018 0.0624900
0 0.3768482 0.8161865 0.0919018 0.0919018
0 0.3970688 0.8584659 0.0919018 0.0919018
0 0.4062600 0.7003776 0.0919018 0.0919018
0 0.4430247 0.8658188 0.0919018 0.0919018
0 0.4797894 0.1746424 0.0919018 0.0919018
0 0.5294218 0.6470688 0.0919018 0.0919018
0 0.5312600 0.1764806 0.0919018 0.0919018
0 0.5330982 0.1507453 0.0919018 0.0919018
0 0.5533188 0.4154512 0.0919018 0.0919018
0 0.5680247 0.0128776 0.0919018 0.0919018
0 0.5717012 0.7334659 0.0919018 0.0919018
0 0.5772159 0.7775835 0.0919018 0.0919018
0 0.5827306 0.3125100 0.0919018 0.0919018
0 0.5955982 0.4025835 0.0919018 0.0919018
0 0.5992747 0.2702306 0.0919018 0.0919018
0 0.6103041 0.5000100 0.0919018 0.0919018
0 0.6397159 0.2150835 0.0919018 0.0919018
0 0.6525835 0.4356718 0.0919018 0.0919018
0 0.6654512 0.7169218 0.0919018 0.0919018
0 0.6672894 0.4687600 0.0919018 0.0919018
0 0.6746424 0.6231718 0.0919018 0.0919018
0 0.6819953 0.2978041 0.0919018 0.0919018
0 0.6911865 0.0533188 0.0919018 0.0919018
0 0.7169218 0.5055247 0.0919018 0.0919018
0 0.7279512 0.1066276 0.0919018 0.0919018
0 0.7573629 0.6636129 0.1470488 0.1470488
0 0.7628776 0.2536865 0.0919018 0.0919018
0 0.7794218 0.2279512 0.0919018 0.0919018
0 0.8290541 0.5073629 0.0919018 0.0919018
0 0.8474365 0.2481718 0.1470488 0.1470488
0 0.8639806 0.3823629 0.0919018 0.0919018
0 0.8658188 0.0680247 0.0919018 0.0919018
0 0.9007453 0.8511129 0.0992547 0.1470488
