0 0.1397159 0.4025835 0.0919018 0.0919018
0 0.1691276 0.1397159 0.1102841 0.1102841
0 0.1783188 0.5055247 0.0919018 0.0919018
0 0.1930247 0.5422894 0.0919018 0.0919018
0 0.3014806 0.3823629 0.0919018 0.0919018
0 0.3033188 0.8786865 0.0919018 0.0919018
0 0.3419218 0.0239071 0.0919018 0.0919018
0 0.3474365 0.0000100 0.0919018 0.0716812
0 0.3878776 0.2150835 0.0919018 0.0919018
0 0.3970688 0.2978041 0.0919018 0.0919018
0 0.4540541 0.0000100 0.0919018 0.0808724
0 0.4595688 0.3253776 0.0919018 0.0919018
0 0.5496424 0.0900835 0.0919018 0.0919018
0 0.5588335 0.8308924 0.1470488 0.1470488
0 0.5808924 0.6342012 0.1102841 0.1102841
0 0.5845688 0.2114071 0.0919018 0.0919018
0 0.6617747 0.5202306 0.0919018 0.0919018
0 0.6948629 0.4467012 0.0919018 0.0919018
0 0.7040541 0.5441276 0.0919018 0.0919018
0 0.7408188 0.6507453 0.0919018 0.0919018
0 0.7518482 0.7757453 0.1470488 0.1470488
0 0.8069953 0.2389806 0.1470488 0.1470488
0 0.8694953 0.9044218 0.0919018 0.0919018
0 0.8805247 0.6654512 0.0919018 0.0919018
0 0.9044218 0.7867747 0.0919018 0.0919018
