0 0.3143482 0.4393482 0.2021959 0.2021959
0 0.3419218 0.4669218 0.1470488 0.1470488
0 0.3603041 0.4853041 0.1102841 0.1102841
0 0.4044218 0.2224365 0.2021959 0.2021959
0 0.4283188 0.0808924 0.2021959 0.2021959
0 0.4319953 0.2500100 0.1470488 0.1470488
0 0.4503776 0.2683924 0.1102841 0.1102841
0 0.4558924 0.1084659 0.1470488 0.1470488
0 0.4705982 0.0349365 0.2021959 0.2021959
0 0.4742747 0.1268482 0.1102841 0.1102841
0 0.4779512 0.1323629 0.2021959 0.2021959
0 0.4816276 0.3364071 0.2021959 0.2021959
0 0.4981718 0.0625100 0.1470488 0.1470488
0 0.5055247 0.1599365 0.1470488 0.1470488
0 0.5092012 0.3639806 0.1470488 0.1470488
0 0.5165541 0.0808924 0.1102841 0.1102841
0 0.5239071 0.1783188 0.1102841 0.1102841
0 0.5275835 0.3823629 0.1102841 0.1102841
0 0.5349365 0.7040541 0.2021959 0.2021959
0 0.5496424 0.5661865 0.2757253 0.2757253
0 0.5514806 0.1948629 0.2021959 0.2021959
0 0.5551571 0.7647159 0.2021959 0.2021959
0 0.5606718 0.0974365 0.2021959 0.2021959
0 0.5625100 0.7316276 0.1470488 0.1470488
0 0.5625100 0.7978041 0.2021959 0.2021959
0 0.5643482 0.3217012 0.2021959 0.2021959
0 0.5772159 0.3603041 0.2021959 0.2021959
0 0.5790541 0.2224365 0.1470488 0.1470488
0 0.5808924 0.7500100 0.1102841 0.1102841
0 0.5827306 0.7922894 0.1470488 0.1470488
0 0.5864071 0.6029512 0.2021959 0.2021959
0 0.5882453 0.1250100 0.1470488 0.1470488
0 0.5900835 0.8253776 0.1470488 0.1470488
0 0.5919218 0.3492747 0.1470488 0.1470488
0 0.5974365 0.2408188 0.1102841 0.1102841
0 0.6011129 0.8106718 0.1102841 0.1102841
0 0.6047894 0.3878776 0.1470488 0.1470488
0 0.6066276 0.1433924 0.1102841 0.1102841
0 0.6084659 0.8437600 0.1102841 0.1102841
0 0.6103041 0.3676571 0.1102841 0.1102841
0 0.6139806 0.6305247 0.1470488 0.1470488
0 0.6231718 0.4062600 0.1102841 0.1102841
0 0.6268482 0.4724365 0.2021959 0.2021959
0 0.6360394 0.6728041 0.2021959 0.2021959
0 0.6452306 0.2775835 0.2021959 0.2021959
0 0.6489071 0.0000100 0.2021959 0.2003576
0 0.6544218 0.5000100 0.1470488 0.1470488
0 0.6636129 0.7003776 0.1470488 0.1470488
0 0.6728041 0.3051571 0.1470488 0.1470488
0 0.6728041 0.5183924 0.1102841 0.1102841
0 0.6746424 0.4981718 0.2021959 0.2021959
0 0.6764806 0.0257453 0.1470488 0.1470488
0 0.6819953 0.7187600 0.1102841 0.1102841
0 0.6911865 0.3235394 0.1102841 0.1102841
0 0.6948629 0.0441276 0.1102841 0.1102841
0 0.6985394 0.8253776 0.2021959 0.1746224
0 0.7022159 0.5257453 0.1470488 0.1470488
0 0.7205982 0.5441276 0.1102841 0.1102841
0 0.7261129 0.8529512 0.1470488 0.1470488
0 0.7444953 0.8713335 0.1102841 0.1102841
0 0.7463335 0.6231718 0.2021959 0.2021959
0 0.7536865 0.2555247 0.2021959 0.2021959
0 0.7683924 0.7187600 0.2021959 0.2021959
0 0.7739071 0.6507453 0.1470488 0.1470488
0 0.7775835 0.6011129 0.2021959 0.2021959
0 0.7812600 0.2536865 0.2021959 0.2021959
0 0.7812600 0.2830982 0.1470488 0.1470488
0 0.7922894 0.6691276 0.1102841 0.1102841
0 0.7959659 0.7463335 0.1470488 0.1470488
0 0.7996424 0.3014806 0.1102841 0.1102841
0 0.8051571 0.6286865 0.1470488 0.1470488
0 0.8088335 0.2592012 0.1911665 0.2021959
0 0.8088335 0.2812600 0.1470488 0.1470488
0 0.8143482 0.7647159 0.1102841 0.1102841
0 0.8235394 0.6470688 0.1102841 0.1102841
0 0.8272159 0.2996424 0.1102841 0.1102841
0 0.8364071 0.2867747 0.1470488 0.1470488
0 0.8547894 0.3051571 0.1102841 0.1102841
0 0.8750100 0.7114071 0.1249900 0.2021959
0 0.8786865 0.3253776 0.1213135 0.2021959
0 0.8805247 0.0478041 0.1194753 0.2021959
0 0.9025835 0.7389806 0.0974165 0.1470488
0 0.9062600 0.3529512 0.0937400 0.1470488
0 0.9080982 0.0753776 0.0919018 0.1470488
0 0.9209659 0.7573629 0.0790341 0.1102841
0 0.9246424 0.3713335 0.0753576 0.1102841
0 0.9264806 0.0937600 0.0735194 0.1102841
