0 0.0000100 0.6728041 0.0459459 0.0919018
0 0.0055247 0.7500100 0.0919018 0.0919018
0 0.0661865 0.4172894 0.0919018 0.0919018
0 0.0955982 0.9099365 0.0919018 0.0900635
0 0.1599365 0.7647159 0.0919018 0.0919018
0 0.1819953 0.2830982 0.1102841 0.1102841
0 0.2040541 0.4411865 0.0919018 0.0919018
0 0.2867747 0.5036865 0.1470488 0.1470488
0 0.3051571 0.8584659 0.0919018 0.0919018
0 0.3915541 0.0404512 0.0919018 0.0919018
0 0.4540541 0.8235394 0.1470488 0.1470488
0 0.4742747 0.0000100 0.0919018 0.0900635
0 0.4853041 0.0514806 0.0919018 0.0919018
0 0.6250100 0.0514806 0.0919018 0.0919018
0 0.7077306 0.0000100 0.0919018 0.0532988
0 0.7702306 0.3143482 0.0919018 0.0919018
0 0.7904512 0.4963335 0.0919018 0.0919018
0 0.8180247 0.8106718 0.0919018 0.0919018
0 0.8529512 0.3897159 0.0919018 0.0919018
0 0.8529512 0.5073629 0.0919018 0.0919018
0 0.8658188 0.2058924 0.0919018 0.0919018
0 0.8897159 0.5275835 0.0919018 0.0919018
0 0.9393482 0.0202306 0.0606518 0.0919018
0 0.9393482 0.2794218 0.0606518 0.0919018
