0 0.0000100 0.0000100 0.1396959 0.1507253
0 0.0000100 0.0000100 0.1121224 0.1635929
0 0.0000100 0.0000100 0.1121224 0.1231518
0 0.0000100 0.0000100 0.0845488 0.1360194
0 0.0000100 0.0000100 0.0937400 0.1047694
0 0.0000100 0.0073629 0.0661665 0.1102841
0 0.0000100 0.0459659 0.1746224 0.2021959
0 0.0000100 0.0735394 0.1470488 0.1470488
0 0.0000100 0.1066276 0.1544018 0.2021959
0 0.0000100 0.1342012 0.1268282 0.1470488
0 0.0000100 0.1525835 0.1084459 0.1102841
0 0.0183924 0.0919218 0.1102841 0.1102841
0 0.2022159 0.3658188 0.2021959 0.2021959
0 0.2297894 0.3933924 0.1470488 0.1470488
0 0.2481718 0.4117747 0.1102841 0.1102841
