0 0.0000100 0.4485394 0.1029312 0.2021959
0 0.0000100 0.4724365 0.1562400 0.2021959
0 0.0000100 0.4761129 0.0753576 0.1470488
0 0.0000100 0.4944953 0.0569753 0.1102841
0 0.0000100 0.5000100 0.1286665 0.1470488
0 0.0000100 0.5128776 0.1966812 0.2021959
0 0.0000100 0.5183924 0.1102841 0.1102841
0 0.0000100 0.7628776 0.1176371 0.2021959
0 0.0000100 0.7904512 0.0900635 0.1470488
0 0.0000100 0.8088335 0.0716812 0.1102841
0 0.0000100 0.8878776 0.1727841 0.1121224
0 0.0000100 0.9154512 0.1452106 0.0845488
0 0.0165541 0.9338335 0.1102841 0.0661665
0 0.0220688 0.5404512 0.1470488 0.1470488
0 0.0404512 0.5588335 0.1102841 0.1102841
0 0.0790541 0.6728041 0.2021959 0.2021959
0 0.1066276 0.7003776 0.1470488 0.1470488
0 0.1103041 0.5478041 0.2021959 0.2021959
0 0.1250100 0.7187600 0.1102841 0.1102841
0 0.1378776 0.5753776 0.1470488 0.1470488
0 0.1562600 0.5937600 0.1102841 0.1102841
0 0.1580982 0.6103041 0.2021959 0.2021959
0 0.1856718 0.6378776 0.1470488 0.1470488
0 0.2040541 0.6562600 0.1102841 0.1102841
0 0.2058924 0.6176571 0.2021959 0.2021959
0 0.2334659 0.6452306 0.1470488 0.1470488
0 0.2518482 0.6636129 0.1102841 0.1102841
