0 0.0588335 0.7022159 0.2021959 0.2021959
0 0.0864071 0.7297894 0.1470488 0.1470488
0 0.1047894 0.7481718 0.1102841 0.1102841
0 0.2040541 0.6544218 0.2021959 0.2021959
0 0.2316276 0.6819953 0.1470488 0.1470488
0 0.2500100 0.7003776 0.1102841 0.1102841
0 0.3952306 0.6985394 0.2021959 0.2021959
0 0.4117747 0.6231718 0.2021959 0.2021959
0 0.4228041 0.7261129 0.1470488 0.1470488
0 0.4393482 0.6507453 0.1470488 0.1470488
0 0.4411865 0.7444953 0.1102841 0.1102841
0 0.4577306 0.6691276 0.1102841 0.1102841
0 0.5275835 0.6617747 0.2757253 0.2757253
0 0.5643482 0.6985394 0.2021959 0.2021959
0 0.5919218 0.7261129 0.1470488 0.1470488
0 0.7316276 0.0000100 0.2021959 0.1727841
0 0.7592012 0.0000100 0.1470488 0.1452106
0 0.7775835 0.0165541 0.1102841 0.1102841
0 0.8253776 0.5606718 0.1746224 0.2757253
0 0.8621424 0.5974365 0.1378576 0.2021959
0 0.8897159 0.6250100 0.1102841 0.1470488
