0 0.0000100 0.2720688 0.1268282 0.2021959
0 0.0000100 0.2996424 0.0992547 0.1470488
0 0.0000100 0.3180247 0.0808724 0.1102841
0 0.0000100 0.3474365 0.1746224 0.2021959
0 0.0000100 0.3750100 0.1470488 0.1470488
0 0.0000100 0.5790541 0.1654312 0.2021959
0 0.0000100 0.6066276 0.1378576 0.1470488
0 0.0000100 0.6709659 0.1360194 0.2021959
0 0.0000100 0.6985394 0.1084459 0.1470488
0 0.0000100 0.7169218 0.0900635 0.1102841
0 0.0073629 0.5000100 0.2021959 0.2021959
0 0.0092012 0.6250100 0.1102841 0.1102841
0 0.0128776 0.2095688 0.2021959 0.2021959
0 0.0183924 0.3933924 0.1102841 0.1102841
0 0.0349365 0.5275835 0.1470488 0.1470488
0 0.0404512 0.2371424 0.1470488 0.1470488
0 0.0459659 0.5349365 0.2021959 0.2021959
0 0.0533188 0.5459659 0.1102841 0.1102841
0 0.0588335 0.2555247 0.1102841 0.1102841
0 0.0735394 0.3327306 0.2021959 0.2021959
0 0.0735394 0.5625100 0.1470488 0.1470488
0 0.0919218 0.5808924 0.1102841 0.1102841
0 0.1011129 0.3603041 0.1470488 0.1470488
0 0.1194953 0.3786865 0.1102841 0.1102841
0 0.1250100 0.4724365 0.2757253 0.2757253
0 0.1617747 0.5092012 0.2021959 0.2021959
0 0.1893482 0.5367747 0.1470488 0.1470488
0 0.1948629 0.2610394 0.2757253 0.2757253
0 0.2316276 0.2978041 0.2021959 0.2021959
0 0.2592012 0.3253776 0.1470488 0.1470488
0 0.2812600 0.6838335 0.2021959 0.2021959
0 0.3069953 0.7849365 0.2021959 0.2021959
0 0.3088335 0.7114071 0.1470488 0.1470488
0 0.3180247 0.3713335 0.2021959 0.2021959
0 0.3272159 0.7297894 0.1102841 0.1102841
0 0.3345688 0.8125100 0.1470488 0.1470488
0 0.3437600 0.6158188 0.2757253 0.2757253
0 0.3455982 0.3989071 0.1470488 0.1470488
0 0.3529512 0.8308924 0.1102841 0.1102841
0 0.3639806 0.4172894 0.1102841 0.1102841
0 0.3805247 0.6525835 0.2021959 0.2021959
0 0.4080982 0.6801571 0.1470488 0.1470488
0 0.4136129 0.5790541 0.2021959 0.2021959
0 0.4209659 0.4761129 0.2021959 0.2021959
0 0.4411865 0.6066276 0.1470488 0.1470488
0 0.4485394 0.5036865 0.1470488 0.1470488
0 0.4503776 0.7224365 0.2021959 0.2021959
0 0.4595688 0.6250100 0.1102841 0.1102841
0 0.4650835 0.8768482 0.2021959 0.1231518
0 0.4669218 0.5220688 0.1102841 0.1102841
0 0.4779512 0.6893482 0.2021959 0.2021959
0 0.4779512 0.7500100 0.1470488 0.1470488
0 0.4926571 0.9044218 0.1470488 0.0955782
0 0.4963335 0.5478041 0.2021959 0.2021959
0 0.4963335 0.7683924 0.1102841 0.1102841
0 0.5055247 0.7169218 0.1470488 0.1470488
0 0.5110394 0.9228041 0.1102841 0.0771959
0 0.5239071 0.5753776 0.1470488 0.1470488
0 0.5239071 0.7353041 0.1102841 0.1102841
0 0.5422894 0.5937600 0.1102841 0.1102841
0 0.6305247 0.7353041 0.2021959 0.2021959
0 0.6580982 0.7628776 0.1470488 0.1470488
0 0.6764806 0.7812600 0.1102841 0.1102841
0 0.7150835 0.5349365 0.2021959 0.2021959
0 0.7426571 0.5625100 0.1470488 0.1470488
0 0.7610394 0.5808924 0.1102841 0.1102841
0 0.7720688 0.3731718 0.2021959 0.2021959
0 0.7996424 0.4007453 0.1470488 0.1470488
0 0.8180247 0.4191276 0.1102841 0.1102841
0 0.8474365 0.4485394 0.1525635 0.2021959
0 0.8474365 0.6231718 0.1525635 0.2021959
0 0.8676571 0.7297894 0.1323429 0.2021959
0 0.8750100 0.4761129 0.1249900 0.1470488
0 0.8750100 0.6507453 0.1249900 0.1470488
0 0.8933924 0.4944953 0.1066076 0.1102841
0 0.8933924 0.6691276 0.1066076 0.1102841
0 0.8952306 0.7573629 0.1047694 0.1470488
0 0.9136129 0.7757453 0.0863871 0.1102841
