0 0.5441276 0.4540541 0.2021959 0.2021959
0 0.5717012 0.4816276 0.1470488 0.1470488
0 0.5827306 0.4540541 0.2021959 0.2021959
0 0.5900835 0.5000100 0.1102841 0.1102841
0 0.6103041 0.4816276 0.1470488 0.1470488
0 0.6286865 0.5000100 0.1102841 0.1102841
0 0.6691276 0.4338335 0.2021959 0.2021959
0 0.6967012 0.4614071 0.1470488 0.1470488
0 0.7150835 0.4797894 0.1102841 0.1102841
0 0.7224365 0.4172894 0.2021959 0.2021959
0 0.7500100 0.4448629 0.1470488 0.1470488
0 0.7683924 0.4632453 0.1102841 0.1102841
0 0.8180247 0.4191276 0.1819753 0.2021959
0 0.8455982 0.4467012 0.1470488 0.1470488
0 0.8639806 0.4650835 0.1102841 0.1102841
0 0.8878776 0.3603041 0.1121224 0.2021959
0 0.8897159 0.3897159 0.1102841 0.2021959
0 0.9154512 0.3878776 0.0845488 0.1470488
0 0.9172894 0.4172894 0.0827106 0.1470488
0 0.9338335 0.4062600 0.0661665 0.1102841
0 0.9356718 0.4356718 0.0643282 0.1102841
