0 0.0000100 0.3989071 0.1617547 0.2021959
0 0.0000100 0.4264806 0.1341812 0.1470488
0 0.0055247 0.4448629 0.1102841 0.1102841
0 0.0294218 0.3933924 0.2021959 0.2021959
0 0.0569953 0.4209659 0.1470488 0.1470488
0 0.0753776 0.4393482 0.1102841 0.1102841
0 0.1029512 0.0919218 0.2021959 0.2021959
0 0.1305247 0.1194953 0.1470488 0.1470488
0 0.1489071 0.1378776 0.1102841 0.1102841
0 0.6378776 0.8106718 0.2021959 0.1893282
0 0.6654512 0.8382453 0.1470488 0.1470488
0 0.6838335 0.8566276 0.1102841 0.1102841
