0 0.5441276 0.0845688 0.2757253 0.2757253
0 0.5808924 0.1213335 0.2021959 0.2021959
0 0.6084659 0.1489071 0.1470488 0.1470488
0 0.6103041 0.4908188 0.2021959 0.2021959
0 0.6378776 0.5183924 0.1470488 0.1470488
0 0.6562600 0.5367747 0.1102841 0.1102841
0 0.6856718 0.1617747 0.2021959 0.2021959
0 0.6948629 0.0441276 0.2021959 0.2021959
0 0.6985394 0.2224365 0.2021959 0.2021959
0 0.7132453 0.1893482 0.1470488 0.1470488
0 0.7224365 0.0717012 0.1470488 0.1470488
0 0.7224365 0.0919218 0.2021959 0.2021959
0 0.7261129 0.2500100 0.1470488 0.1470488
0 0.7279512 0.0239071 0.2021959 0.2021959
0 0.7316276 0.2077306 0.1102841 0.1102841
0 0.7408188 0.0900835 0.1102841 0.1102841
0 0.7426571 0.1305247 0.2021959 0.2021959
0 0.7444953 0.2683924 0.1102841 0.1102841
0 0.7500100 0.1194953 0.1470488 0.1470488
0 0.7555247 0.0514806 0.1470488 0.1470488
0 0.7573629 0.3547894 0.2021959 0.2021959
0 0.7683924 0.1378776 0.1102841 0.1102841
0 0.7702306 0.1580982 0.1470488 0.1470488
0 0.7739071 0.0698629 0.1102841 0.1102841
0 0.7757453 0.4099365 0.2021959 0.2021959
0 0.7849365 0.3823629 0.1470488 0.1470488
0 0.7886129 0.1764806 0.1102841 0.1102841
0 0.7886129 0.2389806 0.2021959 0.2021959
0 0.7904512 0.3823629 0.2021959 0.2021959
0 0.7996424 0.8750100 0.2003576 0.1249900
0 0.8033188 0.4007453 0.1102841 0.1102841
0 0.8033188 0.4375100 0.1470488 0.1470488
0 0.8161865 0.2665541 0.1470488 0.1470488
0 0.8180247 0.4099365 0.1470488 0.1470488
0 0.8217012 0.4558924 0.1102841 0.1102841
0 0.8235394 0.1139806 0.1764606 0.2021959
0 0.8272159 0.9025835 0.1470488 0.0974165
0 0.8345688 0.2849365 0.1102841 0.1102841
0 0.8364071 0.4283188 0.1102841 0.1102841
0 0.8455982 0.9209659 0.1102841 0.0790341
0 0.8511129 0.1415541 0.1470488 0.1470488
0 0.8694953 0.1599365 0.1102841 0.1102841
0 0.8897159 0.2536865 0.1102841 0.2021959
0 0.9172894 0.2812600 0.0827106 0.1470488
0 0.9356718 0.2996424 0.0643282 0.1102841
