0 0.1489071 0.6176571 0.0919018 0.0919018
0 0.2592012 0.4062600 0.1470488 0.1470488
0 0.3327306 0.8731718 0.0919018 0.0919018
0 0.3731718 0.6967012 0.0919018 0.0919018
0 0.4080982 0.6838335 0.0919018 0.0919018
0 0.4172894 0.4779512 0.0919018 0.0919018
0 0.4283188 0.5625100 0.0919018 0.0919018
0 0.4669218 0.5882453 0.0919018 0.0919018
0 0.4926571 0.5165541 0.0919018 0.0919018
0 0.5275835 0.4669218 0.0919018 0.0919018
0 0.5478041 0.7959659 0.0919018 0.0919018
0 0.5514806 0.9338335 0.0919018 0.0661665
0 0.5937600 0.3566276 0.0919018 0.0919018
0 0.6047894 0.4356718 0.0919018 0.0919018
0 0.6047894 0.6911865 0.0919018 0.0919018
0 0.6213335 0.6029512 0.0919018 0.0919018
0 0.6397159 0.4099365 0.0919018 0.0919018
0 0.6599365 0.2463335 0.1470488 0.1470488
0 0.7279512 0.6286865 0.0919018 0.0919018
0 0.7610394 0.5753776 0.0919018 0.0919018
0 0.7665541 0.4834659 0.0919018 0.0919018
0 0.7886129 0.8382453 0.0919018 0.0919018
0 0.8161865 0.6250100 0.0919018 0.0919018
0 0.8272159 0.3125100 0.0919018 0.0919018
0 0.8823629 0.3437600 0.0919018 0.0919018
0 0.9099365 0.2536865 0.0900635 0.0919018
0 0.9264806 0.8511129 0.0735194 0.0919018
0 0.9411865 0.7444953 0.0588135 0.0919018
