0 0.0000100 0.2867747 0.1709459 0.2021959
0 0.0000100 0.3143482 0.1433724 0.1470488
0 0.0000100 0.3603041 0.1066076 0.2021959
0 0.0000100 0.3878776 0.0790341 0.1470488
0 0.0000100 0.4062600 0.0606518 0.1102841
0 0.0000100 0.5073629 0.1525635 0.2021959
0 0.0000100 0.5349365 0.1249900 0.1470488
0 0.0000100 0.5533188 0.1066076 0.1102841
0 0.0000100 0.6415541 0.1617547 0.2021959
0 0.0000100 0.6691276 0.1341812 0.1470488
0 0.0000100 0.6967012 0.1819753 0.2021959
0 0.0000100 0.7500100 0.1562400 0.2021959
0 0.0000100 0.7775835 0.1286665 0.1470488
0 0.0000100 0.7959659 0.1102841 0.1102841
0 0.0000100 0.8786865 0.1010929 0.1213135
0 0.0000100 0.9062600 0.0735194 0.0937400
0 0.0000100 0.9246424 0.0551371 0.0753576
0 0.0055247 0.1930247 0.2021959 0.2021959
0 0.0055247 0.6875100 0.1102841 0.1102841
0 0.0073629 0.7242747 0.1470488 0.1470488
0 0.0092012 0.5606718 0.2757253 0.2757253
0 0.0147159 0.3327306 0.1102841 0.1102841
0 0.0257453 0.7426571 0.1102841 0.1102841
0 0.0330982 0.2205982 0.1470488 0.1470488
0 0.0441276 0.1084659 0.2021959 0.2021959
0 0.0459659 0.5974365 0.2021959 0.2021959
0 0.0478041 0.7647159 0.2021959 0.2021959
0 0.0514806 0.2389806 0.1102841 0.1102841
0 0.0717012 0.1360394 0.1470488 0.1470488
0 0.0735394 0.6250100 0.1470488 0.1470488
0 0.0753776 0.7922894 0.1470488 0.1470488
0 0.0790541 0.4393482 0.2021959 0.2021959
0 0.0864071 0.2978041 0.2021959 0.2021959
0 0.0900835 0.1544218 0.1102841 0.1102841
0 0.0937600 0.8106718 0.1102841 0.1102841
0 0.1066276 0.4669218 0.1470488 0.1470488
0 0.1139806 0.3253776 0.1470488 0.1470488
0 0.1250100 0.4853041 0.1102841 0.1102841
0 0.1323629 0.3437600 0.1102841 0.1102841
0 0.1360394 0.5625100 0.2021959 0.2021959
0 0.1489071 0.3694953 0.2021959 0.2021959
0 0.1636129 0.5900835 0.1470488 0.1470488
0 0.1764806 0.3970688 0.1470488 0.1470488
0 0.1801571 0.6599365 0.2021959 0.2021959
0 0.1819953 0.6084659 0.1102841 0.1102841
0 0.1838335 0.1029512 0.2021959 0.2021959
0 0.1948629 0.4154512 0.1102841 0.1102841
0 0.2003776 0.0239071 0.2021959 0.2021959
0 0.2077306 0.6875100 0.1470488 0.1470488
0 0.2114071 0.1305247 0.1470488 0.1470488
0 0.2261129 0.2886129 0.2021959 0.2021959
0 0.2261129 0.7058924 0.1102841 0.1102841
0 0.2279512 0.0514806 0.1470488 0.1470488
0 0.2297894 0.1489071 0.1102841 0.1102841
0 0.2353041 0.4485394 0.2021959 0.2021959
0 0.2463335 0.0698629 0.1102841 0.1102841
0 0.2536865 0.3161865 0.1470488 0.1470488
0 0.2592012 0.5478041 0.2021959 0.2021959
0 0.2628776 0.4761129 0.1470488 0.1470488
0 0.2720688 0.3345688 0.1102841 0.1102841
0 0.2812600 0.4944953 0.1102841 0.1102841
0 0.2867747 0.5753776 0.1470488 0.1470488
0 0.2867747 0.8235394 0.2021959 0.1764606
0 0.3051571 0.5937600 0.1102841 0.1102841
0 0.3125100 0.1636129 0.2021959 0.2021959
0 0.3143482 0.8511129 0.1470488 0.1470488
0 0.3327306 0.8694953 0.1102841 0.1102841
0 0.3400835 0.1911865 0.1470488 0.1470488
0 0.3566276 0.3860394 0.2021959 0.2021959
0 0.3584659 0.2095688 0.1102841 0.1102841
0 0.3842012 0.4136129 0.1470488 0.1470488
0 0.4025835 0.4319953 0.1102841 0.1102841
0 0.4228041 0.8253776 0.2021959 0.1746224
0 0.4503776 0.8529512 0.1470488 0.1470488
0 0.4632453 0.2610394 0.2021959 0.2021959
0 0.4687600 0.8713335 0.1102841 0.1102841
0 0.4816276 0.0753776 0.2021959 0.2021959
0 0.4908188 0.2886129 0.1470488 0.1470488
0 0.5092012 0.1029512 0.1470488 0.1470488
0 0.5092012 0.3069953 0.1102841 0.1102841
0 0.5165541 0.7095688 0.2021959 0.2021959
0 0.5275835 0.1213335 0.1102841 0.1102841
0 0.5349365 0.0000100 0.2021959 0.1121224
0 0.5367747 0.3566276 0.2021959 0.2021959
0 0.5404512 0.1728041 0.2021959 0.2021959
0 0.5441276 0.7371424 0.1470488 0.1470488
0 0.5533188 0.8750100 0.2021959 0.1249900
0 0.5625100 0.0000100 0.1470488 0.0845488
0 0.5625100 0.7555247 0.1102841 0.1102841
0 0.5643482 0.3842012 0.1470488 0.1470488
0 0.5680247 0.2003776 0.1470488 0.1470488
0 0.5808924 0.0000100 0.1102841 0.0661665
0 0.5808924 0.9025835 0.1470488 0.0974165
0 0.5827306 0.4025835 0.1102841 0.1102841
0 0.5864071 0.2187600 0.1102841 0.1102841
0 0.5992747 0.9209659 0.1102841 0.0790341
0 0.6103041 0.2978041 0.2021959 0.2021959
0 0.6231718 0.7665541 0.2021959 0.2021959
0 0.6378776 0.3253776 0.1470488 0.1470488
0 0.6507453 0.7941276 0.1470488 0.1470488
0 0.6562600 0.3437600 0.1102841 0.1102841
0 0.6691276 0.8125100 0.1102841 0.1102841
0 0.7114071 0.1948629 0.2757253 0.2757253
0 0.7114071 0.3161865 0.2021959 0.2021959
0 0.7169218 0.1489071 0.2021959 0.2021959
0 0.7169218 0.2500100 0.2021959 0.2021959
0 0.7389806 0.3437600 0.1470488 0.1470488
0 0.7444953 0.1764806 0.1470488 0.1470488
0 0.7444953 0.2775835 0.1470488 0.1470488
0 0.7481718 0.2316276 0.2021959 0.2021959
0 0.7573629 0.3621424 0.1102841 0.1102841
0 0.7628776 0.1948629 0.1102841 0.1102841
0 0.7628776 0.2959659 0.1102841 0.1102841
0 0.7757453 0.2592012 0.1470488 0.1470488
0 0.8014806 0.1654512 0.1985194 0.2021959
0 0.8051571 0.4044218 0.1948429 0.2021959
0 0.8290541 0.1930247 0.1470488 0.1470488
0 0.8327306 0.4319953 0.1470488 0.1470488
0 0.8474365 0.2114071 0.1102841 0.1102841
0 0.8511129 0.3125100 0.1488871 0.2021959
0 0.8511129 0.4503776 0.1102841 0.1102841
0 0.8731718 0.5092012 0.1268282 0.2021959
0 0.8786865 0.3400835 0.1213135 0.1470488
0 0.8952306 0.4172894 0.1047694 0.2021959
0 0.8970688 0.3584659 0.1029312 0.1102841
0 0.9007453 0.5367747 0.0992547 0.1470488
0 0.9191276 0.5551571 0.0808724 0.1102841
0 0.9228041 0.4448629 0.0771959 0.1470488
0 0.9411865 0.4632453 0.0588135 0.1102841
