0 0.0000100 0.6580982 0.1305047 0.2021959
0 0.0000100 0.6856718 0.1029312 0.1470488
0 0.0000100 0.7040541 0.0845488 0.1102841
0 0.0772159 0.7242747 0.2021959 0.2021959
0 0.1047894 0.7518482 0.1470488 0.1470488
0 0.1231718 0.7702306 0.1102841 0.1102841
0 0.1415541 0.7904512 0.2021959 0.2021959
0 0.1691276 0.8180247 0.1470488 0.1470488
0 0.1856718 0.6433924 0.2021959 0.2021959
0 0.1875100 0.8364071 0.1102841 0.1102841
0 0.2077306 0.8345688 0.2021959 0.1654312
0 0.2132453 0.6709659 0.1470488 0.1470488
0 0.2316276 0.6893482 0.1102841 0.1102841
0 0.2353041 0.8621424 0.1470488 0.1378576
0 0.2536865 0.8805247 0.1102841 0.1102841
