0 0.2867747 0.7610394 0.2021959 0.2021959
0 0.3106718 0.7205982 0.2021959 0.2021959
0 0.3143482 0.7886129 0.1470488 0.1470488
0 0.3308924 0.8198629 0.2021959 0.1801371
0 0.3327306 0.8069953 0.1102841 0.1102841
0 0.3364071 0.8658188 0.2021959 0.1341812
0 0.3382453 0.7481718 0.1470488 0.1470488
0 0.3492747 0.7665541 0.2021959 0.2021959
0 0.3511129 0.7959659 0.2021959 0.2021959
0 0.3566276 0.7665541 0.1102841 0.1102841
0 0.3584659 0.8474365 0.1470488 0.1470488
0 0.3639806 0.8933924 0.1470488 0.1066076
0 0.3768482 0.7941276 0.1470488 0.1470488
0 0.3768482 0.8658188 0.1102841 0.1102841
0 0.3786865 0.8235394 0.1470488 0.1470488
0 0.3823629 0.9117747 0.1102841 0.0882253
0 0.3952306 0.8125100 0.1102841 0.1102841
0 0.3952306 0.8272159 0.2021959 0.1727841
0 0.3970688 0.8419218 0.1102841 0.1102841
0 0.4007453 0.6489071 0.2021959 0.2021959
0 0.4117747 0.7647159 0.2021959 0.2021959
0 0.4228041 0.8529512 0.2021959 0.1470488
0 0.4228041 0.8547894 0.1470488 0.1452106
0 0.4283188 0.6764806 0.1470488 0.1470488
0 0.4393482 0.7371424 0.2021959 0.2021959
0 0.4393482 0.7922894 0.1470488 0.1470488
0 0.4411865 0.6728041 0.2021959 0.2021959
0 0.4411865 0.8731718 0.1102841 0.1102841
0 0.4467012 0.6948629 0.1102841 0.1102841
0 0.4503776 0.8805247 0.1470488 0.1194753
0 0.4577306 0.8106718 0.1102841 0.1102841
0 0.4669218 0.7647159 0.1470488 0.1470488
0 0.4687600 0.7003776 0.1470488 0.1470488
0 0.4687600 0.8989071 0.1102841 0.1010929
0 0.4853041 0.7830982 0.1102841 0.1102841
0 0.4871424 0.7187600 0.1102841 0.1102841
0 0.4944953 0.8970688 0.2021959 0.1029312
0 0.5018482 0.8327306 0.2021959 0.1672694
0 0.5092012 0.5735394 0.2021959 0.2021959
0 0.5202306 0.8621424 0.2021959 0.1378576
0 0.5220688 0.9246424 0.1470488 0.0753576
0 0.5294218 0.8603041 0.1470488 0.1396959
0 0.5367747 0.6011129 0.1470488 0.1470488
0 0.5404512 0.9430247 0.1102841 0.0569753
0 0.5478041 0.8786865 0.1102841 0.1102841
0 0.5478041 0.8897159 0.1470488 0.1102841
0 0.5496424 0.8290541 0.2021959 0.1709459
0 0.5551571 0.6194953 0.1102841 0.1102841
0 0.5551571 0.7518482 0.2021959 0.2021959
0 0.5661865 0.9080982 0.1102841 0.0919018
0 0.5772159 0.8566276 0.1470488 0.1433724
0 0.5827306 0.7794218 0.1470488 0.1470488
0 0.5955982 0.8750100 0.1102841 0.1102841
0 0.6011129 0.7978041 0.1102841 0.1102841
0 0.6011129 0.8731718 0.2021959 0.1268282
0 0.6158188 0.6819953 0.2021959 0.2021959
0 0.6286865 0.9007453 0.1470488 0.0992547
0 0.6415541 0.6819953 0.2021959 0.2021959
0 0.6433924 0.7095688 0.1470488 0.1470488
0 0.6452306 0.5606718 0.2021959 0.2021959
0 0.6470688 0.9191276 0.1102841 0.0808724
0 0.6507453 0.8603041 0.2021959 0.1396959
0 0.6617747 0.7279512 0.1102841 0.1102841
0 0.6691276 0.6231718 0.2021959 0.2021959
0 0.6691276 0.7095688 0.1470488 0.1470488
0 0.6709659 0.7114071 0.2021959 0.2021959
0 0.6728041 0.5882453 0.1470488 0.1470488
0 0.6746424 0.8143482 0.2021959 0.1856518
0 0.6783188 0.8878776 0.1470488 0.1121224
0 0.6875100 0.7279512 0.1102841 0.1102841
0 0.6893482 0.5864071 0.2021959 0.2021959
0 0.6911865 0.5073629 0.2021959 0.2021959
0 0.6911865 0.6066276 0.1102841 0.1102841
0 0.6967012 0.6507453 0.1470488 0.1470488
0 0.6967012 0.9062600 0.1102841 0.0937400
0 0.6985394 0.7389806 0.1470488 0.1470488
0 0.7022159 0.8419218 0.1470488 0.1470488
0 0.7095688 0.7481718 0.2021959 0.2021959
0 0.7132453 0.6875100 0.2021959 0.2021959
0 0.7150835 0.6691276 0.1102841 0.1102841
0 0.7169218 0.6139806 0.1470488 0.1470488
0 0.7169218 0.7573629 0.1102841 0.1102841
0 0.7187600 0.5349365 0.1470488 0.1470488
0 0.7205982 0.8603041 0.1102841 0.1102841
0 0.7224365 0.6875100 0.2757253 0.2757253
0 0.7353041 0.6323629 0.1102841 0.1102841
0 0.7371424 0.5533188 0.1102841 0.1102841
0 0.7371424 0.7757453 0.1470488 0.1470488
0 0.7408188 0.7150835 0.1470488 0.1470488
0 0.7555247 0.7941276 0.1102841 0.1102841
0 0.7592012 0.7242747 0.2021959 0.2021959
0 0.7592012 0.7334659 0.1102841 0.1102841
0 0.7867747 0.7518482 0.1470488 0.1470488
0 0.8180247 0.2610394 0.1819753 0.2021959
0 0.8198629 0.2169218 0.1801371 0.2021959
0 0.8235394 0.2904512 0.1764606 0.2021959
0 0.8290541 0.4025835 0.1709459 0.2021959
0 0.8419218 0.3419218 0.1580782 0.2021959
0 0.8455982 0.2886129 0.1470488 0.1470488
0 0.8474365 0.2444953 0.1470488 0.1470488
0 0.8511129 0.3180247 0.1470488 0.1470488
0 0.8566276 0.4301571 0.1433724 0.1470488
0 0.8639806 0.3069953 0.1102841 0.1102841
0 0.8658188 0.2628776 0.1102841 0.1102841
0 0.8694953 0.3364071 0.1102841 0.1102841
0 0.8694953 0.3694953 0.1305047 0.1470488
0 0.8750100 0.4485394 0.1102841 0.1102841
0 0.8878776 0.3878776 0.1102841 0.1102841
