0 0.0000100 0.1544218 0.0514606 0.0919018
0 0.0000100 0.3272159 0.0514606 0.0919018
0 0.0000100 0.5551571 0.0532988 0.0919018
0 0.0000100 0.6801571 0.0569753 0.0919018
0 0.0000100 0.9044218 0.0477841 0.0919018
0 0.0036865 0.8676571 0.0919018 0.0919018
0 0.0183924 0.0588335 0.0919018 0.0919018
0 0.0275835 0.1342012 0.0919018 0.0919018
0 0.0533188 0.1103041 0.0919018 0.0919018
0 0.0827306 0.3933924 0.1102841 0.1102841
0 0.1286865 0.6342012 0.0919018 0.0919018
0 0.1415541 0.7095688 0.0919018 0.0919018
0 0.1636129 0.8676571 0.0919018 0.0919018
0 0.2389806 0.5827306 0.0919018 0.0919018
0 0.2463335 0.3106718 0.0919018 0.0919018
0 0.2481718 0.0606718 0.0919018 0.0919018
0 0.2481718 0.4228041 0.0919018 0.0919018
0 0.3106718 0.4926571 0.0919018 0.0919018
0 0.3180247 0.0000100 0.0919018 0.0680047
0 0.3547894 0.2371424 0.0919018 0.0919018
0 0.3584659 0.0735394 0.0919018 0.0919018
0 0.3584659 0.3603041 0.0919018 0.0919018
0 0.3915541 0.3290541 0.0919018 0.0919018
0 0.4099365 0.2959659 0.0919018 0.0919018
0 0.4301571 0.0864071 0.0919018 0.0919018
0 0.4448629 0.0110394 0.0919018 0.0919018
0 0.4705982 0.2132453 0.0919018 0.0919018
0 0.4853041 0.2830982 0.0919018 0.0919018
0 0.5422894 0.4705982 0.0919018 0.0919018
0 0.5496424 0.4264806 0.0919018 0.0919018
0 0.5533188 0.1452306 0.0919018 0.0919018
0 0.5533188 0.1985394 0.0919018 0.0919018
0 0.5937600 0.1047894 0.0919018 0.0919018
0 0.6397159 0.2426571 0.0919018 0.0919018
0 0.6709659 0.1764806 0.1470488 0.1470488
