0 0.4062600 0.2500100 0.2021959 0.2021959
0 0.4338335 0.2775835 0.1470488 0.1470488
0 0.4522159 0.2959659 0.1102841 0.1102841
0 0.4687600 0.8474365 0.2021959 0.1525635
0 0.4963335 0.8750100 0.1470488 0.1249900
0 0.5147159 0.8933924 0.1102841 0.1066076
0 0.5643482 0.7886129 0.2021959 0.2021959
0 0.5919218 0.8161865 0.1470488 0.1470488
0 0.6103041 0.8345688 0.1102841 0.1102841
0 0.7536865 0.8051571 0.2021959 0.1948429
0 0.7812600 0.8327306 0.1470488 0.1470488
0 0.7996424 0.8511129 0.1102841 0.1102841
0 0.8290541 0.8603041 0.1709459 0.1396959
0 0.8566276 0.8878776 0.1433724 0.1121224
0 0.8750100 0.9062600 0.1102841 0.0937400
