0 0.0000100 0.0974365 0.1691076 0.2021959
0 0.0000100 0.1250100 0.1415341 0.1470488
0 0.0000100 0.2775835 0.1396959 0.2021959
0 0.0000100 0.3051571 0.1121224 0.1470488
0 0.0000100 0.3235394 0.0937400 0.1102841
0 0.0128776 0.1433924 0.1102841 0.1102841
0 0.0551571 0.4393482 0.2021959 0.2021959
0 0.0827306 0.4669218 0.1470488 0.1470488
0 0.1011129 0.4853041 0.1102841 0.1102841
0 0.2150835 0.8217012 0.2021959 0.1782988
0 0.2426571 0.8492747 0.1470488 0.1470488
0 0.2610394 0.8676571 0.1102841 0.1102841
