0 0.0000100 0.0000100 0.2003576 0.2224165
0 0.0000100 0.0000100 0.1635929 0.1856518
0 0.0000100 0.0110394 0.1360194 0.1470488
0 0.1470688 0.0386129 0.2021959 0.2021959
0 0.1746424 0.0661865 0.1470488 0.1470488
0 0.1875100 0.1323629 0.2021959 0.2021959
0 0.1930247 0.0845688 0.1102841 0.1102841
0 0.2150835 0.1599365 0.1470488 0.1470488
0 0.2297894 0.0000100 0.2021959 0.1488871
0 0.2334659 0.1783188 0.1102841 0.1102841
0 0.2573629 0.0000100 0.1470488 0.1213135
0 0.2757453 0.0000100 0.1102841 0.1029312
0 0.3198629 0.4614071 0.2021959 0.2021959
0 0.3364071 0.3345688 0.2021959 0.2021959
0 0.3364071 0.7536865 0.2021959 0.2021959
0 0.3474365 0.4889806 0.1470488 0.1470488
0 0.3639806 0.3621424 0.1470488 0.1470488
0 0.3639806 0.7812600 0.1470488 0.1470488
0 0.3658188 0.5073629 0.1102841 0.1102841
0 0.3731718 0.2794218 0.2021959 0.2021959
0 0.3823629 0.3805247 0.1102841 0.1102841
0 0.3823629 0.7996424 0.1102841 0.1102841
0 0.4007453 0.3069953 0.1470488 0.1470488
0 0.4172894 0.3603041 0.2021959 0.2021959
0 0.4172894 0.5974365 0.2021959 0.2021959
0 0.4191276 0.3253776 0.1102841 0.1102841
0 0.4448629 0.3878776 0.1470488 0.1470488
0 0.4448629 0.6250100 0.1470488 0.1470488
0 0.4632453 0.4062600 0.1102841 0.1102841
0 0.4632453 0.6433924 0.1102841 0.1102841
0 0.6286865 0.1397159 0.2021959 0.2021959
0 0.6562600 0.1672894 0.1470488 0.1470488
0 0.6746424 0.1856718 0.1102841 0.1102841
