0 0.0000100 0.2610394 0.1249900 0.2021959
0 0.0000100 0.2886129 0.0974165 0.1470488
0 0.0000100 0.3069953 0.0790341 0.1102841
0 0.1323629 0.3308924 0.2021959 0.2021959
0 0.1415541 0.2408188 0.2021959 0.2021959
0 0.1599365 0.3584659 0.1470488 0.1470488
0 0.1691276 0.2683924 0.1470488 0.1470488
0 0.1783188 0.3768482 0.1102841 0.1102841
0 0.1856718 0.3823629 0.2021959 0.2021959
0 0.1875100 0.2867747 0.1102841 0.1102841
0 0.2132453 0.4099365 0.1470488 0.1470488
0 0.2224365 0.3842012 0.2021959 0.2021959
0 0.2316276 0.4283188 0.1102841 0.1102841
0 0.2353041 0.3088335 0.2021959 0.2021959
0 0.2481718 0.0000100 0.2021959 0.1727841
0 0.2500100 0.4117747 0.1470488 0.1470488
0 0.2518482 0.4356718 0.2021959 0.2021959
0 0.2610394 0.3474365 0.2021959 0.2021959
0 0.2628776 0.3364071 0.1470488 0.1470488
0 0.2683924 0.4301571 0.1102841 0.1102841
0 0.2757453 0.0000100 0.1470488 0.1452106
0 0.2775835 0.3731718 0.2021959 0.2021959
0 0.2794218 0.4632453 0.1470488 0.1470488
0 0.2812600 0.3547894 0.1102841 0.1102841
0 0.2886129 0.3750100 0.1470488 0.1470488
0 0.2941276 0.0165541 0.1102841 0.1102841
0 0.2978041 0.4816276 0.1102841 0.1102841
0 0.3051571 0.4007453 0.1470488 0.1470488
0 0.3069953 0.3933924 0.1102841 0.1102841
0 0.3143482 0.5294218 0.2021959 0.2021959
0 0.3161865 0.0478041 0.2021959 0.2021959
0 0.3235394 0.4191276 0.1102841 0.1102841
0 0.3419218 0.5569953 0.1470488 0.1470488
0 0.3437600 0.0753776 0.1470488 0.1470488
0 0.3529512 0.5606718 0.2021959 0.2021959
0 0.3566276 0.4099365 0.2021959 0.2021959
0 0.3603041 0.5753776 0.1102841 0.1102841
0 0.3621424 0.0937600 0.1102841 0.1102841
0 0.3658188 0.1985394 0.2021959 0.2021959
0 0.3805247 0.5882453 0.1470488 0.1470488
0 0.3842012 0.4375100 0.1470488 0.1470488
0 0.3842012 0.7095688 0.2757253 0.2757253
0 0.3933924 0.2261129 0.1470488 0.1470488
0 0.3989071 0.6066276 0.1102841 0.1102841
0 0.4025835 0.4558924 0.1102841 0.1102841
0 0.4117747 0.2444953 0.1102841 0.1102841
0 0.4209659 0.7463335 0.2021959 0.2021959
0 0.4485394 0.7739071 0.1470488 0.1470488
0 0.4632453 0.0000100 0.2021959 0.1819753
0 0.4908188 0.0073629 0.1470488 0.1470488
0 0.5092012 0.0257453 0.1102841 0.1102841
0 0.5220688 0.1544218 0.2021959 0.2021959
0 0.5294218 0.0864071 0.2021959 0.2021959
0 0.5478041 0.4356718 0.2021959 0.2021959
0 0.5496424 0.1819953 0.1470488 0.1470488
0 0.5569953 0.1139806 0.1470488 0.1470488
0 0.5680247 0.2003776 0.1102841 0.1102841
0 0.5753776 0.1323629 0.1102841 0.1102841
0 0.5753776 0.4632453 0.1470488 0.1470488
0 0.5937600 0.4816276 0.1102841 0.1102841
0 0.6047894 0.5680247 0.2021959 0.2021959
0 0.6194953 0.2132453 0.2021959 0.2021959
0 0.6231718 0.3088335 0.2021959 0.2021959
0 0.6323629 0.5955982 0.1470488 0.1470488
0 0.6470688 0.2408188 0.1470488 0.1470488
0 0.6507453 0.3364071 0.1470488 0.1470488
0 0.6507453 0.6139806 0.1102841 0.1102841
0 0.6654512 0.2592012 0.1102841 0.1102841
0 0.6691276 0.3547894 0.1102841 0.1102841
0 0.6985394 0.2426571 0.2021959 0.2021959
0 0.7095688 0.8492747 0.2021959 0.1507253
0 0.7114071 0.3272159 0.2021959 0.2021959
0 0.7187600 0.5404512 0.2021959 0.2021959
0 0.7261129 0.2702306 0.1470488 0.1470488
0 0.7371424 0.8768482 0.1470488 0.1231518
0 0.7389806 0.3547894 0.1470488 0.1470488
0 0.7444953 0.2886129 0.1102841 0.1102841
0 0.7463335 0.5680247 0.1470488 0.1470488
0 0.7555247 0.8952306 0.1102841 0.1047694
0 0.7573629 0.3731718 0.1102841 0.1102841
0 0.7647159 0.5864071 0.1102841 0.1102841
0 0.7757453 0.3860394 0.2021959 0.2021959
0 0.7996424 0.7040541 0.2003576 0.2021959
0 0.8033188 0.4136129 0.1470488 0.1470488
0 0.8217012 0.4319953 0.1102841 0.1102841
0 0.8272159 0.7316276 0.1470488 0.1470488
0 0.8455982 0.7500100 0.1102841 0.1102841
0 0.8547894 0.6544218 0.1452106 0.2021959
0 0.8603041 0.8327306 0.1396959 0.1672694
0 0.8823629 0.6819953 0.1176371 0.1470488
0 0.8878776 0.8603041 0.1121224 0.1396959
0 0.9007453 0.7003776 0.0992547 0.1102841
0 0.9062600 0.8786865 0.0937400 0.1102841
