0 0.0000100 0.0000100 0.1654312 0.1084459
0 0.0000100 0.0000100 0.1930047 0.1396959
0 0.0000100 0.0000100 0.1488871 0.1838135
0 0.0000100 0.0000100 0.1378576 0.0808724
0 0.0000100 0.0092012 0.1213135 0.1470488
0 0.0000100 0.0275835 0.1029312 0.1102841
0 0.0000100 0.1397159 0.1213135 0.2021959
0 0.0000100 0.1672894 0.0937400 0.1470488
0 0.0000100 0.1856718 0.0753576 0.1102841
0 0.0000100 0.4154512 0.1525635 0.2021959
0 0.0000100 0.4430247 0.1249900 0.1470488
0 0.0000100 0.4614071 0.1066076 0.1102841
0 0.0000100 0.5404512 0.1635929 0.2757253
0 0.0000100 0.5772159 0.1268282 0.2021959
0 0.0000100 0.6047894 0.0992547 0.1470488
0 0.0092012 0.0000100 0.1102841 0.0624900
0 0.0183924 0.0000100 0.1470488 0.1121224
0 0.0312600 0.6801571 0.2021959 0.2021959
0 0.0367747 0.0000100 0.1102841 0.0937400
0 0.0588335 0.7077306 0.1470488 0.1470488
0 0.0772159 0.7261129 0.1102841 0.1102841
0 0.3161865 0.4944953 0.2021959 0.2021959
0 0.3437600 0.5220688 0.1470488 0.1470488
0 0.3621424 0.5404512 0.1102841 0.1102841
0 0.5183924 0.5220688 0.2021959 0.2021959
0 0.5459659 0.5496424 0.1470488 0.1470488
0 0.5643482 0.5680247 0.1102841 0.1102841
0 0.6305247 0.3014806 0.2757253 0.2757253
0 0.6672894 0.3382453 0.2021959 0.2021959
0 0.6948629 0.3658188 0.1470488 0.1470488
0 0.6967012 0.5955982 0.2021959 0.2021959
0 0.7242747 0.6231718 0.1470488 0.1470488
0 0.7426571 0.6415541 0.1102841 0.1102841
0 0.7922894 0.5349365 0.2021959 0.2021959
0 0.8180247 0.2978041 0.1819753 0.2021959
0 0.8198629 0.5625100 0.1470488 0.1470488
0 0.8382453 0.5808924 0.1102841 0.1102841
0 0.8455982 0.2757453 0.1544018 0.2021959
0 0.8455982 0.3253776 0.1470488 0.1470488
0 0.8492747 0.4246424 0.1507253 0.2021959
0 0.8639806 0.3437600 0.1102841 0.1102841
0 0.8731718 0.3033188 0.1268282 0.1470488
0 0.8768482 0.4522159 0.1231518 0.1470488
0 0.8915541 0.3217012 0.1084459 0.1102841
0 0.8952306 0.4705982 0.1047694 0.1102841
