0 0.3253776 0.2683924 0.0919018 0.0919018
0 0.4338335 0.2683924 0.0919018 0.0919018
0 0.4632453 0.2518482 0.0919018 0.0919018
0 0.5330982 0.2592012 0.0919018 0.0919018
0 0.5422894 0.0717012 0.0919018 0.0919018
0 0.5569953 0.6250100 0.1470488 0.1470488
0 0.5900835 0.0643482 0.0919018 0.0919018
0 0.6121424 0.2316276 0.0919018 0.0919018
0 0.6286865 0.0000100 0.0919018 0.0900635
0 0.6672894 0.1213335 0.0919018 0.0919018
0 0.6691276 0.0000100 0.0919018 0.0900635
0 0.7316276 0.0000100 0.1470488 0.1139606
0 0.7463335 0.3842012 0.0919018 0.0919018
0 0.7830982 0.2463335 0.0919018 0.0919018
0 0.7867747 0.2702306 0.0919018 0.0919018
0 0.8051571 0.0000100 0.0919018 0.0551371
0 0.8253776 0.0110394 0.0919018 0.0919018
0 0.8511129 0.1819953 0.0919018 0.0919018
