0 0.0404512 0.6323629 0.2021959 0.2021959
0 0.0680247 0.6599365 0.1470488 0.1470488
0 0.0864071 0.6783188 0.1102841 0.1102841
0 0.1654512 0.8823629 0.2021959 0.1176371
0 0.1801571 0.5128776 0.2021959 0.2021959
0 0.1930247 0.9099365 0.1470488 0.0900635
0 0.2077306 0.5404512 0.1470488 0.1470488
0 0.2114071 0.9283188 0.1102841 0.0716812
0 0.2261129 0.5588335 0.1102841 0.1102841
0 0.2720688 0.6103041 0.2021959 0.2021959
0 0.2996424 0.6378776 0.1470488 0.1470488
0 0.3180247 0.6562600 0.1102841 0.1102841
0 0.3308924 0.8069953 0.2021959 0.1930047
0 0.3584659 0.8345688 0.1470488 0.1470488
0 0.3768482 0.8529512 0.1102841 0.1102841
0 0.6801571 0.4283188 0.2021959 0.2021959
0 0.7077306 0.4558924 0.1470488 0.1470488
0 0.7261129 0.4742747 0.1102841 0.1102841
0 0.8088335 0.6268482 0.1911665 0.2021959
0 0.8364071 0.6544218 0.1470488 0.1470488
0 0.8529512 0.3455982 0.1470488 0.2021959
0 0.8547894 0.6728041 0.1102841 0.1102841
0 0.8805247 0.3731718 0.1194753 0.1470488
0 0.8989071 0.3915541 0.1010929 0.1102841
