0 0.0000100 0.4430247 0.1746224 0.2021959
0 0.0000100 0.4705982 0.1470488 0.1470488
0 0.0000100 0.6893482 0.1507253 0.2021959
0 0.0000100 0.7169218 0.1231518 0.1470488
0 0.0000100 0.7353041 0.1047694 0.1102841
0 0.0000100 0.7941276 0.1433724 0.2021959
0 0.0000100 0.8217012 0.1157988 0.1470488
0 0.0000100 0.8400835 0.0974165 0.1102841
0 0.0183924 0.4889806 0.1102841 0.1102841
0 0.0220688 0.3676571 0.2021959 0.2021959
0 0.0496424 0.3952306 0.1470488 0.1470488
0 0.0680247 0.4136129 0.1102841 0.1102841
0 0.0698629 0.8547894 0.2021959 0.1452106
0 0.0974365 0.8823629 0.1470488 0.1176371
0 0.1158188 0.9007453 0.1102841 0.0992547
0 0.7040541 0.6691276 0.2021959 0.2021959
0 0.7316276 0.6967012 0.1470488 0.1470488
0 0.7500100 0.7150835 0.1102841 0.1102841
