0 0.0000100 0.3786865 0.0753576 0.0919018
0 0.0257453 0.2996424 0.1470488 0.1470488
0 0.0404512 0.9191276 0.0919018 0.0808724
0 0.0533188 0.8106718 0.0919018 0.0919018
0 0.0588335 0.4540541 0.0919018 0.0919018
0 0.0717012 0.3694953 0.0919018 0.0919018
0 0.0735394 0.1415541 0.0919018 0.0919018
0 0.0900835 0.7169218 0.0919018 0.0919018
0 0.1103041 0.3805247 0.0919018 0.0919018
0 0.1158188 0.0569953 0.0919018 0.0919018
0 0.1286865 0.6433924 0.0919018 0.0919018
0 0.1286865 0.8658188 0.0919018 0.0919018
0 0.1544218 0.2536865 0.0919018 0.0919018
0 0.1838335 0.4761129 0.0919018 0.0919018
0 0.2040541 0.1342012 0.0919018 0.0919018
0 0.2077306 0.0000100 0.0919018 0.0900635
0 0.2536865 0.3308924 0.0919018 0.0919018
