0 0.6783188 0.4595688 0.2021959 0.2021959
0 0.6838335 0.0257453 0.2021959 0.2021959
0 0.6911865 0.3952306 0.2021959 0.2021959
0 0.7058924 0.4871424 0.1470488 0.1470488
0 0.7114071 0.0533188 0.1470488 0.1470488
0 0.7187600 0.4228041 0.1470488 0.1470488
0 0.7242747 0.5055247 0.1102841 0.1102841
0 0.7297894 0.0717012 0.1102841 0.1102841
0 0.7371424 0.4411865 0.1102841 0.1102841
0 0.7481718 0.5036865 0.2021959 0.2021959
0 0.7757453 0.5312600 0.1470488 0.1470488
0 0.7941276 0.5496424 0.1102841 0.1102841
0 0.8235394 0.2904512 0.1764606 0.2021959
0 0.8511129 0.3180247 0.1470488 0.1470488
0 0.8658188 0.1286865 0.1341812 0.2021959
0 0.8694953 0.3364071 0.1102841 0.1102841
0 0.8933924 0.1562600 0.1066076 0.1470488
0 0.9117747 0.1746424 0.0882253 0.1102841
