0 0.0000100 0.8860394 0.1819753 0.1139606
0 0.0073629 0.9136129 0.1470488 0.0863871
0 0.0257453 0.9319953 0.1102841 0.0680047
0 0.0919218 0.6562600 0.2021959 0.2021959
0 0.1194953 0.6838335 0.1470488 0.1470488
0 0.1378776 0.7022159 0.1102841 0.1102841
0 0.1930247 0.5698629 0.2021959 0.2021959
0 0.2205982 0.5974365 0.1470488 0.1470488
0 0.2389806 0.6158188 0.1102841 0.1102841
0 0.8658188 0.5919218 0.1341812 0.2021959
0 0.8823629 0.4154512 0.1176371 0.2021959
0 0.8933924 0.6194953 0.1066076 0.1470488
0 0.9099365 0.4430247 0.0900635 0.1470488
0 0.9117747 0.6378776 0.0882253 0.1102841
0 0.9283188 0.4614071 0.0716812 0.1102841
