0 0.0000100 0.6783188 0.0606518 0.0919018
0 0.0165541 0.8198629 0.0919018 0.0919018
0 0.0275835 0.6250100 0.0919018 0.0919018
0 0.0772159 0.7261129 0.0919018 0.0919018
0 0.1084659 0.1893482 0.0919018 0.0919018
0 0.1213335 0.4191276 0.0919018 0.0919018
0 0.1286865 0.9154512 0.0919018 0.0845488
0 0.1985394 0.3308924 0.0919018 0.0919018
0 0.1985394 0.9338335 0.0919018 0.0661665
0 0.2040541 0.4301571 0.0919018 0.0919018
0 0.2040541 0.8639806 0.0919018 0.0919018
0 0.2757453 0.5147159 0.0919018 0.0919018
0 0.3014806 0.3768482 0.0919018 0.0919018
0 0.3014806 0.4467012 0.1470488 0.1470488
0 0.5386129 0.3768482 0.1470488 0.1470488
