0 0.4871424 0.2114071 0.2021959 0.2021959
0 0.5147159 0.2389806 0.1470488 0.1470488
0 0.5330982 0.2573629 0.1102841 0.1102841
0 0.5404512 0.2371424 0.2021959 0.2021959
0 0.5680247 0.2647159 0.1470488 0.1470488
0 0.5864071 0.2830982 0.1102841 0.1102841
0 0.5882453 0.0569953 0.2021959 0.2021959
0 0.6158188 0.0845688 0.1470488 0.1470488
0 0.6231718 0.0000100 0.2021959 0.1948429
0 0.6342012 0.1029512 0.1102841 0.1102841
0 0.6360394 0.2095688 0.2021959 0.2021959
0 0.6507453 0.0202306 0.1470488 0.1470488
0 0.6636129 0.2371424 0.1470488 0.1470488
0 0.6691276 0.0386129 0.1102841 0.1102841
0 0.6819953 0.2555247 0.1102841 0.1102841
0 0.7261129 0.0183924 0.2021959 0.2021959
0 0.7536865 0.0459659 0.1470488 0.1470488
0 0.7720688 0.0643482 0.1102841 0.1102841
0 0.7812600 0.2353041 0.2021959 0.2021959
0 0.8088335 0.2628776 0.1470488 0.1470488
0 0.8272159 0.2812600 0.1102841 0.1102841
