0 0.5808924 0.3033188 0.2021959 0.2021959
0 0.6084659 0.3308924 0.1470488 0.1470488
0 0.6268482 0.3492747 0.1102841 0.1102841
0 0.6323629 0.3676571 0.2021959 0.2021959
0 0.6599365 0.3952306 0.1470488 0.1470488
0 0.6783188 0.4136129 0.1102841 0.1102841
0 0.7022159 0.3860394 0.2021959 0.2021959
0 0.7242747 0.4338335 0.2021959 0.2021959
0 0.7297894 0.4136129 0.1470488 0.1470488
0 0.7353041 0.4724365 0.2021959 0.2021959
0 0.7481718 0.4319953 0.1102841 0.1102841
0 0.7518482 0.4614071 0.1470488 0.1470488
0 0.7628776 0.5000100 0.1470488 0.1470488
0 0.7702306 0.4797894 0.1102841 0.1102841
0 0.7812600 0.5183924 0.1102841 0.1102841
0 0.8143482 0.3033188 0.1856518 0.2757253
0 0.8272159 0.5955982 0.1727841 0.2021959
0 0.8419218 0.4430247 0.1580782 0.2021959
0 0.8511129 0.3400835 0.1488871 0.2021959
0 0.8547894 0.6231718 0.1452106 0.1470488
0 0.8694953 0.4705982 0.1305047 0.1470488
0 0.8731718 0.6415541 0.1102841 0.1102841
0 0.8786865 0.3676571 0.1213135 0.1470488
0 0.8878776 0.4889806 0.1102841 0.1102841
0 0.8878776 0.4908188 0.1121224 0.2021959
0 0.9154512 0.5183924 0.0845488 0.1470488
0 0.9338335 0.5367747 0.0661665 0.1102841
