0 0.1176571 0.8584659 0.2021959 0.1415341
0 0.1452306 0.8860394 0.1470488 0.1139606
0 0.1636129 0.9044218 0.1102841 0.0955782
0 0.5441276 0.5533188 0.2021959 0.2021959
0 0.5717012 0.5808924 0.1470488 0.1470488
0 0.5900835 0.5992747 0.1102841 0.1102841
0 0.6342012 0.4209659 0.2021959 0.2021959
0 0.6617747 0.4485394 0.1470488 0.1470488
0 0.6801571 0.4669218 0.1102841 0.1102841
0 0.8345688 0.2169218 0.1654312 0.2021959
0 0.8529512 0.2389806 0.1470488 0.2021959
0 0.8621424 0.2444953 0.1378576 0.1470488
0 0.8805247 0.2628776 0.1102841 0.1102841
0 0.8805247 0.2665541 0.1194753 0.1470488
0 0.8989071 0.2849365 0.1010929 0.1102841
