0 0.1342012 0.0000100 0.2021959 0.1654312
0 0.1415541 0.1378776 0.2021959 0.2021959
0 0.1452306 0.0864071 0.2021959 0.2021959
0 0.1617747 0.0000100 0.1470488 0.1378576
0 0.1691276 0.1654512 0.1470488 0.1470488
0 0.1728041 0.1139806 0.1470488 0.1470488
0 0.1801571 0.0000100 0.2021959 0.1782988
0 0.1801571 0.0092012 0.1102841 0.1102841
0 0.1875100 0.1838335 0.1102841 0.1102841
0 0.1911865 0.1323629 0.1102841 0.1102841
0 0.2077306 0.0036865 0.1470488 0.1470488
0 0.2261129 0.0220688 0.1102841 0.1102841
0 0.2702306 0.0000100 0.2021959 0.1102841
0 0.2978041 0.0000100 0.1470488 0.0827106
0 0.3161865 0.0000100 0.1102841 0.0643282
0 0.4430247 0.0000100 0.2021959 0.1985194
0 0.4614071 0.0882453 0.2021959 0.2021959
0 0.4705982 0.0239071 0.1470488 0.1470488
0 0.4889806 0.0422894 0.1102841 0.1102841
0 0.4889806 0.1158188 0.1470488 0.1470488
0 0.5073629 0.1342012 0.1102841 0.1102841
0 0.5864071 0.5937600 0.2021959 0.2021959
0 0.6139806 0.6213335 0.1470488 0.1470488
0 0.6323629 0.6397159 0.1102841 0.1102841
