0 0.1599365 0.3106718 0.2021959 0.2021959
0 0.1709659 0.0257453 0.2021959 0.2021959
0 0.1801571 0.0827306 0.2021959 0.2021959
0 0.1875100 0.0000100 0.2021959 0.1360194
0 0.1875100 0.3382453 0.1470488 0.1470488
0 0.1985394 0.0533188 0.1470488 0.1470488
0 0.2040541 0.3253776 0.2021959 0.2021959
0 0.2058924 0.3566276 0.1102841 0.1102841
0 0.2077306 0.1103041 0.1470488 0.1470488
0 0.2114071 0.0808924 0.2021959 0.2021959
0 0.2150835 0.0000100 0.1470488 0.1084459
0 0.2169218 0.0717012 0.1102841 0.1102841
0 0.2261129 0.1286865 0.1102841 0.1102841
0 0.2316276 0.3529512 0.1470488 0.1470488
0 0.2334659 0.0000100 0.1102841 0.0900635
0 0.2389806 0.1084659 0.1470488 0.1470488
0 0.2500100 0.3713335 0.1102841 0.1102841
0 0.2573629 0.1268482 0.1102841 0.1102841
0 0.3272159 0.0514806 0.2021959 0.2021959
0 0.3345688 0.1066276 0.2021959 0.2021959
0 0.3400835 0.2444953 0.2021959 0.2021959
0 0.3547894 0.0790541 0.1470488 0.1470488
0 0.3621424 0.1342012 0.1470488 0.1470488
0 0.3676571 0.2720688 0.1470488 0.1470488
0 0.3731718 0.0974365 0.1102841 0.1102841
0 0.3805247 0.1525835 0.1102841 0.1102841
0 0.3860394 0.2904512 0.1102841 0.1102841
0 0.4393482 0.0000100 0.2021959 0.1102841
0 0.4669218 0.0000100 0.1470488 0.0827106
0 0.4853041 0.0000100 0.1102841 0.0643282
0 0.4853041 0.3143482 0.2021959 0.2021959
0 0.5128776 0.3419218 0.1470488 0.1470488
0 0.5312600 0.3603041 0.1102841 0.1102841
0 0.6562600 0.0000100 0.2021959 0.1635929
0 0.6783188 0.8823629 0.2021959 0.1176371
0 0.6838335 0.0000100 0.1470488 0.1360194
0 0.7022159 0.0073629 0.1102841 0.1102841
0 0.7058924 0.9099365 0.1470488 0.0900635
0 0.7095688 0.0827306 0.2021959 0.2021959
0 0.7150835 0.0000100 0.2021959 0.1948429
0 0.7242747 0.9283188 0.1102841 0.0716812
0 0.7353041 0.3419218 0.2021959 0.2021959
0 0.7371424 0.1103041 0.1470488 0.1470488
0 0.7426571 0.0202306 0.1470488 0.1470488
0 0.7426571 0.6397159 0.2021959 0.2021959
0 0.7463335 0.0000100 0.2021959 0.1782988
0 0.7555247 0.1286865 0.1102841 0.1102841
0 0.7610394 0.0386129 0.1102841 0.1102841
0 0.7628776 0.3694953 0.1470488 0.1470488
0 0.7702306 0.6672894 0.1470488 0.1470488
0 0.7720688 0.0000100 0.2021959 0.1672694
0 0.7739071 0.0036865 0.1470488 0.1470488
0 0.7739071 0.6489071 0.2021959 0.2021959
0 0.7775835 0.5974365 0.2021959 0.2021959
0 0.7794218 0.0569953 0.2021959 0.2021959
0 0.7794218 0.2702306 0.2021959 0.2021959
0 0.7812600 0.3878776 0.1102841 0.1102841
0 0.7830982 0.0000100 0.2021959 0.1121224
0 0.7886129 0.6856718 0.1102841 0.1102841
0 0.7922894 0.0220688 0.1102841 0.1102841
0 0.7996424 0.0000100 0.1470488 0.1396959
0 0.8014806 0.6764806 0.1470488 0.1470488
0 0.8051571 0.0000100 0.1948429 0.1415341
0 0.8051571 0.6250100 0.1470488 0.1470488
0 0.8069953 0.0845688 0.1470488 0.1470488
0 0.8069953 0.2978041 0.1470488 0.1470488
0 0.8088335 0.1507453 0.1911665 0.2021959
0 0.8106718 0.0000100 0.1470488 0.0845488
0 0.8180247 0.0110394 0.1102841 0.1102841
0 0.8180247 0.1286865 0.1819753 0.2021959
0 0.8198629 0.0974365 0.1801371 0.2021959
0 0.8198629 0.6948629 0.1102841 0.1102841
0 0.8217012 0.3327306 0.1782988 0.2021959
0 0.8235394 0.6433924 0.1102841 0.1102841
0 0.8253776 0.1029512 0.1102841 0.1102841
0 0.8253776 0.3161865 0.1102841 0.1102841
0 0.8290541 0.0000100 0.1102841 0.0661665
0 0.8327306 0.0000100 0.1470488 0.1139606
0 0.8364071 0.1783188 0.1470488 0.1470488
0 0.8419218 0.2187600 0.1580782 0.2021959
0 0.8455982 0.1562600 0.1470488 0.1470488
0 0.8474365 0.1250100 0.1470488 0.1470488
0 0.8492747 0.3603041 0.1470488 0.1470488
0 0.8511129 0.0000100 0.1102841 0.0955782
0 0.8547894 0.1967012 0.1102841 0.1102841
0 0.8584659 0.3308924 0.1415341 0.2021959
0 0.8621424 0.2389806 0.1378576 0.2021959
0 0.8639806 0.1746424 0.1102841 0.1102841
0 0.8658188 0.1433924 0.1102841 0.1102841
0 0.8676571 0.0000100 0.1323429 0.1838135
0 0.8676571 0.3786865 0.1102841 0.1102841
0 0.8694953 0.2463335 0.1305047 0.1470488
0 0.8713335 0.4301571 0.1286665 0.2021959
0 0.8768482 0.3823629 0.1231518 0.2021959
0 0.8860394 0.3584659 0.1139606 0.1470488
0 0.8878776 0.2647159 0.1102841 0.1102841
0 0.8897159 0.2665541 0.1102841 0.1470488
0 0.8933924 0.3106718 0.1066076 0.2021959
0 0.8952306 0.0092012 0.1047694 0.1470488
0 0.8989071 0.4577306 0.1010929 0.1470488
0 0.9044218 0.3768482 0.0955782 0.1102841
0 0.9044218 0.4099365 0.0955782 0.1470488
0 0.9080982 0.2849365 0.0919018 0.1102841
0 0.9136129 0.0275835 0.0863871 0.1102841
0 0.9172894 0.4761129 0.0827106 0.1102841
0 0.9209659 0.3382453 0.0790341 0.1470488
0 0.9228041 0.4283188 0.0771959 0.1102841
0 0.9393482 0.3566276 0.0606518 0.1102841
