0 0.0000100 0.6305247 0.2003576 0.2021959
0 0.0257453 0.6580982 0.1470488 0.1470488
0 0.0441276 0.6764806 0.1102841 0.1102841
0 0.0478041 0.6194953 0.2021959 0.2021959
0 0.0680247 0.0000100 0.2021959 0.1617547
0 0.0680247 0.6709659 0.2021959 0.2021959
0 0.0753776 0.6470688 0.1470488 0.1470488
0 0.0937600 0.6654512 0.1102841 0.1102841
0 0.0955982 0.0000100 0.1470488 0.1341812
0 0.0955982 0.6985394 0.1470488 0.1470488
0 0.1103041 0.0000100 0.2021959 0.1691076
0 0.1139806 0.0055247 0.1102841 0.1102841
0 0.1139806 0.7169218 0.1102841 0.1102841
0 0.1158188 0.0000100 0.2021959 0.1084459
0 0.1194953 0.5625100 0.2021959 0.2021959
0 0.1378776 0.0000100 0.1470488 0.1415341
0 0.1433924 0.0000100 0.1470488 0.0808724
0 0.1470688 0.5900835 0.1470488 0.1470488
0 0.1562600 0.0128776 0.1102841 0.1102841
0 0.1580982 0.0000100 0.2021959 0.1010929
0 0.1617747 0.0000100 0.1102841 0.0624900
0 0.1654512 0.6084659 0.1102841 0.1102841
0 0.1856718 0.0000100 0.1470488 0.0735194
0 0.2040541 0.0000100 0.1102841 0.0551371
