0 0.0000100 0.6066276 0.1323429 0.2021959
0 0.0000100 0.6342012 0.1047694 0.1470488
0 0.0000100 0.6525835 0.0863871 0.1102841
0 0.0000100 0.8364071 0.1249900 0.1635929
0 0.0000100 0.8639806 0.0974165 0.1360194
0 0.0000100 0.8823629 0.0790341 0.1102841
0 0.2224365 0.7794218 0.2021959 0.2021959
0 0.2500100 0.8069953 0.1470488 0.1470488
0 0.2683924 0.8253776 0.1102841 0.1102841
0 0.4889806 0.1967012 0.2021959 0.2021959
0 0.5165541 0.2242747 0.1470488 0.1470488
0 0.5349365 0.2426571 0.1102841 0.1102841
0 0.6011129 0.6580982 0.2021959 0.2021959
0 0.6029512 0.4742747 0.2021959 0.2021959
0 0.6194953 0.0000100 0.2021959 0.1286665
0 0.6286865 0.6856718 0.1470488 0.1470488
0 0.6305247 0.5018482 0.1470488 0.1470488
0 0.6470688 0.0000100 0.1470488 0.1010929
0 0.6470688 0.7040541 0.1102841 0.1102841
0 0.6489071 0.5202306 0.1102841 0.1102841
0 0.6654512 0.0000100 0.1102841 0.0827106
