0 0.0330982 0.8805247 0.2021959 0.1194753
0 0.0441276 0.0000100 0.2021959 0.1047694
0 0.0606718 0.9080982 0.1470488 0.0919018
0 0.0717012 0.0000100 0.1470488 0.0771959
0 0.0790541 0.9264806 0.1102841 0.0735194
0 0.0900835 0.0000100 0.1102841 0.0588135
0 0.1250100 0.7812600 0.2021959 0.2021959
0 0.1286865 0.2297894 0.2021959 0.2021959
0 0.1525835 0.8088335 0.1470488 0.1470488
0 0.1562600 0.2573629 0.1470488 0.1470488
0 0.1709659 0.8272159 0.1102841 0.1102841
0 0.1746424 0.2757453 0.1102841 0.1102841
0 0.1893482 0.5864071 0.2021959 0.2021959
0 0.2169218 0.6139806 0.1470488 0.1470488
0 0.2353041 0.6323629 0.1102841 0.1102841
0 0.3933924 0.6562600 0.2021959 0.2021959
0 0.4191276 0.0643482 0.2021959 0.2021959
0 0.4209659 0.6838335 0.1470488 0.1470488
0 0.4393482 0.5404512 0.2021959 0.2021959
0 0.4393482 0.7022159 0.1102841 0.1102841
0 0.4467012 0.0919218 0.1470488 0.1470488
0 0.4650835 0.1103041 0.1102841 0.1102841
0 0.4669218 0.5680247 0.1470488 0.1470488
0 0.4853041 0.5864071 0.1102841 0.1102841
0 0.5055247 0.3308924 0.2021959 0.2021959
0 0.5330982 0.3584659 0.1470488 0.1470488
0 0.5514806 0.3768482 0.1102841 0.1102841
0 0.5937600 0.0000100 0.2021959 0.1599165
0 0.6213335 0.0000100 0.1470488 0.1323429
0 0.6397159 0.0036865 0.1102841 0.1102841
0 0.8768482 0.3786865 0.1231518 0.2021959
0 0.9044218 0.4062600 0.0955782 0.1470488
0 0.9228041 0.4246424 0.0771959 0.1102841
