0 0.0000100 0.2371424 0.1286665 0.2021959
0 0.0000100 0.2647159 0.1010929 0.1470488
0 0.0000100 0.2830982 0.0827106 0.1102841
0 0.0000100 0.3069953 0.1102841 0.2021959
0 0.0000100 0.3345688 0.1562400 0.2021959
0 0.0000100 0.3345688 0.0827106 0.1470488
0 0.0000100 0.3529512 0.0643282 0.1102841
0 0.0000100 0.3621424 0.1286665 0.1470488
0 0.0000100 0.3805247 0.1102841 0.1102841
0 0.0000100 0.3860394 0.1323429 0.2021959
0 0.0000100 0.4136129 0.1047694 0.1470488
0 0.0000100 0.4319953 0.0863871 0.1102841
0 0.0000100 0.4338335 0.1323429 0.2021959
0 0.0000100 0.4614071 0.1047694 0.1470488
0 0.0000100 0.4779512 0.1396959 0.2021959
0 0.0000100 0.4797894 0.0863871 0.1102841
0 0.0000100 0.5055247 0.1121224 0.1470488
0 0.0000100 0.5239071 0.0937400 0.1102841
0 0.0000100 0.5404512 0.1764606 0.2021959
0 0.0000100 0.5569953 0.1231518 0.2021959
0 0.0000100 0.5569953 0.1599165 0.2021959
0 0.0000100 0.5845688 0.0955782 0.1470488
0 0.0000100 0.5845688 0.1323429 0.1470488
0 0.0000100 0.5864071 0.1966812 0.2021959
0 0.0000100 0.5974365 0.1488871 0.2021959
0 0.0000100 0.6029512 0.0771959 0.1102841
0 0.0000100 0.6250100 0.1213135 0.1470488
0 0.0000100 0.6286865 0.1985194 0.2021959
0 0.0000100 0.6433924 0.1029312 0.1102841
0 0.0018482 0.5680247 0.1470488 0.1470488
0 0.0036865 0.6029512 0.1102841 0.1102841
0 0.0202306 0.5864071 0.1102841 0.1102841
0 0.0220688 0.5882453 0.2021959 0.2021959
0 0.0220688 0.6139806 0.1470488 0.1470488
0 0.0239071 0.6562600 0.1470488 0.1470488
0 0.0404512 0.6323629 0.1102841 0.1102841
0 0.0422894 0.6746424 0.1102841 0.1102841
0 0.0496424 0.6158188 0.1470488 0.1470488
0 0.0680247 0.6342012 0.1102841 0.1102841
0 0.0735394 0.6121424 0.2021959 0.2021959
0 0.1011129 0.6397159 0.1470488 0.1470488
0 0.1194953 0.6231718 0.2021959 0.2021959
0 0.1194953 0.6580982 0.1102841 0.1102841
0 0.1470688 0.6507453 0.1470488 0.1470488
0 0.1654512 0.6691276 0.1102841 0.1102841
0 0.2095688 0.6691276 0.2021959 0.2021959
0 0.2371424 0.6967012 0.1470488 0.1470488
0 0.2463335 0.5312600 0.2757253 0.2757253
0 0.2555247 0.7150835 0.1102841 0.1102841
0 0.2830982 0.5680247 0.2021959 0.2021959
0 0.3106718 0.5955982 0.1470488 0.1470488
