0 0.0000100 0.0864071 0.1341812 0.2021959
0 0.0000100 0.1139806 0.1066076 0.1470488
0 0.0000100 0.1323629 0.0882253 0.1102841
0 0.0496424 0.4853041 0.2757253 0.2757253
0 0.0864071 0.5220688 0.2021959 0.2021959
0 0.1139806 0.5496424 0.1470488 0.1470488
0 0.1672894 0.2757453 0.2021959 0.2021959
0 0.1948629 0.3033188 0.1470488 0.1470488
0 0.2095688 0.3878776 0.2021959 0.2021959
0 0.2132453 0.3217012 0.1102841 0.1102841
0 0.2279512 0.8676571 0.2021959 0.1323429
0 0.2371424 0.4154512 0.1470488 0.1470488
0 0.2463335 0.8125100 0.2021959 0.1874900
0 0.2555247 0.4338335 0.1102841 0.1102841
0 0.2555247 0.8952306 0.1470488 0.1047694
0 0.2573629 0.5202306 0.2021959 0.2021959
0 0.2592012 0.6930247 0.2021959 0.2021959
0 0.2739071 0.8400835 0.1470488 0.1470488
0 0.2739071 0.9136129 0.1102841 0.0863871
0 0.2849365 0.5478041 0.1470488 0.1470488
0 0.2867747 0.7205982 0.1470488 0.1470488
0 0.2922894 0.8584659 0.1102841 0.1102841
0 0.3033188 0.5661865 0.1102841 0.1102841
0 0.3051571 0.7389806 0.1102841 0.1102841
0 0.4430247 0.4246424 0.2021959 0.2021959
0 0.4503776 0.5937600 0.2021959 0.2021959
0 0.4705982 0.4522159 0.1470488 0.1470488
0 0.4779512 0.6213335 0.1470488 0.1470488
0 0.4889806 0.4705982 0.1102841 0.1102841
0 0.4963335 0.6397159 0.1102841 0.1102841
