0 0.2573629 0.0551571 0.2021959 0.2021959
0 0.2702306 0.0000100 0.2021959 0.1525635
0 0.2849365 0.0827306 0.1470488 0.1470488
0 0.2978041 0.0000100 0.1470488 0.1249900
0 0.3033188 0.0165541 0.2021959 0.2021959
0 0.3033188 0.1011129 0.1102841 0.1102841
0 0.3106718 0.3364071 0.2021959 0.2021959
0 0.3161865 0.0000100 0.1102841 0.1066076
0 0.3308924 0.0441276 0.1470488 0.1470488
0 0.3382453 0.3639806 0.1470488 0.1470488
0 0.3492747 0.0625100 0.1102841 0.1102841
0 0.3566276 0.3823629 0.1102841 0.1102841
0 0.3584659 0.4724365 0.2021959 0.2021959
0 0.3750100 0.0147159 0.2757253 0.2757253
0 0.3860394 0.5000100 0.1470488 0.1470488
0 0.4044218 0.5183924 0.1102841 0.1102841
0 0.4117747 0.0514806 0.2021959 0.2021959
0 0.4393482 0.0790541 0.1470488 0.1470488
0 0.4485394 0.3768482 0.2021959 0.2021959
0 0.4761129 0.4044218 0.1470488 0.1470488
0 0.4944953 0.0000100 0.2021959 0.1010929
0 0.4944953 0.4228041 0.1102841 0.1102841
0 0.5220688 0.0000100 0.1470488 0.0735194
0 0.5312600 0.2408188 0.2021959 0.2021959
0 0.5404512 0.0000100 0.1102841 0.0551371
0 0.5588335 0.2683924 0.1470488 0.1470488
0 0.5772159 0.2867747 0.1102841 0.1102841
0 0.6084659 0.0000100 0.2021959 0.1948429
0 0.6360394 0.0202306 0.1470488 0.1470488
0 0.6360394 0.1103041 0.2021959 0.2021959
0 0.6525835 0.1709659 0.2021959 0.2021959
0 0.6544218 0.0386129 0.1102841 0.1102841
0 0.6636129 0.1378776 0.1470488 0.1470488
0 0.6801571 0.0000100 0.2021959 0.1010929
0 0.6801571 0.1985394 0.1470488 0.1470488
0 0.6819953 0.1562600 0.1102841 0.1102841
0 0.6985394 0.2169218 0.1102841 0.1102841
0 0.7077306 0.0000100 0.1470488 0.0735194
0 0.7261129 0.0000100 0.1102841 0.0551371
0 0.7610394 0.0000100 0.2021959 0.1580782
0 0.7886129 0.0000100 0.1470488 0.1305047
0 0.7886129 0.1617747 0.2021959 0.2021959
0 0.8069953 0.0018482 0.1102841 0.1102841
0 0.8161865 0.1893482 0.1470488 0.1470488
0 0.8345688 0.2077306 0.1102841 0.1102841
