0 0.0000100 0.0294218 0.1580782 0.2021959
0 0.0000100 0.0569953 0.1305047 0.1470488
0 0.0000100 0.1305247 0.1654312 0.2757253
0 0.0000100 0.1672894 0.1286665 0.2021959
0 0.0000100 0.1948629 0.1010929 0.1470488
0 0.0000100 0.3253776 0.1948429 0.2021959
0 0.0000100 0.4981718 0.1764606 0.2021959
0 0.0000100 0.6011129 0.1433724 0.2021959
0 0.0000100 0.6286865 0.1157988 0.1470488
0 0.0000100 0.6470688 0.0974165 0.1102841
0 0.0000100 0.6985394 0.2003576 0.2021959
0 0.0000100 0.7353041 0.1194753 0.2021959
0 0.0000100 0.7628776 0.0919018 0.1470488
0 0.0000100 0.7812600 0.0735194 0.1102841
0 0.0018482 0.0753776 0.1102841 0.1102841
0 0.0018482 0.5257453 0.1470488 0.1470488
0 0.0202306 0.3529512 0.1470488 0.1470488
0 0.0202306 0.5441276 0.1102841 0.1102841
0 0.0257453 0.7261129 0.1470488 0.1470488
0 0.0386129 0.3713335 0.1102841 0.1102841
0 0.0441276 0.7444953 0.1102841 0.1102841
0 0.4080982 0.2867747 0.2757253 0.2757253
0 0.4448629 0.3235394 0.2021959 0.2021959
0 0.4724365 0.3511129 0.1470488 0.1470488
