0 0.4761129 0.5036865 0.2021959 0.2021959
0 0.5036865 0.5312600 0.1470488 0.1470488
0 0.5220688 0.5496424 0.1102841 0.1102841
0 0.6011129 0.2481718 0.2021959 0.2021959
0 0.6176571 0.1139806 0.2021959 0.2021959
0 0.6176571 0.1654512 0.2021959 0.2021959
0 0.6286865 0.2757453 0.1470488 0.1470488
0 0.6452306 0.1415541 0.1470488 0.1470488
0 0.6452306 0.1930247 0.1470488 0.1470488
0 0.6470688 0.2941276 0.1102841 0.1102841
0 0.6636129 0.1599365 0.1102841 0.1102841
0 0.6636129 0.2114071 0.1102841 0.1102841
