0 0.1728041 0.9448629 0.0919018 0.0551371
0 0.2114071 0.9485394 0.0919018 0.0514606
0 0.2371424 0.8952306 0.0919018 0.0919018
0 0.2996424 0.9356718 0.0919018 0.0643282
0 0.3272159 0.4669218 0.1470488 0.1470488
0 0.3290541 0.9044218 0.0919018 0.0919018
0 0.3290541 0.9301571 0.0919018 0.0698429
0 0.3713335 0.9375100 0.0919018 0.0624900
0 0.3915541 0.8492747 0.0919018 0.0919018
0 0.3989071 0.7132453 0.0919018 0.0919018
0 0.4375100 0.7775835 0.0919018 0.0919018
0 0.5073629 0.9209659 0.0919018 0.0790341
0 0.5367747 0.8437600 0.0919018 0.0919018
0 0.5551571 0.8088335 0.0919018 0.0919018
0 0.5625100 0.6305247 0.1470488 0.1470488
0 0.5845688 0.9375100 0.0919018 0.0624900
0 0.5864071 0.7922894 0.0919018 0.0919018
0 0.6342012 0.6158188 0.0919018 0.0919018
0 0.6562600 0.5698629 0.0919018 0.0919018
0 0.6746424 0.7353041 0.0919018 0.0919018
0 0.6856718 0.5404512 0.0919018 0.0919018
0 0.7095688 0.7040541 0.0919018 0.0919018
0 0.7371424 0.5661865 0.0919018 0.0919018
0 0.8161865 0.5294218 0.0919018 0.0919018
0 0.8621424 0.5239071 0.0919018 0.0919018
0 0.8768482 0.6323629 0.0919018 0.0919018
0 0.8915541 0.5496424 0.0919018 0.0919018
