0 0.0000100 0.1029512 0.0790341 0.0919018
0 0.0000100 0.3272159 0.0753576 0.1102841
0 0.0147159 0.1801571 0.0919018 0.0919018
0 0.0202306 0.5478041 0.0919018 0.0919018
0 0.0790541 0.7353041 0.0919018 0.0919018
0 0.1139806 0.3143482 0.0919018 0.0919018
0 0.1342012 0.2297894 0.0919018 0.0919018
0 0.1875100 0.5386129 0.0919018 0.0919018
0 0.2003776 0.3621424 0.0919018 0.0919018
0 0.2702306 0.7941276 0.0919018 0.0919018
0 0.3125100 0.6011129 0.0919018 0.0919018
0 0.3713335 0.4117747 0.0919018 0.0919018
0 0.3731718 0.3253776 0.0919018 0.0919018
0 0.3786865 0.4889806 0.0919018 0.0919018
0 0.4283188 0.6489071 0.0919018 0.0919018
0 0.5257453 0.2720688 0.1470488 0.1470488
0 0.5367747 0.6507453 0.0919018 0.0919018
0 0.6470688 0.6084659 0.0919018 0.0919018
0 0.6764806 0.7095688 0.0919018 0.0919018
0 0.7904512 0.6176571 0.0919018 0.0919018
0 0.8400835 0.7040541 0.0919018 0.0919018
0 0.8419218 0.7775835 0.0919018 0.0919018
0 0.9356718 0.7463335 0.0643282 0.0919018
