0 0.0000100 0.3750100 0.1121224 0.2021959
0 0.0000100 0.4025835 0.0845488 0.1470488
0 0.0000100 0.4209659 0.0661665 0.1102841
0 0.0422894 0.4411865 0.2021959 0.2021959
0 0.0698629 0.4687600 0.1470488 0.1470488
0 0.0882453 0.4871424 0.1102841 0.1102841
0 0.2573629 0.7334659 0.2021959 0.2021959
0 0.2849365 0.7610394 0.1470488 0.1470488
0 0.3033188 0.7794218 0.1102841 0.1102841
0 0.3235394 0.4926571 0.2021959 0.2021959
0 0.3511129 0.5202306 0.1470488 0.1470488
0 0.3694953 0.5386129 0.1102841 0.1102841
0 0.4853041 0.4136129 0.2021959 0.2021959
0 0.5128776 0.4411865 0.1470488 0.1470488
0 0.5312600 0.4595688 0.1102841 0.1102841
0 0.8143482 0.5459659 0.1856518 0.2757253
0 0.8511129 0.5827306 0.1488871 0.2021959
0 0.8786865 0.6103041 0.1213135 0.1470488
