0 0.0000100 0.5643482 0.1470488 0.2021959
0 0.0000100 0.5919218 0.1194753 0.1470488
0 0.0000100 0.6103041 0.1010929 0.1102841
0 0.0000100 0.6158188 0.1948429 0.2021959
0 0.0128776 0.4264806 0.2021959 0.2021959
0 0.0165541 0.6599365 0.2021959 0.2021959
0 0.0202306 0.6433924 0.1470488 0.1470488
0 0.0367747 0.4871424 0.2021959 0.2021959
0 0.0386129 0.6617747 0.1102841 0.1102841
0 0.0404512 0.4540541 0.1470488 0.1470488
0 0.0441276 0.6875100 0.1470488 0.1470488
0 0.0588335 0.4724365 0.1102841 0.1102841
0 0.0625100 0.7058924 0.1102841 0.1102841
0 0.0643482 0.5147159 0.1470488 0.1470488
0 0.0827306 0.5330982 0.1102841 0.1102841
0 0.0919218 0.6764806 0.2021959 0.2021959
0 0.1194953 0.7040541 0.1470488 0.1470488
0 0.1378776 0.7224365 0.1102841 0.1102841
