0 0.0000100 0.0000100 0.2021959 0.1378576
0 0.0000100 0.0000100 0.1654312 0.1010929
0 0.0000100 0.0000100 0.1378576 0.0735194
0 0.0000100 0.3345688 0.1102841 0.2021959
0 0.0000100 0.3621424 0.0827106 0.1470488
0 0.0000100 0.3805247 0.0643282 0.1102841
0 0.0000100 0.5165541 0.1764606 0.2021959
0 0.0000100 0.5588335 0.1911665 0.2021959
0 0.0000100 0.5974365 0.1470488 0.2021959
0 0.0000100 0.6250100 0.1194753 0.1470488
0 0.0000100 0.6433924 0.1010929 0.1102841
0 0.0000100 0.6452306 0.1801371 0.2021959
0 0.0000100 0.6452306 0.1157988 0.2021959
0 0.0000100 0.6470688 0.2003576 0.2021959
0 0.0000100 0.6728041 0.0882253 0.1470488
0 0.0000100 0.6911865 0.0698429 0.1102841
0 0.0018482 0.5441276 0.1470488 0.1470488
0 0.0055247 0.6728041 0.1470488 0.1470488
0 0.0165541 0.5864071 0.1470488 0.1470488
0 0.0202306 0.5625100 0.1102841 0.1102841
0 0.0202306 0.6323629 0.2021959 0.2021959
0 0.0239071 0.6911865 0.1102841 0.1102841
0 0.0257453 0.6746424 0.1470488 0.1470488
0 0.0349365 0.6047894 0.1102841 0.1102841
0 0.0441276 0.6930247 0.1102841 0.1102841
0 0.0478041 0.6194953 0.2021959 0.2021959
0 0.0478041 0.6599365 0.1470488 0.1470488
0 0.0514806 0.6746424 0.2021959 0.2021959
0 0.0625100 0.5974365 0.2757253 0.2757253
0 0.0661865 0.6783188 0.1102841 0.1102841
0 0.0698629 0.7187600 0.2021959 0.2021959
0 0.0753776 0.6470688 0.1470488 0.1470488
0 0.0790541 0.7022159 0.1470488 0.1470488
0 0.0845688 0.4797894 0.2021959 0.2021959
0 0.0937600 0.6654512 0.1102841 0.1102841
0 0.0974365 0.7205982 0.1102841 0.1102841
0 0.0974365 0.7463335 0.1470488 0.1470488
0 0.0992747 0.6342012 0.2021959 0.2021959
0 0.1121424 0.5073629 0.1470488 0.1470488
0 0.1158188 0.7647159 0.1102841 0.1102841
0 0.1268482 0.6617747 0.1470488 0.1470488
0 0.1305247 0.5257453 0.1102841 0.1102841
0 0.1838335 0.6231718 0.2021959 0.2021959
0 0.2095688 0.5808924 0.2021959 0.2021959
0 0.2114071 0.6507453 0.1470488 0.1470488
0 0.2187600 0.3860394 0.2021959 0.2021959
0 0.2297894 0.6691276 0.1102841 0.1102841
0 0.2316276 0.6728041 0.2021959 0.2021959
0 0.2371424 0.6084659 0.1470488 0.1470488
0 0.2463335 0.4136129 0.1470488 0.1470488
0 0.2555247 0.4632453 0.2021959 0.2021959
0 0.2555247 0.6268482 0.1102841 0.1102841
0 0.2592012 0.7003776 0.1470488 0.1470488
0 0.2647159 0.4319953 0.1102841 0.1102841
0 0.2739071 0.3768482 0.2021959 0.2021959
0 0.2775835 0.7187600 0.1102841 0.1102841
0 0.2830982 0.4908188 0.1470488 0.1470488
0 0.3014806 0.4044218 0.1470488 0.1470488
0 0.3014806 0.5092012 0.1102841 0.1102841
0 0.3198629 0.4228041 0.1102841 0.1102841
0 0.3235394 0.6158188 0.2021959 0.2021959
0 0.3511129 0.6433924 0.1470488 0.1470488
0 0.3694953 0.6617747 0.1102841 0.1102841
0 0.7849365 0.0000100 0.2021959 0.1635929
0 0.8125100 0.0000100 0.1470488 0.1360194
0 0.8308924 0.0073629 0.1102841 0.1102841
0 0.8308924 0.2242747 0.1691076 0.2021959
0 0.8382453 0.1967012 0.1617547 0.2021959
0 0.8419218 0.3658188 0.1580782 0.2021959
0 0.8584659 0.2518482 0.1415341 0.1470488
0 0.8658188 0.2242747 0.1341812 0.1470488
0 0.8694953 0.3933924 0.1305047 0.1470488
0 0.8768482 0.2702306 0.1102841 0.1102841
0 0.8842012 0.2426571 0.1102841 0.1102841
0 0.8878776 0.4117747 0.1102841 0.1102841
