0 0.0551571 0.2040541 0.2021959 0.2021959
0 0.0827306 0.2316276 0.1470488 0.1470488
0 0.1011129 0.2500100 0.1102841 0.1102841
0 0.1231718 0.4209659 0.2021959 0.2021959
0 0.1507453 0.4485394 0.1470488 0.1470488
0 0.1691276 0.4669218 0.1102841 0.1102841
0 0.2426571 0.6746424 0.2021959 0.2021959
0 0.2702306 0.3878776 0.2021959 0.2021959
0 0.2702306 0.7022159 0.1470488 0.1470488
0 0.2886129 0.7205982 0.1102841 0.1102841
0 0.2978041 0.4154512 0.1470488 0.1470488
0 0.3161865 0.4338335 0.1102841 0.1102841
0 0.4209659 0.5349365 0.2021959 0.2021959
0 0.4485394 0.5625100 0.1470488 0.1470488
0 0.4577306 0.4430247 0.2021959 0.2021959
0 0.4669218 0.5808924 0.1102841 0.1102841
0 0.4687600 0.0349365 0.2021959 0.2021959
0 0.4853041 0.4705982 0.1470488 0.1470488
0 0.4963335 0.0625100 0.1470488 0.1470488
0 0.5036865 0.4889806 0.1102841 0.1102841
0 0.5147159 0.0808924 0.1102841 0.1102841
0 0.5514806 0.3364071 0.2021959 0.2021959
0 0.5790541 0.3639806 0.1470488 0.1470488
0 0.5882453 0.0000100 0.2757253 0.2481518
0 0.5974365 0.3823629 0.1102841 0.1102841
0 0.6103041 0.4191276 0.2021959 0.2021959
0 0.6250100 0.0092012 0.2021959 0.2021959
0 0.6378776 0.4467012 0.1470488 0.1470488
0 0.6525835 0.0367747 0.1470488 0.1470488
0 0.6525835 0.6286865 0.2021959 0.2021959
0 0.6562600 0.4650835 0.1102841 0.1102841
0 0.6801571 0.6562600 0.1470488 0.1470488
0 0.6985394 0.6746424 0.1102841 0.1102841
0 0.6985394 0.8474365 0.2021959 0.1525635
0 0.7022159 0.2536865 0.2021959 0.2021959
0 0.7261129 0.8750100 0.1470488 0.1249900
0 0.7297894 0.2812600 0.1470488 0.1470488
0 0.7444953 0.8933924 0.1102841 0.1066076
0 0.7481718 0.2996424 0.1102841 0.1102841
0 0.7573629 0.1231718 0.2021959 0.2021959
0 0.7849365 0.1507453 0.1470488 0.1470488
0 0.8033188 0.1691276 0.1102841 0.1102841
0 0.8235394 0.5533188 0.1764606 0.2021959
0 0.8511129 0.5808924 0.1470488 0.1470488
0 0.8694953 0.5992747 0.1102841 0.1102841
0 0.8731718 0.8143482 0.1268282 0.1856518
0 0.9007453 0.8419218 0.0992547 0.1470488
0 0.9191276 0.8603041 0.0808724 0.1102841
