0 0.0864071 0.5992747 0.2757253 0.2757253
0 0.1231718 0.6360394 0.2021959 0.2021959
0 0.1507453 0.6636129 0.1470488 0.1470488
0 0.1911865 0.0239071 0.2757253 0.2757253
0 0.2279512 0.0606718 0.2021959 0.2021959
0 0.2555247 0.0882453 0.1470488 0.1470488
0 0.3364071 0.1599365 0.2021959 0.2021959
0 0.3639806 0.1875100 0.1470488 0.1470488
0 0.3823629 0.2058924 0.1102841 0.1102841
0 0.4228041 0.0606718 0.2021959 0.2021959
0 0.4503776 0.0882453 0.1470488 0.1470488
0 0.4687600 0.1066276 0.1102841 0.1102841
0 0.4797894 0.0000100 0.2021959 0.1544018
0 0.4853041 0.1231718 0.2021959 0.2021959
0 0.5073629 0.0000100 0.1470488 0.1268282
0 0.5128776 0.1507453 0.1470488 0.1470488
0 0.5257453 0.0000100 0.1102841 0.1084459
0 0.5312600 0.1691276 0.1102841 0.1102841
0 0.5330982 0.4264806 0.2757253 0.2757253
0 0.5698629 0.4632453 0.2021959 0.2021959
0 0.5919218 0.7849365 0.2021959 0.2021959
0 0.5974365 0.4908188 0.1470488 0.1470488
0 0.6194953 0.8125100 0.1470488 0.1470488
0 0.6378776 0.8308924 0.1102841 0.1102841
