0 0.0000100 0.0422894 0.2021959 0.2757253
0 0.0000100 0.0790541 0.1654312 0.2021959
0 0.0000100 0.1066276 0.1378576 0.1470488
0 0.0000100 0.7353041 0.1691076 0.2021959
0 0.0000100 0.7628776 0.1415341 0.1470488
0 0.0128776 0.7812600 0.1102841 0.1102841
0 0.0349365 0.7849365 0.2021959 0.2021959
0 0.0625100 0.8125100 0.1470488 0.1470488
0 0.0808924 0.8308924 0.1102841 0.1102841
0 0.1176571 0.7904512 0.2021959 0.2021959
0 0.1452306 0.8180247 0.1470488 0.1470488
0 0.1636129 0.8364071 0.1102841 0.1102841
0 0.2500100 0.7702306 0.2021959 0.2021959
0 0.2628776 0.5735394 0.2021959 0.2021959
0 0.2775835 0.7978041 0.1470488 0.1470488
0 0.2904512 0.6011129 0.1470488 0.1470488
0 0.2959659 0.8161865 0.1102841 0.1102841
0 0.3088335 0.6194953 0.1102841 0.1102841
0 0.4283188 0.6636129 0.2021959 0.2021959
0 0.4356718 0.0349365 0.2021959 0.2021959
0 0.4558924 0.6911865 0.1470488 0.1470488
0 0.4632453 0.0625100 0.1470488 0.1470488
0 0.4724365 0.5551571 0.2021959 0.2021959
0 0.4742747 0.7095688 0.1102841 0.1102841
0 0.4816276 0.0808924 0.1102841 0.1102841
0 0.4834659 0.2941276 0.2757253 0.2757253
0 0.5000100 0.5827306 0.1470488 0.1470488
0 0.5183924 0.6011129 0.1102841 0.1102841
0 0.5202306 0.3308924 0.2021959 0.2021959
0 0.5478041 0.3584659 0.1470488 0.1470488
