0 0.0000100 0.6121424 0.1544018 0.2021959
0 0.0000100 0.6397159 0.1268282 0.1470488
0 0.0000100 0.6580982 0.1084459 0.1102841
0 0.0000100 0.8180247 0.1764606 0.1819753
0 0.0018482 0.8455982 0.1470488 0.1470488
0 0.0110394 0.8842012 0.2021959 0.1157988
0 0.0202306 0.8639806 0.1102841 0.1102841
0 0.0386129 0.9117747 0.1470488 0.0882253
0 0.0569953 0.9301571 0.1102841 0.0698429
0 0.0827306 0.8786865 0.2021959 0.1213135
0 0.0864071 0.7463335 0.2021959 0.2021959
0 0.1103041 0.9062600 0.1470488 0.0937400
0 0.1139806 0.7739071 0.1470488 0.1470488
0 0.1286865 0.9246424 0.1102841 0.0753576
0 0.1323629 0.7922894 0.1102841 0.1102841
0 0.1378776 0.4889806 0.2021959 0.2021959
0 0.1525835 0.7187600 0.2021959 0.2021959
0 0.1654512 0.5165541 0.1470488 0.1470488
0 0.1654512 0.7886129 0.2021959 0.2021959
0 0.1801571 0.6342012 0.2021959 0.2021959
0 0.1801571 0.7463335 0.1470488 0.1470488
0 0.1838335 0.5349365 0.1102841 0.1102841
0 0.1930247 0.8161865 0.1470488 0.1470488
0 0.1985394 0.5514806 0.2021959 0.2021959
0 0.1985394 0.7647159 0.1102841 0.1102841
0 0.2022159 0.4228041 0.2021959 0.2021959
0 0.2077306 0.6617747 0.1470488 0.1470488
0 0.2114071 0.8345688 0.1102841 0.1102841
0 0.2150835 0.6286865 0.2021959 0.2021959
0 0.2169218 0.2371424 0.2757253 0.2757253
0 0.2261129 0.5790541 0.1470488 0.1470488
0 0.2261129 0.6801571 0.1102841 0.1102841
0 0.2297894 0.4503776 0.1470488 0.1470488
0 0.2371424 0.7628776 0.2021959 0.2021959
0 0.2426571 0.6562600 0.1470488 0.1470488
0 0.2444953 0.5974365 0.1102841 0.1102841
0 0.2481718 0.4687600 0.1102841 0.1102841
0 0.2518482 0.3933924 0.2021959 0.2021959
0 0.2536865 0.2739071 0.2021959 0.2021959
0 0.2610394 0.6746424 0.1102841 0.1102841
0 0.2647159 0.7904512 0.1470488 0.1470488
0 0.2794218 0.4209659 0.1470488 0.1470488
0 0.2812600 0.3014806 0.1470488 0.1470488
0 0.2830982 0.4577306 0.2021959 0.2021959
0 0.2830982 0.8088335 0.1102841 0.1102841
0 0.2849365 0.0000100 0.2021959 0.1360194
0 0.2978041 0.4393482 0.1102841 0.1102841
0 0.3033188 0.6470688 0.2021959 0.2021959
0 0.3106718 0.4853041 0.1470488 0.1470488
0 0.3125100 0.0000100 0.1470488 0.1084459
0 0.3290541 0.5036865 0.1102841 0.1102841
0 0.3308924 0.0000100 0.1102841 0.0900635
0 0.3308924 0.6746424 0.1470488 0.1470488
0 0.3492747 0.6930247 0.1102841 0.1102841
0 0.3621424 0.5257453 0.2021959 0.2021959
0 0.3897159 0.5533188 0.1470488 0.1470488
0 0.3933924 0.0625100 0.2021959 0.2021959
0 0.3970688 0.4614071 0.2021959 0.2021959
0 0.4080982 0.5717012 0.1102841 0.1102841
0 0.4117747 0.8161865 0.2021959 0.1838135
0 0.4209659 0.0900835 0.1470488 0.1470488
0 0.4246424 0.4889806 0.1470488 0.1470488
0 0.4393482 0.1084659 0.1102841 0.1102841
0 0.4393482 0.8437600 0.1470488 0.1470488
0 0.4430247 0.5073629 0.1102841 0.1102841
0 0.4485394 0.0000100 0.2021959 0.1874900
0 0.4558924 0.6231718 0.2757253 0.2757253
0 0.4577306 0.8621424 0.1102841 0.1102841
0 0.4595688 0.6948629 0.2021959 0.2021959
0 0.4614071 0.5257453 0.2021959 0.2021959
0 0.4761129 0.0128776 0.1470488 0.1470488
0 0.4816276 0.5183924 0.2021959 0.2021959
0 0.4871424 0.7224365 0.1470488 0.1470488
0 0.4871424 0.7573629 0.2021959 0.2021959
0 0.4889806 0.5533188 0.1470488 0.1470488
0 0.4926571 0.6599365 0.2021959 0.2021959
0 0.4944953 0.0312600 0.1102841 0.1102841
0 0.5036865 0.5735394 0.2021959 0.2021959
0 0.5055247 0.7408188 0.1102841 0.1102841
0 0.5073629 0.5717012 0.1102841 0.1102841
0 0.5092012 0.5459659 0.1470488 0.1470488
0 0.5147159 0.7849365 0.1470488 0.1470488
0 0.5202306 0.6875100 0.1470488 0.1470488
0 0.5239071 0.1103041 0.2021959 0.2021959
0 0.5275835 0.5643482 0.1102841 0.1102841
0 0.5312600 0.6011129 0.1470488 0.1470488
0 0.5330982 0.8033188 0.1102841 0.1102841
0 0.5349365 0.7481718 0.2021959 0.2021959
0 0.5478041 0.2739071 0.2021959 0.2021959
0 0.5496424 0.6194953 0.1102841 0.1102841
0 0.5514806 0.1378776 0.1470488 0.1470488
0 0.5551571 0.0330982 0.2021959 0.2021959
0 0.5625100 0.7757453 0.1470488 0.1470488
0 0.5698629 0.1562600 0.1102841 0.1102841
0 0.5753776 0.3014806 0.1470488 0.1470488
0 0.5808924 0.7941276 0.1102841 0.1102841
0 0.5827306 0.0606718 0.1470488 0.1470488
0 0.5937600 0.3198629 0.1102841 0.1102841
0 0.6011129 0.0790541 0.1102841 0.1102841
0 0.6452306 0.2389806 0.2021959 0.2021959
0 0.6728041 0.0000100 0.2021959 0.1727841
0 0.6728041 0.2665541 0.1470488 0.1470488
0 0.6801571 0.2242747 0.2021959 0.2021959
0 0.6875100 0.3989071 0.2021959 0.2021959
0 0.6911865 0.2849365 0.1102841 0.1102841
0 0.7003776 0.0000100 0.1470488 0.1452106
0 0.7077306 0.2518482 0.1470488 0.1470488
0 0.7150835 0.4264806 0.1470488 0.1470488
0 0.7187600 0.0165541 0.1102841 0.1102841
0 0.7261129 0.2702306 0.1102841 0.1102841
0 0.7334659 0.4448629 0.1102841 0.1102841
0 0.7978041 0.1268482 0.2021959 0.2021959
0 0.8180247 0.0919218 0.1819753 0.2021959
0 0.8235394 0.0000100 0.1764606 0.1102841
0 0.8253776 0.1544218 0.1470488 0.1470488
0 0.8437600 0.1728041 0.1102841 0.1102841
0 0.8455982 0.0128776 0.1544018 0.2021959
0 0.8455982 0.1194953 0.1470488 0.1470488
0 0.8511129 0.0000100 0.1470488 0.0827106
0 0.8603041 0.0919218 0.1396959 0.2021959
0 0.8639806 0.1378776 0.1102841 0.1102841
0 0.8694953 0.0000100 0.1102841 0.0643282
0 0.8731718 0.0404512 0.1268282 0.1470488
0 0.8878776 0.1194953 0.1121224 0.1470488
0 0.8915541 0.0588335 0.1084459 0.1102841
0 0.8933924 0.4338335 0.1066076 0.2021959
0 0.9062600 0.1378776 0.0937400 0.1102841
0 0.9209659 0.4614071 0.0790341 0.1470488
0 0.9393482 0.4797894 0.0606518 0.1102841
