0 0.1139806 0.0496424 0.2757253 0.2757253
0 0.1507453 0.0864071 0.2021959 0.2021959
0 0.1783188 0.1139806 0.1470488 0.1470488
0 0.4467012 0.1158188 0.2021959 0.2021959
0 0.4742747 0.1433924 0.1470488 0.1470488
0 0.4926571 0.1617747 0.1102841 0.1102841
0 0.6746424 0.0000100 0.2021959 0.1194753
0 0.7022159 0.0000100 0.1470488 0.0919018
0 0.7205982 0.0000100 0.1102841 0.0735194
0 0.8217012 0.6268482 0.1782988 0.2021959
0 0.8492747 0.6544218 0.1470488 0.1470488
0 0.8676571 0.6728041 0.1102841 0.1102841
