0 0.0000100 0.0000100 0.1782988 0.1231518
0 0.0000100 0.1617747 0.2003576 0.2021959
0 0.0000100 0.3014806 0.1562400 0.2021959
0 0.0000100 0.3290541 0.1286665 0.1470488
0 0.0000100 0.3474365 0.1102841 0.1102841
0 0.0036865 0.0000100 0.1470488 0.0955782
0 0.0220688 0.0000100 0.1102841 0.0771959
0 0.0257453 0.1893482 0.1470488 0.1470488
0 0.0441276 0.2077306 0.1102841 0.1102841
0 0.1047894 0.0000100 0.2021959 0.1874900
0 0.1323629 0.0128776 0.1470488 0.1470488
0 0.1507453 0.0312600 0.1102841 0.1102841
0 0.1948629 0.1176571 0.2757253 0.2757253
0 0.2316276 0.1544218 0.2021959 0.2021959
0 0.2592012 0.1819953 0.1470488 0.1470488
