0 0.0000100 0.3364071 0.2242547 0.2757253
0 0.0000100 0.3731718 0.1874900 0.2021959
0 0.0128776 0.4007453 0.1470488 0.1470488
0 0.1783188 0.6580982 0.2757253 0.2757253
0 0.2150835 0.6948629 0.2021959 0.2021959
0 0.2426571 0.7224365 0.1470488 0.1470488
0 0.4981718 0.5864071 0.2021959 0.2021959
0 0.5257453 0.6139806 0.1470488 0.1470488
0 0.5441276 0.6323629 0.1102841 0.1102841
0 0.8364071 0.7904512 0.1635929 0.2021959
0 0.8639806 0.8180247 0.1360194 0.1470488
0 0.8823629 0.8364071 0.1102841 0.1102841
