0 0.0000100 0.6360394 0.1268282 0.2021959
0 0.0000100 0.6636129 0.0992547 0.1470488
0 0.0000100 0.6819953 0.0808724 0.1102841
0 0.0000100 0.7463335 0.1617547 0.2021959
0 0.0000100 0.7739071 0.1341812 0.1470488
0 0.0000100 0.8419218 0.1691076 0.1580782
0 0.0000100 0.8694953 0.1415341 0.1305047
0 0.0055247 0.7922894 0.1102841 0.1102841
0 0.0128776 0.8878776 0.1102841 0.1102841
0 0.0643482 0.8547894 0.2021959 0.1452106
0 0.0919218 0.8823629 0.1470488 0.1176371
0 0.1103041 0.9007453 0.1102841 0.0992547
0 0.1121424 0.8676571 0.2021959 0.1323429
0 0.1397159 0.8952306 0.1470488 0.1047694
0 0.1580982 0.9136129 0.1102841 0.0863871
