0 0.5661865 0.1433924 0.1102841 0.1102841
0 0.5974365 0.2683924 0.0919018 0.0919018
0 0.6121424 0.2003776 0.0919018 0.0919018
0 0.7922894 0.6378776 0.0919018 0.0919018
0 0.8014806 0.6103041 0.0919018 0.0919018
0 0.8033188 0.3878776 0.0919018 0.0919018
0 0.8033188 0.6948629 0.0919018 0.0919018
0 0.8253776 0.7316276 0.0919018 0.0919018
0 0.8327306 0.6580982 0.0919018 0.0919018
0 0.8437600 0.6764806 0.0919018 0.0919018
0 0.8529512 0.6342012 0.0919018 0.0919018
0 0.8639806 0.5312600 0.0919018 0.0919018
0 0.8805247 0.7555247 0.0919018 0.0919018
0 0.8823629 0.6084659 0.1102841 0.1102841
0 0.8878776 0.7058924 0.0919018 0.0919018
0 0.8915541 0.6838335 0.0919018 0.0919018
0 0.9062600 0.6617747 0.0919018 0.0919018
0 0.9080982 0.8161865 0.0919018 0.0919018
0 0.9099365 0.7261129 0.0900635 0.0919018
0 0.9264806 0.8952306 0.0735194 0.1047694
