0 0.0000100 0.2242747 0.2058724 0.2757253
0 0.0000100 0.2610394 0.1691076 0.2021959
0 0.0000100 0.2886129 0.1415341 0.1470488
0 0.0000100 0.6139806 0.1930047 0.2021959
0 0.0183924 0.6415541 0.1470488 0.1470488
0 0.0367747 0.6599365 0.1102841 0.1102841
0 0.1011129 0.0000100 0.2021959 0.1029312
0 0.1286865 0.0000100 0.1470488 0.0753576
0 0.1470688 0.0000100 0.1102841 0.0569753
0 0.5478041 0.6764806 0.2021959 0.2021959
0 0.5753776 0.7040541 0.1470488 0.1470488
0 0.5937600 0.7224365 0.1102841 0.1102841
0 0.8455982 0.5735394 0.1544018 0.2757253
0 0.8823629 0.6103041 0.1176371 0.2021959
0 0.9099365 0.6378776 0.0900635 0.1470488
