0 0.0000100 0.0000100 0.0974165 0.0863871
0 0.0000100 0.4650835 0.0845488 0.0919018
0 0.0827306 0.3952306 0.0919018 0.0919018
0 0.1047894 0.9172894 0.0919018 0.0827106
0 0.1507453 0.5900835 0.0919018 0.0919018
0 0.1580982 0.0000100 0.0919018 0.0771959
0 0.2003776 0.0000100 0.0919018 0.0569753
0 0.2003776 0.7996424 0.0919018 0.0919018
0 0.2150835 0.0827306 0.0919018 0.0919018
0 0.2683924 0.0000100 0.1470488 0.0900635
0 0.2886129 0.9025835 0.0919018 0.0919018
0 0.3033188 0.2775835 0.0919018 0.0919018
0 0.3272159 0.6911865 0.0919018 0.0919018
0 0.5036865 0.9007453 0.0919018 0.0919018
0 0.5790541 0.2150835 0.0919018 0.0919018
0 0.6691276 0.5790541 0.0919018 0.0919018
0 0.6691276 0.7408188 0.0919018 0.0919018
0 0.6985394 0.9283188 0.0919018 0.0716812
0 0.7022159 0.3750100 0.0919018 0.0919018
0 0.7187600 0.6470688 0.0919018 0.0919018
0 0.8198629 0.8364071 0.0919018 0.0919018
0 0.8253776 0.5128776 0.0919018 0.0919018
0 0.8327306 0.1286865 0.0919018 0.0919018
0 0.8400835 0.3014806 0.0919018 0.0919018
0 0.9136129 0.7095688 0.0863871 0.0919018
