0 0.2279512 0.7500100 0.2757253 0.2499900
0 0.2647159 0.7867747 0.2021959 0.2021959
0 0.2922894 0.8143482 0.1470488 0.1470488
0 0.5110394 0.7224365 0.2021959 0.2021959
0 0.5386129 0.7500100 0.1470488 0.1470488
0 0.5569953 0.7683924 0.1102841 0.1102841
0 0.6397159 0.8694953 0.2021959 0.1305047
0 0.6672894 0.8970688 0.1470488 0.1029312
0 0.6856718 0.9154512 0.1102841 0.0845488
0 0.6967012 0.6967012 0.2021959 0.2021959
0 0.7242747 0.7242747 0.1470488 0.1470488
0 0.7426571 0.7426571 0.1102841 0.1102841
0 0.7536865 0.7297894 0.2021959 0.2021959
0 0.7665541 0.3217012 0.2334459 0.2757253
0 0.7812600 0.7573629 0.1470488 0.1470488
0 0.7996424 0.7757453 0.1102841 0.1102841
0 0.8033188 0.3584659 0.1966812 0.2021959
0 0.8308924 0.3860394 0.1470488 0.1470488
0 0.8860394 0.0000100 0.1139606 0.1029312
0 0.9136129 0.0000100 0.0863871 0.0753576
0 0.9319953 0.0000100 0.0680047 0.0569753
