0 0.0000100 0.2812600 0.1433724 0.2021959
0 0.0000100 0.3088335 0.1157988 0.1470488
0 0.0000100 0.3272159 0.0974165 0.1102841
0 0.0000100 0.3731718 0.1323429 0.2021959
0 0.0000100 0.4007453 0.1047694 0.1470488
0 0.0000100 0.4191276 0.0863871 0.1102841
0 0.0000100 0.4485394 0.1617547 0.2021959
0 0.0000100 0.4761129 0.1341812 0.1470488
0 0.0000100 0.6360394 0.1102841 0.2021959
0 0.0000100 0.6636129 0.0827106 0.1470488
0 0.0000100 0.6819953 0.0643282 0.1102841
0 0.0055247 0.4944953 0.1102841 0.1102841
0 0.1323629 0.3069953 0.2021959 0.2021959
0 0.1599365 0.3345688 0.1470488 0.1470488
0 0.1783188 0.3529512 0.1102841 0.1102841
0 0.2941276 0.7757453 0.2021959 0.2021959
0 0.3106718 0.6819953 0.2021959 0.2021959
0 0.3217012 0.8033188 0.1470488 0.1470488
0 0.3290541 0.7757453 0.2021959 0.2021959
0 0.3382453 0.7095688 0.1470488 0.1470488
0 0.3400835 0.8217012 0.1102841 0.1102841
0 0.3566276 0.7279512 0.1102841 0.1102841
0 0.3566276 0.8033188 0.1470488 0.1470488
0 0.3750100 0.8217012 0.1102841 0.1102841
