0 0.1029512 0.3731718 0.0919018 0.0919018
0 0.1654512 0.2114071 0.0919018 0.0919018
0 0.1911865 0.7371424 0.1470488 0.1470488
0 0.3364071 0.2904512 0.0919018 0.0919018
0 0.4007453 0.2830982 0.0919018 0.0919018
0 0.4154512 0.4172894 0.0919018 0.0919018
0 0.5000100 0.3584659 0.0919018 0.0919018
0 0.5955982 0.4154512 0.0919018 0.0919018
0 0.6066276 0.4687600 0.0919018 0.0919018
0 0.6084659 0.2665541 0.0919018 0.0919018
0 0.6360394 0.4908188 0.0919018 0.0919018
0 0.6819953 0.2941276 0.0919018 0.0919018
0 0.7169218 0.6525835 0.1470488 0.1470488
0 0.8033188 0.4779512 0.0919018 0.0919018
0 0.8290541 0.5661865 0.0919018 0.0919018
0 0.8419218 0.4871424 0.0919018 0.0919018
0 0.8713335 0.3639806 0.0919018 0.0919018
0 0.9044218 0.2812600 0.0919018 0.0919018
0 0.9062600 0.8603041 0.0919018 0.0919018
0 0.9154512 0.7647159 0.0845488 0.0919018
0 0.9301571 0.4595688 0.0698429 0.0919018
0 0.9522159 0.3033188 0.0477841 0.0919018
