0 0.0000100 0.8106718 0.1782988 0.1893282
0 0.0036865 0.8382453 0.1470488 0.1470488
0 0.0055247 0.4853041 0.2021959 0.2021959
0 0.0220688 0.8566276 0.1102841 0.1102841
0 0.0330982 0.5128776 0.1470488 0.1470488
0 0.0404512 0.6764806 0.2021959 0.2021959
0 0.0514806 0.5312600 0.1102841 0.1102841
0 0.0680247 0.7040541 0.1470488 0.1470488
0 0.0808924 0.8786865 0.2021959 0.1213135
0 0.0864071 0.7224365 0.1102841 0.1102841
0 0.0882453 0.8364071 0.2021959 0.1635929
0 0.0937600 0.7978041 0.2021959 0.2021959
0 0.1084659 0.9062600 0.1470488 0.0937400
0 0.1103041 0.6893482 0.2021959 0.2021959
0 0.1158188 0.8639806 0.1470488 0.1360194
0 0.1176571 0.6250100 0.2021959 0.2021959
0 0.1213335 0.8253776 0.1470488 0.1470488
0 0.1268482 0.9246424 0.1102841 0.0753576
0 0.1342012 0.7647159 0.2021959 0.2021959
0 0.1342012 0.8823629 0.1102841 0.1102841
0 0.1378776 0.7169218 0.1470488 0.1470488
0 0.1397159 0.8437600 0.1102841 0.1102841
0 0.1452306 0.5974365 0.2021959 0.2021959
0 0.1452306 0.6525835 0.1470488 0.1470488
0 0.1544218 0.8290541 0.2021959 0.1709459
0 0.1562600 0.7353041 0.1102841 0.1102841
0 0.1617747 0.7922894 0.1470488 0.1470488
0 0.1636129 0.6709659 0.1102841 0.1102841
0 0.1672894 0.7224365 0.2021959 0.2021959
0 0.1728041 0.6250100 0.1470488 0.1470488
0 0.1728041 0.8731718 0.2021959 0.1268282
0 0.1801571 0.8106718 0.1102841 0.1102841
0 0.1819953 0.8566276 0.1470488 0.1433724
0 0.1911865 0.6433924 0.1102841 0.1102841
0 0.1948629 0.7500100 0.1470488 0.1470488
0 0.1985394 0.7922894 0.2021959 0.2021959
0 0.2003776 0.8750100 0.1102841 0.1102841
0 0.2003776 0.9007453 0.1470488 0.0992547
0 0.2022159 0.6084659 0.2021959 0.2021959
0 0.2132453 0.7683924 0.1102841 0.1102841
0 0.2187600 0.9191276 0.1102841 0.0808724
0 0.2261129 0.8198629 0.1470488 0.1470488
0 0.2261129 0.8235394 0.2021959 0.1764606
0 0.2279512 0.4099365 0.2021959 0.2021959
0 0.2297894 0.6360394 0.1470488 0.1470488
0 0.2371424 0.6930247 0.2021959 0.2021959
0 0.2444953 0.8382453 0.1102841 0.1102841
0 0.2481718 0.6544218 0.1102841 0.1102841
0 0.2536865 0.8511129 0.1470488 0.1470488
0 0.2555247 0.4375100 0.1470488 0.1470488
0 0.2610394 0.6029512 0.2021959 0.2021959
0 0.2647159 0.7205982 0.1470488 0.1470488
0 0.2720688 0.8694953 0.1102841 0.1102841
0 0.2739071 0.4558924 0.1102841 0.1102841
0 0.2830982 0.7389806 0.1102841 0.1102841
0 0.2886129 0.6305247 0.1470488 0.1470488
0 0.3069953 0.5569953 0.2021959 0.2021959
0 0.3069953 0.6489071 0.1102841 0.1102841
0 0.3327306 0.3217012 0.2021959 0.2021959
0 0.3345688 0.5845688 0.1470488 0.1470488
0 0.3529512 0.6029512 0.1102841 0.1102841
0 0.3603041 0.3492747 0.1470488 0.1470488
0 0.3786865 0.3676571 0.1102841 0.1102841
0 0.4080982 0.0312600 0.2021959 0.2021959
0 0.4356718 0.0588335 0.1470488 0.1470488
0 0.4522159 0.0000100 0.2021959 0.1782988
0 0.4540541 0.0772159 0.1102841 0.1102841
0 0.4797894 0.0036865 0.1470488 0.1470488
0 0.4981718 0.0220688 0.1102841 0.1102841
0 0.5239071 0.0000100 0.2021959 0.1121224
0 0.5514806 0.0000100 0.1470488 0.0845488
0 0.5698629 0.0000100 0.1102841 0.0661665
0 0.5735394 0.0000100 0.2021959 0.1066076
0 0.5735394 0.0312600 0.2021959 0.2021959
0 0.6011129 0.0000100 0.1470488 0.0790341
0 0.6011129 0.0588335 0.1470488 0.1470488
0 0.6194953 0.0000100 0.1102841 0.0606518
0 0.6194953 0.0772159 0.1102841 0.1102841
