0 0.5698629 0.7022159 0.1102841 0.1102841
0 0.5717012 0.7647159 0.0919018 0.0919018
0 0.5937600 0.9007453 0.0919018 0.0919018
0 0.6029512 0.8603041 0.0919018 0.0919018
0 0.6231718 0.7665541 0.0919018 0.0919018
0 0.6231718 0.8989071 0.0919018 0.0919018
0 0.6360394 0.8143482 0.0919018 0.0919018
0 0.6654512 0.6728041 0.0919018 0.0919018
0 0.6764806 0.5717012 0.1102841 0.1102841
0 0.7169218 0.6801571 0.0919018 0.0919018
0 0.7334659 0.9117747 0.0919018 0.0882253
0 0.7371424 0.1121424 0.1102841 0.1102841
0 0.7389806 0.2261129 0.0919018 0.0919018
0 0.7426571 0.5257453 0.0919018 0.0919018
0 0.7665541 0.6580982 0.0919018 0.0919018
0 0.7849365 0.2775835 0.0919018 0.0919018
0 0.7849365 0.7187600 0.0919018 0.0919018
0 0.7867747 0.3547894 0.0919018 0.0919018
0 0.7886129 0.6047894 0.0919018 0.0919018
0 0.8180247 0.3125100 0.0919018 0.0919018
0 0.8253776 0.1066276 0.1102841 0.1102841
0 0.8364071 0.5551571 0.1102841 0.1102841
0 0.8382453 0.0404512 0.0919018 0.0919018
0 0.8584659 0.0900835 0.0919018 0.0919018
0 0.8584659 0.1819953 0.0919018 0.0919018
0 0.8694953 0.0000100 0.1102841 0.0882253
0 0.8768482 0.4025835 0.0919018 0.0919018
0 0.9025835 0.5018482 0.0919018 0.0919018
