0 0.0000100 0.2334659 0.1102841 0.2021959
0 0.0000100 0.2371424 0.1782988 0.2021959
0 0.0000100 0.2610394 0.0827106 0.1470488
0 0.0000100 0.2794218 0.0643282 0.1102841
0 0.0000100 0.3327306 0.1985194 0.2021959
0 0.0000100 0.3474365 0.1010929 0.2021959
0 0.0000100 0.3584659 0.1452106 0.2021959
0 0.0000100 0.3750100 0.0735194 0.1470488
0 0.0000100 0.3860394 0.1176371 0.1470488
0 0.0000100 0.3933924 0.0551371 0.1102841
0 0.0000100 0.4044218 0.0992547 0.1102841
0 0.0036865 0.2647159 0.1470488 0.1470488
0 0.0220688 0.2830982 0.1102841 0.1102841
0 0.0239071 0.3603041 0.1470488 0.1470488
0 0.0349365 0.3106718 0.2021959 0.2021959
0 0.0422894 0.3786865 0.1102841 0.1102841
0 0.0514806 0.2665541 0.2021959 0.2021959
0 0.0625100 0.3382453 0.1470488 0.1470488
0 0.0661865 0.3823629 0.2021959 0.2021959
0 0.0790541 0.2941276 0.1470488 0.1470488
0 0.0808924 0.3566276 0.1102841 0.1102841
0 0.0864071 0.4319953 0.2021959 0.2021959
0 0.0882453 0.3364071 0.2021959 0.2021959
0 0.0937600 0.4099365 0.1470488 0.1470488
0 0.0974365 0.3125100 0.1102841 0.1102841
0 0.1121424 0.4283188 0.1102841 0.1102841
0 0.1139806 0.4595688 0.1470488 0.1470488
0 0.1158188 0.3639806 0.1470488 0.1470488
0 0.1323629 0.4779512 0.1102841 0.1102841
0 0.1342012 0.3823629 0.1102841 0.1102841
0 0.1580982 0.4577306 0.2021959 0.2021959
0 0.1856718 0.4853041 0.1470488 0.1470488
0 0.2040541 0.5036865 0.1102841 0.1102841
