0 0.4467012 0.8915541 0.2021959 0.1084459
0 0.4742747 0.9191276 0.1470488 0.0808724
0 0.4926571 0.9375100 0.1102841 0.0624900
0 0.5404512 0.8750100 0.2021959 0.1249900
0 0.5680247 0.9025835 0.1470488 0.0974165
0 0.5864071 0.9209659 0.1102841 0.0790341
0 0.6286865 0.7978041 0.2021959 0.2021959
0 0.6562600 0.8253776 0.1470488 0.1470488
0 0.6746424 0.8437600 0.1102841 0.1102841
0 0.7794218 0.8547894 0.2021959 0.1452106
0 0.8069953 0.8823629 0.1470488 0.1176371
0 0.8253776 0.9007453 0.1102841 0.0992547
