0 0.3125100 0.7095688 0.2021959 0.2021959
0 0.3400835 0.7371424 0.1470488 0.1470488
0 0.3584659 0.7555247 0.1102841 0.1102841
0 0.3970688 0.7592012 0.2021959 0.2021959
0 0.4246424 0.7867747 0.1470488 0.1470488
0 0.4430247 0.8051571 0.1102841 0.1102841
0 0.5827306 0.4816276 0.2021959 0.2021959
0 0.6103041 0.5092012 0.1470488 0.1470488
0 0.6286865 0.5275835 0.1102841 0.1102841
0 0.6360394 0.4797894 0.2021959 0.2021959
0 0.6636129 0.5073629 0.1470488 0.1470488
0 0.6819953 0.5257453 0.1102841 0.1102841
0 0.7353041 0.8492747 0.2021959 0.1507253
0 0.7628776 0.8768482 0.1470488 0.1231518
0 0.7812600 0.8952306 0.1102841 0.1047694
