0 0.1728041 0.1525835 0.2021959 0.2021959
0 0.1856718 0.4393482 0.2757253 0.2757253
0 0.2003776 0.1801571 0.1470488 0.1470488
0 0.2187600 0.1985394 0.1102841 0.1102841
0 0.2224365 0.4761129 0.2021959 0.2021959
0 0.2500100 0.5036865 0.1470488 0.1470488
0 0.4650835 0.0000100 0.2757253 0.2242547
0 0.4761129 0.5147159 0.2757253 0.2757253
0 0.5018482 0.0000100 0.2021959 0.1874900
0 0.5128776 0.5514806 0.2021959 0.2021959
0 0.5294218 0.0128776 0.1470488 0.1470488
0 0.5404512 0.5790541 0.1470488 0.1470488
0 0.6875100 0.8161865 0.2757253 0.1838135
0 0.7242747 0.8529512 0.2021959 0.1470488
0 0.7518482 0.8805247 0.1470488 0.1194753
