0 0.3639806 0.8290541 0.2021959 0.1709459
0 0.3915541 0.8566276 0.1470488 0.1433724
0 0.4044218 0.8952306 0.2021959 0.1047694
0 0.4099365 0.8750100 0.1102841 0.1102841
0 0.4319953 0.9228041 0.1470488 0.0771959
0 0.4503776 0.9411865 0.1102841 0.0588135
0 0.7536865 0.1194953 0.2463135 0.2757253
0 0.7849365 0.8805247 0.2021959 0.1194753
0 0.7904512 0.1562600 0.2021959 0.2021959
0 0.8069953 0.7150835 0.1930047 0.2021959
0 0.8125100 0.9080982 0.1470488 0.0919018
0 0.8180247 0.1838335 0.1470488 0.1470488
0 0.8290541 0.3051571 0.1709459 0.2021959
0 0.8308924 0.9264806 0.1102841 0.0735194
0 0.8345688 0.7426571 0.1470488 0.1470488
0 0.8437600 0.8180247 0.1562400 0.1819753
0 0.8529512 0.7408188 0.1470488 0.2021959
0 0.8529512 0.7610394 0.1102841 0.1102841
0 0.8566276 0.3327306 0.1433724 0.1470488
0 0.8713335 0.8455982 0.1286665 0.1470488
0 0.8750100 0.3511129 0.1102841 0.1102841
0 0.8805247 0.7683924 0.1194753 0.1470488
0 0.8897159 0.8639806 0.1102841 0.1102841
0 0.8989071 0.7867747 0.1010929 0.1102841
