0 0.1819953 0.0000100 0.2021959 0.1525635
0 0.2095688 0.0000100 0.1470488 0.1249900
0 0.2279512 0.0000100 0.1102841 0.1066076
0 0.2665541 0.0000100 0.2021959 0.1157988
0 0.2941276 0.0000100 0.2021959 0.1452106
0 0.2941276 0.0000100 0.1470488 0.0882253
0 0.3125100 0.0000100 0.1102841 0.0698429
0 0.3198629 0.0000100 0.2021959 0.1985194
0 0.3217012 0.0000100 0.1470488 0.1176371
0 0.3400835 0.0000100 0.1102841 0.0992547
0 0.3474365 0.0239071 0.1470488 0.1470488
0 0.3639806 0.0092012 0.2021959 0.2021959
0 0.3658188 0.0422894 0.1102841 0.1102841
0 0.3731718 0.0569953 0.2021959 0.2021959
0 0.3915541 0.0367747 0.1470488 0.1470488
0 0.4007453 0.0845688 0.1470488 0.1470488
0 0.4099365 0.0551571 0.1102841 0.1102841
0 0.4136129 0.1305247 0.2021959 0.2021959
0 0.4191276 0.1029512 0.1102841 0.1102841
0 0.4356718 0.0000100 0.2021959 0.1525635
0 0.4393482 0.0974365 0.2021959 0.2021959
0 0.4411865 0.1580982 0.1470488 0.1470488
0 0.4595688 0.1764806 0.1102841 0.1102841
0 0.4632453 0.0000100 0.1470488 0.1249900
0 0.4650835 0.0147159 0.2021959 0.2021959
0 0.4669218 0.1250100 0.1470488 0.1470488
0 0.4816276 0.0000100 0.1102841 0.1066076
0 0.4853041 0.1433924 0.1102841 0.1102841
0 0.4926571 0.0422894 0.1470488 0.1470488
0 0.5018482 0.0937600 0.2021959 0.2021959
0 0.5055247 0.0128776 0.2021959 0.2021959
0 0.5110394 0.0606718 0.1102841 0.1102841
0 0.5202306 0.1250100 0.2021959 0.2021959
0 0.5294218 0.1213335 0.1470488 0.1470488
0 0.5330982 0.0404512 0.1470488 0.1470488
0 0.5478041 0.1397159 0.1102841 0.1102841
0 0.5478041 0.1525835 0.1470488 0.1470488
0 0.5514806 0.0588335 0.1102841 0.1102841
0 0.5661865 0.1709659 0.1102841 0.1102841
0 0.7628776 0.0312600 0.2021959 0.2021959
0 0.7904512 0.0588335 0.1470488 0.1470488
0 0.8088335 0.0772159 0.1102841 0.1102841
0 0.8933924 0.1911865 0.1066076 0.2021959
0 0.9209659 0.2187600 0.0790341 0.1470488
0 0.9393482 0.2371424 0.0606518 0.1102841
