0 0.0000100 0.3639806 0.1488871 0.2021959
0 0.0000100 0.3915541 0.1213135 0.1470488
0 0.0000100 0.4099365 0.1029312 0.1102841
0 0.0000100 0.5900835 0.1819753 0.2021959
0 0.0000100 0.6636129 0.1966812 0.2021959
0 0.0000100 0.7500100 0.1819753 0.2021959
0 0.0000100 0.7904512 0.1672694 0.2021959
0 0.0000100 0.8161865 0.1782988 0.1838135
0 0.0000100 0.8180247 0.1396959 0.1470488
0 0.0000100 0.8713335 0.1047694 0.1286665
0 0.0000100 0.8823629 0.1764606 0.1176371
0 0.0000100 0.8989071 0.0771959 0.1010929
0 0.0000100 0.9172894 0.0588135 0.0827106
0 0.0018482 0.9099365 0.1470488 0.0900635
0 0.0036865 0.8437600 0.1470488 0.1470488
0 0.0073629 0.6176571 0.1470488 0.1470488
0 0.0073629 0.7775835 0.1470488 0.1470488
0 0.0110394 0.8364071 0.1102841 0.1102841
0 0.0147159 0.3033188 0.2021959 0.2021959
0 0.0202306 0.9283188 0.1102841 0.0716812
0 0.0220688 0.6911865 0.1470488 0.1470488
0 0.0220688 0.8621424 0.1102841 0.1102841
0 0.0257453 0.6360394 0.1102841 0.1102841
0 0.0257453 0.7959659 0.1102841 0.1102841
0 0.0404512 0.7095688 0.1102841 0.1102841
0 0.0422894 0.3308924 0.1470488 0.1470488
0 0.0606718 0.3492747 0.1102841 0.1102841
0 0.0606718 0.8933924 0.2021959 0.1066076
0 0.0772159 0.5312600 0.2021959 0.2021959
0 0.0845688 0.7426571 0.2021959 0.2021959
0 0.0882453 0.9209659 0.1470488 0.0790341
0 0.0937600 0.6728041 0.2021959 0.2021959
0 0.1047894 0.5588335 0.1470488 0.1470488
0 0.1066276 0.9393482 0.1102841 0.0606518
0 0.1121424 0.7702306 0.1470488 0.1470488
0 0.1213335 0.7003776 0.1470488 0.1470488
0 0.1231718 0.5772159 0.1102841 0.1102841
0 0.1305247 0.7886129 0.1102841 0.1102841
0 0.1397159 0.7187600 0.1102841 0.1102841
0 0.1617747 0.8253776 0.2021959 0.1746224
0 0.1893482 0.8529512 0.1470488 0.1470488
0 0.2077306 0.8713335 0.1102841 0.1102841
0 0.2334659 0.7389806 0.2021959 0.2021959
0 0.2610394 0.7665541 0.1470488 0.1470488
0 0.2794218 0.7849365 0.1102841 0.1102841
0 0.3308924 0.8768482 0.2021959 0.1231518
0 0.3584659 0.9044218 0.1470488 0.0955782
0 0.3768482 0.9228041 0.1102841 0.0771959
0 0.8088335 0.5110394 0.1911665 0.2021959
0 0.8364071 0.5386129 0.1470488 0.1470488
0 0.8547894 0.5569953 0.1102841 0.1102841
