0 0.1985394 0.8382453 0.2021959 0.1617547
0 0.2261129 0.8658188 0.1470488 0.1341812
0 0.2334659 0.6084659 0.2021959 0.2021959
0 0.2444953 0.8842012 0.1102841 0.1102841
0 0.2610394 0.6360394 0.1470488 0.1470488
0 0.2794218 0.6544218 0.1102841 0.1102841
0 0.5588335 0.8069953 0.2021959 0.1930047
0 0.5864071 0.8345688 0.1470488 0.1470488
0 0.6047894 0.8529512 0.1102841 0.1102841
0 0.6342012 0.8364071 0.2757253 0.1635929
0 0.6709659 0.8731718 0.2021959 0.1268282
0 0.6985394 0.9007453 0.1470488 0.0992547
0 0.8327306 0.6360394 0.1672694 0.2021959
0 0.8603041 0.6636129 0.1396959 0.1470488
0 0.8786865 0.6819953 0.1102841 0.1102841
