0 0.0000100 0.3639806 0.1396959 0.2021959
0 0.0000100 0.3823629 0.1102841 0.2021959
0 0.0000100 0.3915541 0.1121224 0.1470488
0 0.0000100 0.4099365 0.0827106 0.1470488
0 0.0000100 0.4099365 0.0937400 0.1102841
0 0.0000100 0.4283188 0.0643282 0.1102841
0 0.0000100 0.8474365 0.1727841 0.1525635
0 0.0000100 0.8750100 0.1452106 0.1249900
0 0.0165541 0.8933924 0.1102841 0.1066076
0 0.0588335 0.4485394 0.2757253 0.2757253
0 0.0955982 0.4853041 0.2021959 0.2021959
0 0.1231718 0.5128776 0.1470488 0.1470488
0 0.6691276 0.1525835 0.2021959 0.2021959
0 0.6856718 0.0128776 0.2757253 0.2757253
0 0.6967012 0.1801571 0.1470488 0.1470488
0 0.6985394 0.1415541 0.2021959 0.2021959
0 0.7150835 0.1985394 0.1102841 0.1102841
0 0.7224365 0.0496424 0.2021959 0.2021959
0 0.7261129 0.1691276 0.1470488 0.1470488
0 0.7444953 0.1875100 0.1102841 0.1102841
0 0.7500100 0.0772159 0.1470488 0.1470488
0 0.8290541 0.0183924 0.1709459 0.2021959
0 0.8566276 0.0459659 0.1433724 0.1470488
0 0.8750100 0.0643482 0.1102841 0.1102841
