0 0.2297894 0.5845688 0.2021959 0.2021959
0 0.2573629 0.6121424 0.1470488 0.1470488
0 0.2757453 0.6305247 0.1102841 0.1102841
0 0.3382453 0.4485394 0.2021959 0.2021959
0 0.3658188 0.4761129 0.1470488 0.1470488
0 0.3842012 0.4944953 0.1102841 0.1102841
0 0.4503776 0.4485394 0.2021959 0.2021959
0 0.4779512 0.4761129 0.1470488 0.1470488
0 0.4963335 0.4944953 0.1102841 0.1102841
0 0.5459659 0.5055247 0.2021959 0.2021959
0 0.5735394 0.5330982 0.1470488 0.1470488
0 0.5919218 0.5514806 0.1102841 0.1102841
0 0.6066276 0.4154512 0.2021959 0.2021959
0 0.6342012 0.4430247 0.1470488 0.1470488
0 0.6470688 0.1672894 0.2021959 0.2021959
0 0.6525835 0.4614071 0.1102841 0.1102841
0 0.6746424 0.1948629 0.1470488 0.1470488
0 0.6930247 0.2132453 0.1102841 0.1102841
0 0.7003776 0.2904512 0.2021959 0.2021959
0 0.7279512 0.3180247 0.1470488 0.1470488
0 0.7463335 0.3364071 0.1102841 0.1102841
0 0.8897159 0.4264806 0.1102841 0.2021959
0 0.9172894 0.4540541 0.0827106 0.1470488
0 0.9356718 0.4724365 0.0643282 0.1102841
