0 0.0000100 0.1415541 0.2003576 0.2757253
0 0.0000100 0.1783188 0.1635929 0.2021959
0 0.0000100 0.2058924 0.1360194 0.1470488
0 0.0000100 0.3842012 0.1268282 0.2021959
0 0.0000100 0.4117747 0.0992547 0.1470488
0 0.0000100 0.4301571 0.0808724 0.1102841
0 0.0000100 0.6047894 0.1966812 0.2021959
0 0.0000100 0.7205982 0.1102841 0.2021959
0 0.0000100 0.7481718 0.0827106 0.1470488
0 0.0000100 0.7665541 0.0643282 0.1102841
0 0.0220688 0.6323629 0.1470488 0.1470488
0 0.0404512 0.6507453 0.1102841 0.1102841
0 0.4430247 0.1360394 0.2021959 0.2021959
0 0.4705982 0.1636129 0.1470488 0.1470488
0 0.4889806 0.1819953 0.1102841 0.1102841
0 0.5827306 0.0000100 0.2021959 0.1507253
0 0.6103041 0.0000100 0.1470488 0.1231518
0 0.6194953 0.7463335 0.2021959 0.2021959
0 0.6286865 0.0000100 0.1102841 0.1047694
0 0.6470688 0.7739071 0.1470488 0.1470488
0 0.6654512 0.7922894 0.1102841 0.1102841
0 0.7389806 0.0330982 0.2021959 0.2021959
0 0.7536865 0.6415541 0.2463135 0.2757253
0 0.7665541 0.0606718 0.1470488 0.1470488
0 0.7849365 0.0790541 0.1102841 0.1102841
0 0.7849365 0.2224365 0.2021959 0.2021959
0 0.7904512 0.6783188 0.2021959 0.2021959
0 0.8051571 0.1084659 0.1948429 0.2757253
0 0.8125100 0.2500100 0.1470488 0.1470488
0 0.8180247 0.7058924 0.1470488 0.1470488
0 0.8235394 0.4080982 0.1764606 0.2021959
0 0.8308924 0.2683924 0.1102841 0.1102841
0 0.8419218 0.1452306 0.1580782 0.2021959
0 0.8511129 0.4356718 0.1470488 0.1470488
0 0.8694953 0.1728041 0.1305047 0.1470488
0 0.8694953 0.4540541 0.1102841 0.1102841
