0 0.0000100 0.6452306 0.1727841 0.2021959
0 0.0000100 0.6728041 0.1452106 0.1470488
0 0.0092012 0.4301571 0.2021959 0.2021959
0 0.0165541 0.6911865 0.1102841 0.1102841
0 0.0312600 0.1948629 0.2021959 0.2021959
0 0.0367747 0.4577306 0.1470488 0.1470488
0 0.0551571 0.4761129 0.1102841 0.1102841
0 0.0588335 0.2224365 0.1470488 0.1470488
0 0.0772159 0.2408188 0.1102841 0.1102841
0 0.1433924 0.2500100 0.2757253 0.2757253
0 0.1801571 0.2867747 0.2021959 0.2021959
0 0.2077306 0.3143482 0.1470488 0.1470488
0 0.5974365 0.2592012 0.2021959 0.2021959
0 0.6250100 0.2867747 0.1470488 0.1470488
0 0.6268482 0.4301571 0.2021959 0.2021959
0 0.6433924 0.3051571 0.1102841 0.1102841
0 0.6544218 0.4577306 0.1470488 0.1470488
0 0.6728041 0.4761129 0.1102841 0.1102841
0 0.8161865 0.2573629 0.1838135 0.2021959
0 0.8437600 0.2849365 0.1470488 0.1470488
0 0.8621424 0.3033188 0.1102841 0.1102841
0 0.8750100 0.1176571 0.1249900 0.2021959
0 0.9025835 0.1452306 0.0974165 0.1470488
0 0.9209659 0.1636129 0.0790341 0.1102841
