0 0.0000100 0.3860394 0.1084459 0.2021959
0 0.0000100 0.4136129 0.0808724 0.1470488
0 0.0000100 0.4319953 0.0624900 0.1102841
0 0.0000100 0.6875100 0.1856518 0.2021959
0 0.0110394 0.7150835 0.1470488 0.1470488
0 0.0183924 0.8437600 0.2757253 0.1562400
0 0.0294218 0.7334659 0.1102841 0.1102841
0 0.0551571 0.8805247 0.2021959 0.1194753
0 0.0827306 0.9080982 0.1470488 0.0919018
0 0.0864071 0.3970688 0.2021959 0.2021959
0 0.1139806 0.4246424 0.1470488 0.1470488
0 0.1323629 0.4430247 0.1102841 0.1102841
0 0.1562600 0.7849365 0.2021959 0.2021959
0 0.1819953 0.4595688 0.2757253 0.2757253
0 0.1838335 0.8125100 0.1470488 0.1470488
0 0.2022159 0.8308924 0.1102841 0.1102841
0 0.2187600 0.4963335 0.2021959 0.2021959
0 0.2463335 0.5239071 0.1470488 0.1470488
0 0.3308924 0.2592012 0.2021959 0.2021959
0 0.3584659 0.2867747 0.1470488 0.1470488
0 0.3768482 0.3051571 0.1102841 0.1102841
0 0.3989071 0.3125100 0.2021959 0.2021959
0 0.4044218 0.3658188 0.2021959 0.2021959
0 0.4264806 0.3400835 0.1470488 0.1470488
0 0.4319953 0.3933924 0.1470488 0.1470488
0 0.4448629 0.3584659 0.1102841 0.1102841
0 0.4503776 0.4117747 0.1102841 0.1102841
0 0.4632453 0.7610394 0.2021959 0.2021959
0 0.4908188 0.7886129 0.1470488 0.1470488
0 0.5092012 0.8069953 0.1102841 0.1102841
0 0.5220688 0.8364071 0.2021959 0.1635929
0 0.5496424 0.8639806 0.1470488 0.1360194
0 0.5680247 0.8823629 0.1102841 0.1102841
