0 0.3511129 0.0478041 0.2757253 0.2757253
0 0.3878776 0.0845688 0.2021959 0.2021959
0 0.4154512 0.1121424 0.1470488 0.1470488
0 0.5422894 0.0000100 0.2021959 0.1985194
0 0.5698629 0.0239071 0.1470488 0.1470488
0 0.5882453 0.0422894 0.1102841 0.1102841
0 0.6213335 0.5827306 0.2757253 0.2757253
0 0.6415541 0.1250100 0.2021959 0.2021959
0 0.6580982 0.6194953 0.2021959 0.2021959
0 0.6691276 0.1525835 0.1470488 0.1470488
0 0.6856718 0.6470688 0.1470488 0.1470488
0 0.6875100 0.1709659 0.1102841 0.1102841
0 0.7040541 0.4191276 0.2021959 0.2021959
0 0.7316276 0.4467012 0.1470488 0.1470488
0 0.7500100 0.4650835 0.1102841 0.1102841
