0 0.0239071 0.1617747 0.0919018 0.0919018
0 0.0496424 0.1029512 0.0919018 0.0919018
0 0.0569953 0.1764806 0.0919018 0.0919018
0 0.0661865 0.8694953 0.1102841 0.1102841
0 0.0974365 0.2665541 0.0919018 0.0919018
0 0.1011129 0.1930247 0.0919018 0.0919018
0 0.1158188 0.7169218 0.0919018 0.0919018
0 0.1176571 0.7500100 0.0919018 0.0919018
0 0.1305247 0.2849365 0.0919018 0.0919018
0 0.1452306 0.7114071 0.0919018 0.0919018
0 0.1636129 0.0551571 0.0919018 0.0919018
0 0.1672894 0.2040541 0.0919018 0.0919018
0 0.1801571 0.2573629 0.0919018 0.0919018
0 0.1801571 0.7003776 0.0919018 0.0919018
0 0.1985394 0.3584659 0.0919018 0.0919018
0 0.2114071 0.2922894 0.0919018 0.0919018
0 0.2150835 0.3400835 0.0919018 0.0919018
0 0.2205982 0.0000100 0.0919018 0.0661665
0 0.2224365 0.0459659 0.0919018 0.0919018
0 0.2279512 0.6084659 0.0919018 0.0919018
0 0.2353041 0.0772159 0.0919018 0.0919018
0 0.2518482 0.1286865 0.0919018 0.0919018
0 0.2996424 0.0937600 0.0919018 0.0919018
0 0.3014806 0.5459659 0.0919018 0.0919018
0 0.3143482 0.2536865 0.0919018 0.0919018
0 0.3161865 0.2242747 0.0919018 0.0919018
0 0.3253776 0.3970688 0.0919018 0.0919018
0 0.3529512 0.4062600 0.0919018 0.0919018
0 0.3547894 0.2279512 0.0919018 0.0919018
0 0.3750100 0.4172894 0.0919018 0.0919018
0 0.3823629 0.0735394 0.0919018 0.0919018
0 0.3915541 0.1029512 0.0919018 0.0919018
0 0.4007453 0.3989071 0.0919018 0.0919018
0 0.4025835 0.1286865 0.0919018 0.0919018
0 0.4154512 0.4117747 0.0919018 0.0919018
0 0.4264806 0.4080982 0.1470488 0.1470488
0 0.4467012 0.3970688 0.0919018 0.0919018
0 0.5036865 0.1305247 0.0919018 0.0919018
0 0.5275835 0.2628776 0.0919018 0.0919018
0 0.5275835 0.3455982 0.0919018 0.0919018
0 0.5496424 0.3198629 0.0919018 0.0919018
0 0.5569953 0.1305247 0.0919018 0.0919018
0 0.5900835 0.1433924 0.0919018 0.0919018
0 0.6121424 0.0698629 0.0919018 0.0919018
0 0.6470688 0.0625100 0.0919018 0.0919018
0 0.6525835 0.2683924 0.0919018 0.0919018
0 0.6580982 0.6783188 0.0919018 0.0919018
0 0.6617747 0.2077306 0.0919018 0.0919018
0 0.6691276 0.0404512 0.0919018 0.0919018
0 0.6728041 0.5588335 0.0919018 0.0919018
0 0.6746424 0.1305247 0.0919018 0.0919018
0 0.6875100 0.0147159 0.0919018 0.0919018
0 0.7334659 0.1231718 0.0919018 0.0919018
0 0.7665541 0.1728041 0.0919018 0.0919018
0 0.7702306 0.1231718 0.0919018 0.0919018
