0 0.0000100 0.0000100 0.1948429 0.1966812
0 0.0000100 0.0000100 0.1580782 0.1599165
0 0.0000100 0.0000100 0.1305047 0.1323429
0 0.2371424 0.4467012 0.2021959 0.2021959
0 0.2647159 0.4742747 0.1470488 0.1470488
0 0.2830982 0.4926571 0.1102841 0.1102841
0 0.3088335 0.6121424 0.2021959 0.2021959
0 0.3364071 0.6397159 0.1470488 0.1470488
0 0.3547894 0.6580982 0.1102841 0.1102841
0 0.4908188 0.3180247 0.2021959 0.2021959
0 0.5183924 0.3455982 0.1470488 0.1470488
0 0.5367747 0.3639806 0.1102841 0.1102841
