0 0.0000100 0.3272159 0.0624900 0.0919018
0 0.0000100 0.4944953 0.0588135 0.0919018
0 0.0000100 0.5753776 0.0532988 0.0919018
0 0.0202306 0.3529512 0.0919018 0.0919018
0 0.0220688 0.5036865 0.0919018 0.0919018
0 0.0257453 0.5864071 0.0919018 0.0919018
0 0.0330982 0.8989071 0.0919018 0.0919018
0 0.0533188 0.7242747 0.0919018 0.0919018
0 0.0661865 0.3658188 0.0919018 0.0919018
0 0.0808924 0.7536865 0.0919018 0.0919018
0 0.0827306 0.2481718 0.0919018 0.0919018
0 0.0974365 0.4944953 0.0919018 0.0919018
0 0.1066276 0.8639806 0.0919018 0.0919018
0 0.1084659 0.4062600 0.0919018 0.0919018
0 0.1213335 0.6397159 0.0919018 0.0919018
0 0.1213335 0.8970688 0.0919018 0.0919018
0 0.1360394 0.4099365 0.0919018 0.0919018
0 0.1397159 0.6158188 0.0919018 0.0919018
0 0.1415541 0.4540541 0.0919018 0.0919018
0 0.1525835 0.2904512 0.0919018 0.0919018
0 0.1544218 0.2573629 0.0919018 0.0919018
0 0.1544218 0.3878776 0.0919018 0.0919018
0 0.1654512 0.3272159 0.0919018 0.0919018
0 0.1654512 0.8805247 0.0919018 0.0919018
0 0.1783188 0.4650835 0.0919018 0.0919018
0 0.1801571 0.3658188 0.0919018 0.0919018
0 0.1801571 0.3915541 0.0919018 0.0919018
0 0.2040541 0.3474365 0.0919018 0.0919018
0 0.2114071 0.9025835 0.0919018 0.0919018
0 0.2169218 0.7426571 0.1102841 0.1102841
0 0.2297894 0.3400835 0.0919018 0.0919018
0 0.2316276 0.5294218 0.0919018 0.0919018
0 0.2334659 0.6323629 0.0919018 0.0919018
0 0.2518482 0.3658188 0.0919018 0.0919018
0 0.2610394 0.2904512 0.0919018 0.0919018
0 0.2720688 0.4448629 0.0919018 0.0919018
0 0.2720688 0.5386129 0.0919018 0.0919018
0 0.2720688 0.9375100 0.0919018 0.0624900
0 0.2775835 0.3492747 0.0919018 0.0919018
0 0.2830982 0.5073629 0.0919018 0.0919018
0 0.3014806 0.5864071 0.0919018 0.0919018
0 0.3033188 0.2150835 0.0919018 0.0919018
0 0.3033188 0.6415541 0.0919018 0.0919018
0 0.3069953 0.3731718 0.0919018 0.0919018
0 0.3088335 0.4301571 0.0919018 0.0919018
0 0.3125100 0.4944953 0.0919018 0.0919018
0 0.3143482 0.0018482 0.0919018 0.0919018
0 0.3382453 0.3970688 0.0919018 0.0919018
0 0.3437600 0.5404512 0.0919018 0.0919018
0 0.3584659 0.3621424 0.0919018 0.0919018
0 0.3658188 0.4944953 0.0919018 0.0919018
0 0.3694953 0.4301571 0.0919018 0.0919018
0 0.3750100 0.6415541 0.0919018 0.0919018
0 0.4025835 0.2739071 0.0919018 0.0919018
0 0.4080982 0.5606718 0.0919018 0.0919018
0 0.4117747 0.5900835 0.0919018 0.0919018
0 0.4154512 0.8217012 0.0919018 0.0919018
0 0.4172894 0.0955982 0.0919018 0.0919018
0 0.4246424 0.5018482 0.0919018 0.0919018
0 0.4283188 0.4136129 0.1102841 0.1102841
0 0.4283188 0.6268482 0.0919018 0.0919018
0 0.4448629 0.8161865 0.0919018 0.0919018
0 0.4503776 0.6856718 0.0919018 0.0919018
0 0.4724365 0.0404512 0.0919018 0.0919018
0 0.4853041 0.8713335 0.0919018 0.0919018
0 0.5055247 0.5790541 0.0919018 0.0919018
0 0.5110394 0.6875100 0.0919018 0.0919018
0 0.5183924 0.8253776 0.0919018 0.0919018
0 0.5183924 0.8786865 0.0919018 0.0919018
0 0.5459659 0.3455982 0.1102841 0.1102841
0 0.5661865 0.9375100 0.0919018 0.0624900
0 0.5735394 0.8786865 0.0919018 0.0919018
0 0.6066276 0.8529512 0.0919018 0.0919018
0 0.8106718 0.8566276 0.0919018 0.0919018
0 0.8419218 0.8511129 0.0919018 0.0919018
0 0.8639806 0.7389806 0.0919018 0.0919018
0 0.8658188 0.6029512 0.0919018 0.0919018
0 0.8658188 0.6617747 0.0919018 0.0919018
0 0.8915541 0.7500100 0.0919018 0.0919018
0 0.9154512 0.7371424 0.0845488 0.0919018
0 0.9301571 0.8308924 0.0698429 0.0919018
0 0.9430247 0.7775835 0.0569753 0.0919018
