0 0.0000100 0.1654512 0.0514606 0.0919018
0 0.0000100 0.1930247 0.0588135 0.0919018
0 0.0000100 0.3290541 0.0606518 0.0919018
0 0.0000100 0.3419218 0.0680047 0.0919018
0 0.0000100 0.4062600 0.0680047 0.0919018
0 0.0000100 0.4375100 0.0882253 0.0919018
0 0.0000100 0.5275835 0.0496224 0.0919018
0 0.0000100 0.5606718 0.0588135 0.0919018
0 0.0000100 0.5717012 0.0459459 0.0919018
0 0.0000100 0.6066276 0.0808724 0.0919018
0 0.0000100 0.6415541 0.0588135 0.0919018
0 0.0000100 0.6562600 0.0624900 0.0919018
0 0.0000100 0.6783188 0.0771959 0.0919018
0 0.0000100 0.7426571 0.0643282 0.0919018
0 0.0000100 0.9356718 0.0661665 0.0643282
0 0.0092012 0.5312600 0.0919018 0.0919018
0 0.0110394 0.7224365 0.0919018 0.0919018
0 0.0128776 0.2279512 0.0919018 0.0919018
0 0.0128776 0.5055247 0.0919018 0.0919018
0 0.0165541 0.2077306 0.0919018 0.0919018
0 0.0275835 0.0974365 0.0919018 0.0919018
0 0.0312600 0.2169218 0.0919018 0.0919018
0 0.0312600 0.7150835 0.0919018 0.0919018
0 0.0349365 0.4853041 0.0919018 0.0919018
0 0.0386129 0.0569953 0.0919018 0.0919018
0 0.0422894 0.7886129 0.0919018 0.0919018
0 0.0441276 0.7610394 0.0919018 0.0919018
0 0.0533188 0.4301571 0.0919018 0.0919018
0 0.0551571 0.1783188 0.0919018 0.0919018
0 0.0569953 0.7040541 0.0919018 0.0919018
0 0.0588335 0.2665541 0.0919018 0.0919018
0 0.0588335 0.6250100 0.0919018 0.0919018
0 0.0625100 0.2261129 0.0919018 0.0919018
0 0.0625100 0.5257453 0.0919018 0.0919018
0 0.0625100 0.8217012 0.0919018 0.0919018
0 0.0661865 0.4871424 0.0919018 0.0919018
0 0.0753776 0.7573629 0.0919018 0.0919018
0 0.0772159 0.3272159 0.0919018 0.0919018
0 0.0772159 0.7775835 0.0919018 0.0919018
0 0.0790541 0.5680247 0.0919018 0.0919018
0 0.0808924 0.6452306 0.1470488 0.1470488
0 0.0900835 0.6121424 0.0919018 0.0919018
0 0.0919218 0.2408188 0.0919018 0.0919018
0 0.0974365 0.0955982 0.0919018 0.0919018
0 0.0974365 0.9172894 0.0919018 0.0827106
0 0.1029512 0.5790541 0.0919018 0.0919018
0 0.1103041 0.3897159 0.0919018 0.0919018
0 0.1103041 0.4577306 0.0919018 0.0919018
0 0.1158188 0.0514806 0.0919018 0.0919018
0 0.1176571 0.1893482 0.0919018 0.0919018
0 0.1194953 0.7444953 0.0919018 0.0919018
0 0.1213335 0.2775835 0.0919018 0.0919018
0 0.1286865 0.7978041 0.0919018 0.0919018
0 0.1433924 0.2040541 0.0919018 0.0919018
0 0.1433924 0.4154512 0.0919018 0.0919018
0 0.1507453 0.7408188 0.0919018 0.0919018
0 0.1525835 0.2904512 0.0919018 0.0919018
0 0.1636129 0.4650835 0.0919018 0.0919018
0 0.1654512 0.8584659 0.0919018 0.0919018
0 0.1654512 0.8860394 0.0919018 0.0919018
0 0.1728041 0.9375100 0.0919018 0.0624900
0 0.1783188 0.7739071 0.0919018 0.0919018
0 0.1819953 0.6985394 0.0919018 0.0919018
0 0.1856718 0.3842012 0.0919018 0.0919018
0 0.1856718 0.4889806 0.0919018 0.0919018
0 0.1875100 0.2739071 0.0919018 0.0919018
0 0.1911865 0.5202306 0.0919018 0.0919018
0 0.1911865 0.9283188 0.0919018 0.0716812
0 0.2003776 0.3069953 0.0919018 0.0919018
0 0.2132453 0.7077306 0.0919018 0.0919018
0 0.2297894 0.6654512 0.0919018 0.0919018
0 0.2316276 0.5937600 0.0919018 0.0919018
0 0.2371424 0.3198629 0.0919018 0.0919018
0 0.2408188 0.7426571 0.0919018 0.0919018
0 0.2426571 0.7757453 0.0919018 0.0919018
0 0.2536865 0.3327306 0.0919018 0.0919018
0 0.2683924 0.3069953 0.0919018 0.0919018
0 0.2978041 0.3364071 0.0919018 0.0919018
0 0.3180247 0.4430247 0.0919018 0.0919018
0 0.3364071 0.7720688 0.0919018 0.0919018
0 0.3400835 0.4356718 0.0919018 0.0919018
0 0.4650835 0.4577306 0.0919018 0.0919018
0 0.6397159 0.2150835 0.0919018 0.0919018
