0 0.3860394 0.0000100 0.2021959 0.1213135
0 0.3970688 0.0000100 0.2021959 0.1580782
0 0.4099365 0.0000100 0.2021959 0.1746224
0 0.4136129 0.0000100 0.2021959 0.2021959
0 0.4136129 0.0000100 0.1470488 0.0937400
0 0.4246424 0.0000100 0.1470488 0.1305047
0 0.4264806 0.0643482 0.2021959 0.2021959
0 0.4319953 0.0000100 0.1102841 0.0753576
0 0.4338335 0.0000100 0.2021959 0.1507253
0 0.4375100 0.0000100 0.1470488 0.1470488
0 0.4411865 0.0275835 0.1470488 0.1470488
0 0.4411865 0.0533188 0.2021959 0.2021959
0 0.4430247 0.0018482 0.1102841 0.1102841
0 0.4503776 0.0000100 0.2757253 0.2132253
0 0.4540541 0.0919218 0.1470488 0.1470488
0 0.4558924 0.0183924 0.1102841 0.1102841
0 0.4595688 0.0459659 0.1102841 0.1102841
0 0.4614071 0.0000100 0.1470488 0.1231518
0 0.4632453 0.0239071 0.2021959 0.2021959
0 0.4687600 0.0808924 0.1470488 0.1470488
0 0.4724365 0.1103041 0.1102841 0.1102841
0 0.4797894 0.0000100 0.1102841 0.1047694
0 0.4871424 0.0000100 0.2021959 0.1764606
0 0.4871424 0.0992747 0.1102841 0.1102841
0 0.4908188 0.0514806 0.1470488 0.1470488
0 0.4926571 0.1084659 0.2021959 0.2021959
0 0.5092012 0.0698629 0.1102841 0.1102841
0 0.5147159 0.0018482 0.1470488 0.1470488
0 0.5202306 0.1360394 0.1470488 0.1470488
0 0.5386129 0.1544218 0.1102841 0.1102841
0 0.5569953 0.0551571 0.2021959 0.2021959
0 0.5845688 0.0827306 0.1470488 0.1470488
0 0.6029512 0.1011129 0.1102841 0.1102841
0 0.6047894 0.0753776 0.2021959 0.2021959
0 0.6103041 0.1029512 0.2021959 0.2021959
0 0.6323629 0.1029512 0.1470488 0.1470488
0 0.6378776 0.1305247 0.1470488 0.1470488
0 0.6470688 0.1397159 0.2021959 0.2021959
0 0.6507453 0.1213335 0.1102841 0.1102841
0 0.6562600 0.1489071 0.1102841 0.1102841
0 0.6746424 0.1672894 0.1470488 0.1470488
0 0.6930247 0.1856718 0.1102841 0.1102841
0 0.7316276 0.0992747 0.2021959 0.2021959
0 0.7592012 0.1268482 0.1470488 0.1470488
0 0.7775835 0.1452306 0.1102841 0.1102841
