0 0.4779512 0.1599365 0.2021959 0.2021959
0 0.4871424 0.7481718 0.2021959 0.2021959
0 0.4908188 0.2187600 0.2021959 0.2021959
0 0.5055247 0.1875100 0.1470488 0.1470488
0 0.5147159 0.7757453 0.1470488 0.1470488
0 0.5183924 0.2463335 0.1470488 0.1470488
0 0.5239071 0.2058924 0.1102841 0.1102841
0 0.5330982 0.7941276 0.1102841 0.1102841
0 0.5367747 0.2647159 0.1102841 0.1102841
0 0.5661865 0.3547894 0.2021959 0.2021959
0 0.5937600 0.3823629 0.1470488 0.1470488
0 0.6121424 0.4007453 0.1102841 0.1102841
0 0.7297894 0.7003776 0.2021959 0.2021959
0 0.7573629 0.7279512 0.1470488 0.1470488
0 0.7702306 0.4614071 0.2021959 0.2021959
0 0.7757453 0.7463335 0.1102841 0.1102841
0 0.7978041 0.4889806 0.1470488 0.1470488
0 0.8161865 0.5073629 0.1102841 0.1102841
0 0.8437600 0.2683924 0.1562400 0.2021959
0 0.8584659 0.7941276 0.1415341 0.2021959
0 0.8713335 0.2959659 0.1286665 0.1470488
0 0.8860394 0.8217012 0.1139606 0.1470488
0 0.8897159 0.3143482 0.1102841 0.1102841
0 0.9044218 0.8400835 0.0955782 0.1102841
