0 0.1084659 0.0000100 0.2021959 0.1231518
0 0.1360394 0.0000100 0.1470488 0.0955782
0 0.1544218 0.0000100 0.1102841 0.0771959
0 0.5147159 0.2849365 0.2021959 0.2021959
0 0.5422894 0.3125100 0.1470488 0.1470488
0 0.5606718 0.3308924 0.1102841 0.1102841
0 0.5643482 0.0404512 0.2757253 0.2757253
0 0.6011129 0.0772159 0.2021959 0.2021959
0 0.6286865 0.1047894 0.1470488 0.1470488
0 0.8364071 0.6985394 0.1635929 0.2021959
0 0.8639806 0.7261129 0.1360194 0.1470488
0 0.8823629 0.7444953 0.1102841 0.1102841
