0 0.0606718 0.3970688 0.0919018 0.0919018
0 0.0882453 0.7261129 0.0919018 0.0919018
0 0.0900835 0.2849365 0.0919018 0.0919018
0 0.1176571 0.8069953 0.1470488 0.1470488
0 0.1213335 0.3327306 0.0919018 0.0919018
0 0.1342012 0.9154512 0.0919018 0.0845488
0 0.1525835 0.1544218 0.0919018 0.0919018
0 0.1544218 0.2353041 0.0919018 0.0919018
0 0.1617747 0.7040541 0.0919018 0.0919018
0 0.2169218 0.2077306 0.0919018 0.0919018
0 0.2463335 0.5386129 0.0919018 0.0919018
0 0.2518482 0.0955982 0.0919018 0.0919018
0 0.2536865 0.1654512 0.0919018 0.0919018
0 0.2610394 0.4448629 0.0919018 0.0919018
0 0.2647159 0.0496424 0.0919018 0.0919018
0 0.2739071 0.0000100 0.0919018 0.0588135
0 0.2794218 0.0239071 0.0919018 0.0919018
0 0.2886129 0.0055247 0.0919018 0.0919018
0 0.3143482 0.4080982 0.0919018 0.0919018
0 0.3253776 0.1452306 0.0919018 0.0919018
0 0.3308924 0.4779512 0.0919018 0.0919018
0 0.3603041 0.4356718 0.0919018 0.0919018
0 0.3658188 0.0000100 0.0919018 0.0624900
0 0.3676571 0.0643482 0.0919018 0.0919018
0 0.4025835 0.2463335 0.0919018 0.0919018
0 0.4117747 0.3069953 0.0919018 0.0919018
0 0.4283188 0.2040541 0.0919018 0.0919018
0 0.4577306 0.2077306 0.0919018 0.0919018
0 0.4834659 0.1636129 0.0919018 0.0919018
0 0.4853041 0.2647159 0.0919018 0.0919018
0 0.5643482 0.2444953 0.0919018 0.0919018
0 0.5661865 0.1617747 0.0919018 0.0919018
0 0.6360394 0.0974365 0.0919018 0.0919018
0 0.6672894 0.1709659 0.0919018 0.0919018
0 0.6985394 0.1948629 0.0919018 0.0919018
0 0.7205982 0.0496424 0.0919018 0.0919018
0 0.7224365 0.1360394 0.0919018 0.0919018
0 0.7242747 0.0073629 0.0919018 0.0919018
0 0.7647159 0.0000100 0.0919018 0.0882253
0 0.7849365 0.0606718 0.0919018 0.0919018
0 0.8290541 0.1580982 0.0919018 0.0919018
0 0.8327306 0.0000100 0.0919018 0.0606518
0 0.8547894 0.1231718 0.1102841 0.1102841
0 0.8713335 0.0165541 0.0919018 0.0919018
