0 0.1856718 0.6746424 0.0919018 0.0919018
0 0.2077306 0.3970688 0.0919018 0.0919018
0 0.2408188 0.6507453 0.0919018 0.0919018
0 0.2463335 0.7353041 0.0919018 0.0919018
0 0.2610394 0.4595688 0.0919018 0.0919018
0 0.2683924 0.9044218 0.0919018 0.0919018
0 0.2922894 0.6709659 0.0919018 0.0919018
0 0.3014806 0.8474365 0.0919018 0.0919018
0 0.3198629 0.9044218 0.0919018 0.0919018
0 0.3290541 0.7812600 0.0919018 0.0919018
0 0.3364071 0.3805247 0.0919018 0.0919018
0 0.3400835 0.5992747 0.0919018 0.0919018
0 0.3437600 0.5147159 0.0919018 0.0919018
0 0.3455982 0.9430247 0.0919018 0.0569753
0 0.3529512 0.8180247 0.0919018 0.0919018
0 0.3621424 0.2628776 0.1470488 0.1470488
0 0.3621424 0.8768482 0.0919018 0.0919018
0 0.3694953 0.4246424 0.0919018 0.0919018
0 0.3823629 0.7187600 0.1102841 0.1102841
0 0.4117747 0.8492747 0.1470488 0.1470488
0 0.4522159 0.6838335 0.0919018 0.0919018
0 0.4595688 0.2297894 0.0919018 0.0919018
0 0.4779512 0.6967012 0.0919018 0.0919018
0 0.4871424 0.8088335 0.0919018 0.0919018
0 0.4889806 0.7316276 0.0919018 0.0919018
0 0.5110394 0.9154512 0.0919018 0.0845488
0 0.5312600 0.7665541 0.0919018 0.0919018
0 0.5349365 0.6452306 0.1102841 0.1102841
0 0.5478041 0.8621424 0.0919018 0.0919018
0 0.5643482 0.7114071 0.0919018 0.0919018
0 0.5790541 0.8272159 0.0919018 0.0919018
0 0.5845688 0.5955982 0.0919018 0.0919018
0 0.5864071 0.5257453 0.0919018 0.0919018
0 0.6433924 0.5661865 0.0919018 0.0919018
0 0.6580982 0.6672894 0.0919018 0.0919018
0 0.6654512 0.7444953 0.0919018 0.0919018
0 0.7169218 0.5073629 0.0919018 0.0919018
0 0.7316276 0.6415541 0.0919018 0.0919018
0 0.7794218 0.9467012 0.0919018 0.0532988
0 0.8088335 0.9356718 0.0919018 0.0643282
0 0.8584659 0.9228041 0.0919018 0.0771959
0 0.8860394 0.8786865 0.0919018 0.0919018
