0 0.0000100 0.3014806 0.1121224 0.2021959
0 0.0000100 0.3290541 0.0845488 0.1470488
0 0.0000100 0.3474365 0.0661665 0.1102841
0 0.1323629 0.6194953 0.2757253 0.2757253
0 0.1691276 0.6562600 0.2021959 0.2021959
0 0.1967012 0.6838335 0.1470488 0.1470488
0 0.5239071 0.4944953 0.2021959 0.2021959
0 0.5514806 0.5220688 0.1470488 0.1470488
0 0.5698629 0.5404512 0.1102841 0.1102841
0 0.6617747 0.7720688 0.2021959 0.2021959
0 0.6893482 0.7996424 0.1470488 0.1470488
0 0.7077306 0.8180247 0.1102841 0.1102841
