0 0.7353041 0.0386129 0.0919018 0.0919018
0 0.7518482 0.0000100 0.0919018 0.0643282
0 0.7794218 0.1194953 0.0919018 0.0919018
0 0.7794218 0.1489071 0.0919018 0.0919018
0 0.7867747 0.0312600 0.0919018 0.0919018
0 0.7922894 0.0000100 0.0919018 0.0643282
0 0.8069953 0.1194953 0.0919018 0.0919018
0 0.8290541 0.0000100 0.0919018 0.0496224
0 0.8345688 0.1176571 0.0919018 0.0919018
0 0.8897159 0.0000100 0.0919018 0.0863871
0 0.8915541 0.2849365 0.0919018 0.0919018
0 0.9062600 0.0588335 0.0919018 0.0919018
0 0.9485394 0.5422894 0.0514606 0.0919018
0 0.9503776 0.2683924 0.0496224 0.0919018
