0 0.0000100 0.3088335 0.1305047 0.2021959
0 0.0000100 0.3217012 0.2021959 0.2757253
0 0.0000100 0.3364071 0.1029312 0.1470488
0 0.0000100 0.3547894 0.0845488 0.1102841
0 0.0000100 0.3584659 0.1654312 0.2021959
0 0.0000100 0.3860394 0.1378576 0.1470488
0 0.0000100 0.4191276 0.1746224 0.2021959
0 0.0000100 0.4467012 0.1470488 0.1470488
0 0.0000100 0.4724365 0.1911665 0.2021959
0 0.0000100 0.6783188 0.1323429 0.2021959
0 0.0000100 0.7058924 0.1047694 0.1470488
0 0.0000100 0.7242747 0.0863871 0.1102841
0 0.0000100 0.8455982 0.1764606 0.1544018
0 0.0000100 0.8805247 0.1580782 0.1194753
0 0.0000100 0.9080982 0.1305047 0.0919018
0 0.0018482 0.8731718 0.1470488 0.1268282
0 0.0018482 0.9264806 0.1102841 0.0735194
0 0.0165541 0.5000100 0.1470488 0.1470488
0 0.0183924 0.4650835 0.1102841 0.1102841
0 0.0202306 0.2922894 0.2021959 0.2021959
0 0.0202306 0.8915541 0.1102841 0.1084459
0 0.0349365 0.5183924 0.1102841 0.1102841
0 0.0404512 0.5422894 0.2021959 0.2021959
0 0.0478041 0.3198629 0.1470488 0.1470488
0 0.0496424 0.8805247 0.2021959 0.1194753
0 0.0661865 0.3382453 0.1102841 0.1102841
0 0.0680247 0.5698629 0.1470488 0.1470488
0 0.0772159 0.9080982 0.1470488 0.0919018
0 0.0864071 0.5882453 0.1102841 0.1102841
0 0.0882453 0.4025835 0.2021959 0.2021959
0 0.0955982 0.9264806 0.1102841 0.0735194
0 0.1158188 0.4301571 0.1470488 0.1470488
0 0.1342012 0.4485394 0.1102841 0.1102841
0 0.2316276 0.6801571 0.2021959 0.2021959
0 0.2592012 0.7077306 0.1470488 0.1470488
0 0.2775835 0.7261129 0.1102841 0.1102841
0 0.5202306 0.2886129 0.2021959 0.2021959
0 0.5257453 0.0882453 0.2021959 0.2021959
0 0.5478041 0.3161865 0.1470488 0.1470488
0 0.5533188 0.1158188 0.1470488 0.1470488
0 0.5661865 0.3345688 0.1102841 0.1102841
0 0.5717012 0.1342012 0.1102841 0.1102841
0 0.5753776 0.2077306 0.2021959 0.2021959
0 0.6029512 0.2353041 0.1470488 0.1470488
0 0.6213335 0.2536865 0.1102841 0.1102841
0 0.6911865 0.1433924 0.2021959 0.2021959
0 0.7187600 0.1709659 0.1470488 0.1470488
0 0.7371424 0.1893482 0.1102841 0.1102841
0 0.7628776 0.2739071 0.2371224 0.2757253
0 0.7996424 0.3106718 0.2003576 0.2021959
0 0.8272159 0.3382453 0.1470488 0.1470488
