0 0.0000100 0.0882453 0.1047694 0.2021959
0 0.0000100 0.1158188 0.0771959 0.1470488
0 0.0000100 0.1342012 0.0588135 0.1102841
0 0.0000100 0.2610394 0.1874900 0.2021959
0 0.0000100 0.3364071 0.1580782 0.2021959
0 0.0000100 0.3639806 0.1305047 0.1470488
0 0.0000100 0.3952306 0.1672694 0.2021959
0 0.0000100 0.4228041 0.1396959 0.1470488
0 0.0000100 0.4650835 0.1470488 0.2021959
0 0.0000100 0.4926571 0.1194753 0.1470488
0 0.0000100 0.5110394 0.1010929 0.1102841
0 0.0018482 0.3823629 0.1102841 0.1102841
0 0.0110394 0.4411865 0.1102841 0.1102841
0 0.0128776 0.2886129 0.1470488 0.1470488
0 0.0275835 0.3143482 0.2021959 0.2021959
0 0.0312600 0.3069953 0.1102841 0.1102841
0 0.0551571 0.3419218 0.1470488 0.1470488
0 0.0735394 0.3603041 0.1102841 0.1102841
0 0.1691276 0.7095688 0.2021959 0.2021959
0 0.1948629 0.6728041 0.2021959 0.2021959
0 0.1967012 0.7371424 0.1470488 0.1470488
0 0.2150835 0.7555247 0.1102841 0.1102841
0 0.2224365 0.7003776 0.1470488 0.1470488
0 0.2408188 0.7187600 0.1102841 0.1102841
