0 0.0000100 0.7426571 0.1525635 0.2021959
0 0.0000100 0.7702306 0.1249900 0.1470488
0 0.0000100 0.7886129 0.1066076 0.1102841
0 0.0147159 0.8217012 0.2757253 0.1782988
0 0.0514806 0.8584659 0.2021959 0.1415341
0 0.0790541 0.8860394 0.1470488 0.1139606
0 0.2077306 0.8014806 0.2021959 0.1985194
0 0.2353041 0.8290541 0.1470488 0.1470488
0 0.2536865 0.8474365 0.1102841 0.1102841
0 0.3952306 0.3051571 0.2021959 0.2021959
0 0.4228041 0.3327306 0.1470488 0.1470488
0 0.4411865 0.3511129 0.1102841 0.1102841
