0 0.0000100 0.0735394 0.1562400 0.2021959
0 0.0000100 0.1011129 0.1286665 0.1470488
0 0.0000100 0.1194953 0.1102841 0.1102841
0 0.0000100 0.1599365 0.1157988 0.2021959
0 0.0000100 0.1875100 0.0882253 0.1470488
0 0.0000100 0.2058924 0.0698429 0.1102841
0 0.0000100 0.2169218 0.1562400 0.2757253
0 0.0000100 0.2536865 0.1194753 0.2021959
0 0.0000100 0.2812600 0.0919018 0.1470488
0 0.0239071 0.0349365 0.2021959 0.2021959
0 0.0514806 0.0625100 0.1470488 0.1470488
0 0.0698629 0.0808924 0.1102841 0.1102841
0 0.0882453 0.1452306 0.2021959 0.2021959
0 0.1158188 0.1728041 0.1470488 0.1470488
0 0.1342012 0.1911865 0.1102841 0.1102841
0 0.1562600 0.2408188 0.2021959 0.2021959
0 0.1838335 0.1599365 0.2021959 0.2021959
0 0.1838335 0.2683924 0.1470488 0.1470488
0 0.2022159 0.2867747 0.1102841 0.1102841
0 0.2114071 0.1875100 0.1470488 0.1470488
0 0.2297894 0.2058924 0.1102841 0.1102841
0 0.2444953 0.2849365 0.2021959 0.2021959
0 0.2720688 0.3125100 0.1470488 0.1470488
0 0.2904512 0.3308924 0.1102841 0.1102841
0 0.2978041 0.3014806 0.2021959 0.2021959
0 0.3217012 0.0000100 0.2021959 0.1746224
0 0.3253776 0.3290541 0.1470488 0.1470488
0 0.3400835 0.0588335 0.2021959 0.2021959
0 0.3437600 0.3474365 0.1102841 0.1102841
0 0.3474365 0.2022159 0.2021959 0.2021959
0 0.3492747 0.0000100 0.1470488 0.1470488
0 0.3676571 0.0183924 0.1102841 0.1102841
0 0.3676571 0.0864071 0.1470488 0.1470488
0 0.3750100 0.2297894 0.1470488 0.1470488
0 0.3805247 0.0000100 0.2021959 0.1433724
0 0.3860394 0.1047894 0.1102841 0.1102841
0 0.3933924 0.2481718 0.1102841 0.1102841
0 0.4080982 0.0000100 0.1470488 0.1157988
0 0.4228041 0.0000100 0.2021959 0.1268282
0 0.4264806 0.0000100 0.1102841 0.0974165
0 0.4411865 0.3069953 0.2021959 0.2021959
0 0.4503776 0.0000100 0.1470488 0.0992547
0 0.4558924 0.0000100 0.2021959 0.1268282
0 0.4687600 0.0000100 0.1102841 0.0808724
0 0.4687600 0.3345688 0.1470488 0.1470488
0 0.4834659 0.0000100 0.1470488 0.0992547
0 0.4871424 0.3529512 0.1102841 0.1102841
0 0.5018482 0.0000100 0.1102841 0.0808724
0 0.5864071 0.2904512 0.2021959 0.2021959
0 0.6139806 0.3180247 0.1470488 0.1470488
0 0.6323629 0.3364071 0.1102841 0.1102841
0 0.7261129 0.3308924 0.2021959 0.2021959
0 0.7371424 0.2463335 0.2021959 0.2021959
0 0.7536865 0.3584659 0.1470488 0.1470488
0 0.7573629 0.0000100 0.2021959 0.1176371
0 0.7647159 0.2739071 0.1470488 0.1470488
0 0.7720688 0.3768482 0.1102841 0.1102841
0 0.7830982 0.2922894 0.1102841 0.1102841
0 0.7849365 0.0000100 0.1470488 0.0900635
0 0.8033188 0.0000100 0.1102841 0.0716812
