0 0.0000100 0.1525835 0.1010929 0.2021959
0 0.0000100 0.1801571 0.0735194 0.1470488
0 0.0000100 0.1985394 0.0551371 0.1102841
0 0.0000100 0.2077306 0.1580782 0.2021959
0 0.0000100 0.2353041 0.1305047 0.1470488
0 0.0000100 0.2849365 0.1139606 0.2021959
0 0.0000100 0.3125100 0.0863871 0.1470488
0 0.0000100 0.3308924 0.0680047 0.1102841
0 0.0018482 0.2536865 0.1102841 0.1102841
0 0.0312600 0.1599365 0.2021959 0.2021959
0 0.0588335 0.1875100 0.1470488 0.1470488
0 0.0772159 0.2058924 0.1102841 0.1102841
