0 0.0000100 0.4705982 0.1470488 0.2021959
0 0.0000100 0.4981718 0.1194753 0.1470488
0 0.0000100 0.5165541 0.1010929 0.1102841
0 0.0000100 0.5661865 0.1139606 0.2021959
0 0.0000100 0.5937600 0.0863871 0.1470488
0 0.0000100 0.6121424 0.0680047 0.1102841
0 0.0239071 0.8088335 0.2021959 0.1911665
0 0.0257453 0.4963335 0.2021959 0.2021959
0 0.0514806 0.8364071 0.1470488 0.1470488
0 0.0533188 0.5239071 0.1470488 0.1470488
0 0.0698629 0.8547894 0.1102841 0.1102841
0 0.0717012 0.5422894 0.1102841 0.1102841
0 0.1047894 0.4136129 0.2021959 0.2021959
0 0.1286865 0.1911865 0.2021959 0.2021959
0 0.1323629 0.4411865 0.1470488 0.1470488
0 0.1507453 0.4595688 0.1102841 0.1102841
0 0.1562600 0.2187600 0.1470488 0.1470488
0 0.1746424 0.2371424 0.1102841 0.1102841
