0 0.0000100 0.0000100 0.2003576 0.1985194
0 0.0257453 0.0239071 0.1470488 0.1470488
0 0.0441276 0.0422894 0.1102841 0.1102841
0 0.5202306 0.7353041 0.2021959 0.2021959
0 0.5478041 0.7628776 0.1470488 0.1470488
0 0.5533188 0.0680247 0.2021959 0.2021959
0 0.5661865 0.7812600 0.1102841 0.1102841
0 0.5808924 0.0955982 0.1470488 0.1470488
0 0.5992747 0.1139806 0.1102841 0.1102841
0 0.6011129 0.8952306 0.2021959 0.1047694
0 0.6121424 0.8621424 0.2021959 0.1378576
0 0.6286865 0.9228041 0.1470488 0.0771959
0 0.6305247 0.2114071 0.2021959 0.2021959
0 0.6397159 0.8897159 0.1470488 0.1102841
0 0.6470688 0.9411865 0.1102841 0.0588135
0 0.6507453 0.3989071 0.2021959 0.2021959
0 0.6580982 0.2389806 0.1470488 0.1470488
0 0.6580982 0.9080982 0.1102841 0.0919018
0 0.6764806 0.2573629 0.1102841 0.1102841
0 0.6783188 0.4264806 0.1470488 0.1470488
0 0.6967012 0.4448629 0.1102841 0.1102841
0 0.7022159 0.8290541 0.2021959 0.1709459
0 0.7114071 0.7187600 0.2021959 0.2021959
0 0.7297894 0.8566276 0.1470488 0.1433724
0 0.7389806 0.7463335 0.1470488 0.1470488
0 0.7481718 0.8750100 0.1102841 0.1102841
0 0.7573629 0.7647159 0.1102841 0.1102841
0 0.7702306 0.4485394 0.2021959 0.2021959
0 0.7978041 0.4761129 0.1470488 0.1470488
0 0.8161865 0.4944953 0.1102841 0.1102841
0 0.8290541 0.2132453 0.1709459 0.2021959
0 0.8290541 0.4191276 0.1709459 0.2021959
0 0.8419218 0.5018482 0.1580782 0.2021959
0 0.8566276 0.2408188 0.1433724 0.1470488
0 0.8566276 0.4467012 0.1433724 0.1470488
0 0.8639806 0.0000100 0.1360194 0.1635929
0 0.8694953 0.5294218 0.1305047 0.1470488
0 0.8731718 0.3106718 0.1268282 0.2021959
0 0.8750100 0.2592012 0.1102841 0.1102841
0 0.8750100 0.4650835 0.1102841 0.1102841
0 0.8750100 0.6728041 0.1249900 0.2021959
0 0.8878776 0.5478041 0.1102841 0.1102841
0 0.8915541 0.0000100 0.1084459 0.1360194
0 0.9007453 0.3382453 0.0992547 0.1470488
0 0.9025835 0.7003776 0.0974165 0.1470488
0 0.9099365 0.0073629 0.0900635 0.1102841
0 0.9191276 0.3566276 0.0808724 0.1102841
0 0.9209659 0.7187600 0.0790341 0.1102841
