0 0.2169218 0.3327306 0.2757253 0.2757253
0 0.2536865 0.3694953 0.2021959 0.2021959
0 0.2812600 0.3970688 0.1470488 0.1470488
0 0.3161865 0.8198629 0.2021959 0.1801371
0 0.3437600 0.8474365 0.1470488 0.1470488
0 0.3621424 0.8658188 0.1102841 0.1102841
0 0.7095688 0.8455982 0.2021959 0.1544018
0 0.7371424 0.8731718 0.1470488 0.1268282
0 0.7555247 0.8915541 0.1102841 0.1084459
0 0.7922894 0.3364071 0.2021959 0.2021959
0 0.8198629 0.3639806 0.1470488 0.1470488
0 0.8382453 0.3823629 0.1102841 0.1102841
