0 0.2353041 0.6176571 0.2021959 0.2021959
0 0.2628776 0.6452306 0.1470488 0.1470488
0 0.2812600 0.6636129 0.1102841 0.1102841
0 0.4209659 0.0000100 0.2021959 0.1213135
0 0.4485394 0.0000100 0.1470488 0.0937400
0 0.4669218 0.0000100 0.1102841 0.0753576
0 0.6194953 0.8731718 0.2021959 0.1268282
0 0.6470688 0.9007453 0.1470488 0.0992547
0 0.6654512 0.9191276 0.1102841 0.0808724
0 0.6985394 0.8345688 0.2021959 0.1654312
0 0.7261129 0.8621424 0.1470488 0.1378576
0 0.7444953 0.8805247 0.1102841 0.1102841
0 0.8676571 0.7830982 0.1323429 0.2021959
0 0.8952306 0.8106718 0.1047694 0.1470488
0 0.9136129 0.8290541 0.0863871 0.1102841
