0 0.0000100 0.3033188 0.1249900 0.2021959
0 0.0000100 0.3308924 0.0974165 0.1470488
0 0.0000100 0.3492747 0.0790341 0.1102841
0 0.2261129 0.2408188 0.2021959 0.2021959
0 0.2536865 0.2683924 0.1470488 0.1470488
0 0.2720688 0.2867747 0.1102841 0.1102841
0 0.8345688 0.0000100 0.1654312 0.1911665
0 0.8621424 0.0165541 0.1378576 0.1470488
0 0.8805247 0.0349365 0.1102841 0.1102841
0 0.8860394 0.4044218 0.1139606 0.2021959
0 0.9136129 0.4319953 0.0863871 0.1470488
0 0.9319953 0.4503776 0.0680047 0.1102841
