0 0.0000100 0.3161865 0.1231518 0.2021959
0 0.0000100 0.3437600 0.0955782 0.1470488
0 0.0000100 0.3621424 0.0771959 0.1102841
0 0.0110394 0.4062600 0.2021959 0.2021959
0 0.0386129 0.4338335 0.1470488 0.1470488
0 0.0569953 0.4522159 0.1102841 0.1102841
0 0.1029512 0.2297894 0.2021959 0.2021959
0 0.1047894 0.6967012 0.2021959 0.2021959
0 0.1305247 0.2573629 0.1470488 0.1470488
0 0.1323629 0.7242747 0.1470488 0.1470488
0 0.1489071 0.2757453 0.1102841 0.1102841
0 0.1507453 0.7426571 0.1102841 0.1102841
0 0.7739071 0.3768482 0.2021959 0.2021959
0 0.8014806 0.4044218 0.1470488 0.1470488
0 0.8198629 0.4228041 0.1102841 0.1102841
0 0.8511129 0.3198629 0.1488871 0.2021959
0 0.8786865 0.3474365 0.1213135 0.1470488
0 0.8970688 0.3658188 0.1029312 0.1102841
