0 0.0643482 0.3253776 0.2757253 0.2757253
0 0.1011129 0.3621424 0.2021959 0.2021959
0 0.1286865 0.3897159 0.1470488 0.1470488
0 0.3860394 0.0000100 0.2021959 0.1507253
0 0.3952306 0.2444953 0.2021959 0.2021959
0 0.4117747 0.1985394 0.2021959 0.2021959
0 0.4136129 0.0000100 0.1470488 0.1231518
0 0.4228041 0.2720688 0.1470488 0.1470488
0 0.4246424 0.0000100 0.2021959 0.1213135
0 0.4319953 0.0000100 0.1102841 0.1047694
0 0.4393482 0.0000100 0.2021959 0.1856518
0 0.4393482 0.2261129 0.1470488 0.1470488
0 0.4411865 0.2904512 0.1102841 0.1102841
0 0.4522159 0.0000100 0.1470488 0.0937400
0 0.4577306 0.2444953 0.1102841 0.1102841
0 0.4669218 0.0110394 0.1470488 0.1470488
0 0.4705982 0.0000100 0.1102841 0.0753576
0 0.4853041 0.0294218 0.1102841 0.1102841
