0 0.0000100 0.0000100 0.1488871 0.1874900
0 0.0000100 0.0128776 0.1213135 0.1470488
0 0.0000100 0.0312600 0.1029312 0.1102841
0 0.0000100 0.3437600 0.1507253 0.2021959
0 0.0000100 0.3713335 0.1231518 0.1470488
0 0.0000100 0.3897159 0.1047694 0.1102841
0 0.1452306 0.5422894 0.2021959 0.2021959
0 0.1728041 0.5698629 0.1470488 0.1470488
0 0.1911865 0.5882453 0.1102841 0.1102841
0 0.2114071 0.6158188 0.2021959 0.2021959
0 0.2371424 0.0000100 0.2021959 0.1985194
0 0.2389806 0.6433924 0.1470488 0.1470488
0 0.2573629 0.6617747 0.1102841 0.1102841
0 0.2647159 0.0239071 0.1470488 0.1470488
0 0.2830982 0.0422894 0.1102841 0.1102841
0 0.3584659 0.0220688 0.2021959 0.2021959
0 0.3860394 0.0496424 0.1470488 0.1470488
0 0.4044218 0.0680247 0.1102841 0.1102841
0 0.5183924 0.4889806 0.2021959 0.2021959
0 0.5459659 0.5165541 0.1470488 0.1470488
0 0.5514806 0.1838335 0.2021959 0.2021959
0 0.5551571 0.0055247 0.2021959 0.2021959
0 0.5643482 0.5349365 0.1102841 0.1102841
0 0.5753776 0.3419218 0.2021959 0.2021959
0 0.5790541 0.2114071 0.1470488 0.1470488
0 0.5827306 0.0330982 0.1470488 0.1470488
0 0.5882453 0.1654512 0.2021959 0.2021959
0 0.5974365 0.2297894 0.1102841 0.1102841
0 0.6011129 0.0514806 0.1102841 0.1102841
0 0.6029512 0.3694953 0.1470488 0.1470488
0 0.6158188 0.1930247 0.1470488 0.1470488
0 0.6194953 0.2003776 0.2021959 0.2021959
0 0.6194953 0.3878776 0.2021959 0.2021959
0 0.6213335 0.3878776 0.1102841 0.1102841
0 0.6342012 0.2114071 0.1102841 0.1102841
0 0.6470688 0.2279512 0.1470488 0.1470488
0 0.6470688 0.4154512 0.1470488 0.1470488
0 0.6654512 0.2463335 0.1102841 0.1102841
0 0.6654512 0.4338335 0.1102841 0.1102841
0 0.6783188 0.5919218 0.2021959 0.2021959
0 0.6893482 0.3290541 0.2021959 0.2021959
0 0.6930247 0.1084659 0.2021959 0.2021959
0 0.7058924 0.6194953 0.1470488 0.1470488
0 0.7169218 0.3566276 0.1470488 0.1470488
0 0.7205982 0.1360394 0.1470488 0.1470488
0 0.7242747 0.6378776 0.1102841 0.1102841
0 0.7261129 0.0000100 0.2021959 0.1102841
0 0.7297894 0.7389806 0.2021959 0.2021959
0 0.7353041 0.3750100 0.1102841 0.1102841
0 0.7389806 0.1544218 0.1102841 0.1102841
0 0.7536865 0.0000100 0.1470488 0.0827106
0 0.7573629 0.7665541 0.1470488 0.1470488
0 0.7720688 0.0000100 0.1102841 0.0643282
0 0.7757453 0.7849365 0.1102841 0.1102841
0 0.7775835 0.7132453 0.2021959 0.2021959
0 0.7794218 0.5165541 0.2021959 0.2021959
0 0.7886129 0.2224365 0.2021959 0.2021959
0 0.8014806 0.0000100 0.1985194 0.1139606
0 0.8051571 0.7408188 0.1470488 0.1470488
0 0.8069953 0.5441276 0.1470488 0.1470488
0 0.8161865 0.2500100 0.1470488 0.1470488
0 0.8180247 0.1084659 0.1819753 0.2021959
0 0.8235394 0.7592012 0.1102841 0.1102841
0 0.8253776 0.5625100 0.1102841 0.1102841
0 0.8253776 0.7003776 0.1746224 0.2021959
0 0.8290541 0.0000100 0.1470488 0.0863871
0 0.8327306 0.1838335 0.1672694 0.2021959
0 0.8345688 0.2683924 0.1102841 0.1102841
0 0.8455982 0.1360394 0.1470488 0.1470488
0 0.8474365 0.0000100 0.1102841 0.0680047
0 0.8529512 0.7279512 0.1470488 0.1470488
0 0.8603041 0.2114071 0.1396959 0.1470488
0 0.8639806 0.1544218 0.1102841 0.1102841
0 0.8713335 0.7463335 0.1102841 0.1102841
0 0.8786865 0.2297894 0.1102841 0.1102841
0 0.8933924 0.5551571 0.1066076 0.2021959
0 0.9209659 0.5827306 0.0790341 0.1470488
0 0.9393482 0.6011129 0.0606518 0.1102841
