0 0.6617747 0.0000100 0.2021959 0.1268282
0 0.6893482 0.0000100 0.1470488 0.0992547
0 0.6985394 0.0000100 0.2021959 0.1066076
0 0.7077306 0.0000100 0.1102841 0.0808724
0 0.7261129 0.0000100 0.1470488 0.0790341
0 0.7444953 0.0000100 0.1102841 0.0606518
0 0.7444953 0.0533188 0.2021959 0.2021959
0 0.7500100 0.3217012 0.2499900 0.2757253
0 0.7720688 0.0808924 0.1470488 0.1470488
0 0.7867747 0.3584659 0.2021959 0.2021959
0 0.7904512 0.0992747 0.1102841 0.1102841
0 0.8125100 0.6103041 0.1874900 0.2021959
0 0.8143482 0.3860394 0.1470488 0.1470488
0 0.8272159 0.0000100 0.1727841 0.1562400
0 0.8400835 0.6378776 0.1470488 0.1470488
0 0.8455982 0.6783188 0.1544018 0.2021959
0 0.8547894 0.0000100 0.1452106 0.1286665
0 0.8584659 0.6562600 0.1102841 0.1102841
0 0.8731718 0.0000100 0.1102841 0.1102841
0 0.8731718 0.7058924 0.1268282 0.1470488
0 0.8915541 0.7242747 0.1084459 0.1102841
0 0.8952306 0.0827306 0.1047694 0.2021959
0 0.9228041 0.1103041 0.0771959 0.1470488
0 0.9411865 0.1286865 0.0588135 0.1102841
