0 0.2500100 0.3014806 0.0919018 0.0919018
0 0.2702306 0.3364071 0.0919018 0.0919018
0 0.2996424 0.5073629 0.0919018 0.0919018
0 0.3400835 0.1911865 0.0919018 0.0919018
0 0.4191276 0.2592012 0.0919018 0.0919018
0 0.5349365 0.4503776 0.0919018 0.0919018
0 0.5643482 0.2261129 0.0919018 0.0919018
0 0.5790541 0.8272159 0.0919018 0.0919018
0 0.5955982 0.9062600 0.0919018 0.0919018
0 0.6764806 0.3106718 0.0919018 0.0919018
0 0.6783188 0.8069953 0.0919018 0.0919018
0 0.6875100 0.2316276 0.0919018 0.0919018
0 0.7224365 0.2536865 0.0919018 0.0919018
0 0.7444953 0.4264806 0.0919018 0.0919018
0 0.7481718 0.6470688 0.0919018 0.0919018
0 0.8106718 0.3952306 0.0919018 0.0919018
0 0.8860394 0.3474365 0.1139606 0.1470488
0 0.8970688 0.7628776 0.1029312 0.1470488
0 0.8989071 0.9228041 0.0919018 0.0771959
0 0.9025835 0.6562600 0.0919018 0.0919018
0 0.9191276 0.5478041 0.0808724 0.0919018
