0 0.1911865 0.4669218 0.2021959 0.2021959
0 0.2187600 0.1764806 0.2021959 0.2021959
0 0.2187600 0.4944953 0.1470488 0.1470488
0 0.2371424 0.5128776 0.1102841 0.1102841
0 0.2463335 0.2040541 0.1470488 0.1470488
0 0.2647159 0.2224365 0.1102841 0.1102841
0 0.2904512 0.1985394 0.2021959 0.2021959
0 0.3180247 0.2261129 0.1470488 0.1470488
0 0.3364071 0.2444953 0.1102841 0.1102841
0 0.4889806 0.7150835 0.2021959 0.2021959
0 0.5165541 0.7426571 0.1470488 0.1470488
0 0.5349365 0.7610394 0.1102841 0.1102841
0 0.5478041 0.6819953 0.2021959 0.2021959
0 0.5551571 0.4632453 0.2021959 0.2021959
0 0.5551571 0.7996424 0.2021959 0.2003576
0 0.5753776 0.7095688 0.1470488 0.1470488
0 0.5827306 0.4908188 0.1470488 0.1470488
0 0.5827306 0.8272159 0.1470488 0.1470488
0 0.5937600 0.7279512 0.1102841 0.1102841
0 0.6011129 0.5092012 0.1102841 0.1102841
0 0.6011129 0.8455982 0.1102841 0.1102841
0 0.6176571 0.8621424 0.2021959 0.1378576
0 0.6286865 0.5864071 0.2021959 0.2021959
0 0.6452306 0.8897159 0.1470488 0.1102841
0 0.6562600 0.6139806 0.1470488 0.1470488
0 0.6636129 0.9080982 0.1102841 0.0919018
0 0.6746424 0.6323629 0.1102841 0.1102841
0 0.7205982 0.7683924 0.2021959 0.2021959
0 0.7481718 0.7959659 0.1470488 0.1470488
0 0.7665541 0.8143482 0.1102841 0.1102841
0 0.8455982 0.3694953 0.1544018 0.2021959
0 0.8547894 0.1764806 0.1452106 0.2021959
0 0.8731718 0.3970688 0.1268282 0.1470488
0 0.8823629 0.2040541 0.1176371 0.1470488
0 0.8860394 0.8088335 0.1139606 0.1911665
0 0.8915541 0.4154512 0.1084459 0.1102841
0 0.9007453 0.2224365 0.0992547 0.1102841
0 0.9136129 0.8364071 0.0863871 0.1470488
0 0.9319953 0.8547894 0.0680047 0.1102841
