0 0.0000100 0.5606718 0.1562400 0.2021959
0 0.0000100 0.5882453 0.1286665 0.1470488
0 0.0000100 0.6066276 0.1102841 0.1102841
0 0.0110394 0.7592012 0.2021959 0.2021959
0 0.0386129 0.7867747 0.1470488 0.1470488
0 0.0569953 0.8051571 0.1102841 0.1102841
0 0.1268482 0.5698629 0.2021959 0.2021959
0 0.1544218 0.5974365 0.1470488 0.1470488
0 0.1728041 0.6158188 0.1102841 0.1102841
0 0.1801571 0.5643482 0.2021959 0.2021959
0 0.1819953 0.3915541 0.2021959 0.2021959
0 0.2077306 0.5919218 0.1470488 0.1470488
0 0.2095688 0.4191276 0.1470488 0.1470488
0 0.2261129 0.6103041 0.1102841 0.1102841
0 0.2279512 0.4375100 0.1102841 0.1102841
0 0.2867747 0.6691276 0.2021959 0.2021959
0 0.2886129 0.5147159 0.2021959 0.2021959
0 0.3143482 0.6967012 0.1470488 0.1470488
0 0.3161865 0.5422894 0.1470488 0.1470488
0 0.3327306 0.7150835 0.1102841 0.1102841
0 0.3345688 0.5606718 0.1102841 0.1102841
0 0.4209659 0.6985394 0.2021959 0.2021959
0 0.4485394 0.7261129 0.1470488 0.1470488
0 0.4669218 0.7444953 0.1102841 0.1102841
