0 0.0000100 0.1562600 0.1157988 0.2021959
0 0.0000100 0.1838335 0.0882253 0.1470488
0 0.0000100 0.2022159 0.0698429 0.1102841
0 0.0000100 0.2261129 0.2481518 0.2757253
0 0.0092012 0.2628776 0.2021959 0.2021959
0 0.0275835 0.0000100 0.2021959 0.1856518
0 0.0367747 0.2904512 0.1470488 0.1470488
0 0.0551571 0.0110394 0.1470488 0.1470488
0 0.0661865 0.7114071 0.2021959 0.2021959
0 0.0735394 0.0294218 0.1102841 0.1102841
0 0.0864071 0.5239071 0.2021959 0.2021959
0 0.0937600 0.7389806 0.1470488 0.1470488
0 0.1121424 0.7573629 0.1102841 0.1102841
0 0.1139806 0.5514806 0.1470488 0.1470488
0 0.1323629 0.5698629 0.1102841 0.1102841
0 0.1948629 0.0000100 0.2021959 0.1396959
0 0.2224365 0.0000100 0.1470488 0.1121224
0 0.2408188 0.0000100 0.1102841 0.0937400
0 0.3658188 0.8180247 0.2021959 0.1819753
0 0.3676571 0.6213335 0.2021959 0.2021959
0 0.3933924 0.8455982 0.1470488 0.1470488
0 0.3952306 0.6489071 0.1470488 0.1470488
0 0.4117747 0.8639806 0.1102841 0.1102841
0 0.4136129 0.6672894 0.1102841 0.1102841
0 0.4503776 0.0000100 0.2021959 0.1231518
0 0.4779512 0.0000100 0.1470488 0.0955782
0 0.4963335 0.0000100 0.1102841 0.0771959
0 0.4963335 0.4779512 0.2021959 0.2021959
0 0.5239071 0.5055247 0.1470488 0.1470488
0 0.5257453 0.0992747 0.2021959 0.2021959
0 0.5330982 0.5753776 0.2021959 0.2021959
0 0.5422894 0.5239071 0.1102841 0.1102841
0 0.5533188 0.1268482 0.1470488 0.1470488
0 0.5606718 0.6029512 0.1470488 0.1470488
0 0.5717012 0.1452306 0.1102841 0.1102841
0 0.5790541 0.0551571 0.2021959 0.2021959
0 0.5790541 0.6213335 0.1102841 0.1102841
0 0.6047894 0.2297894 0.2021959 0.2021959
0 0.6066276 0.0827306 0.1470488 0.1470488
0 0.6250100 0.1011129 0.1102841 0.1102841
0 0.6305247 0.4632453 0.2021959 0.2021959
0 0.6323629 0.2573629 0.1470488 0.1470488
0 0.6507453 0.2757453 0.1102841 0.1102841
0 0.6580982 0.4908188 0.1470488 0.1470488
0 0.6764806 0.5092012 0.1102841 0.1102841
0 0.6801571 0.0000100 0.2021959 0.1893282
0 0.7077306 0.0147159 0.1470488 0.1470488
0 0.7261129 0.0330982 0.1102841 0.1102841
0 0.7702306 0.2297894 0.2021959 0.2021959
0 0.7830982 0.4338335 0.2021959 0.2021959
0 0.7978041 0.2573629 0.1470488 0.1470488
0 0.8106718 0.4614071 0.1470488 0.1470488
0 0.8161865 0.2757453 0.1102841 0.1102841
0 0.8290541 0.4797894 0.1102841 0.1102841
