0 0.0000100 0.7867747 0.2628576 0.2132253
0 0.0000100 0.8768482 0.1856518 0.1231518
0 0.0110394 0.9044218 0.1470488 0.0955782
0 0.0165541 0.6176571 0.2021959 0.2021959
0 0.0239071 0.8235394 0.2021959 0.1764606
0 0.0294218 0.9228041 0.1102841 0.0771959
0 0.0422894 0.7812600 0.2021959 0.2021959
0 0.0441276 0.6452306 0.1470488 0.1470488
0 0.0514806 0.8511129 0.1470488 0.1470488
0 0.0625100 0.6636129 0.1102841 0.1102841
0 0.0698629 0.8088335 0.1470488 0.1470488
0 0.0882453 0.8272159 0.1102841 0.1102841
0 0.2518482 0.8345688 0.2021959 0.1654312
0 0.2794218 0.8621424 0.1470488 0.1378576
0 0.2886129 0.8455982 0.2021959 0.1544018
0 0.2978041 0.8805247 0.1102841 0.1102841
0 0.3161865 0.8731718 0.1470488 0.1268282
0 0.3345688 0.8915541 0.1102841 0.1084459
0 0.4614071 0.7114071 0.2021959 0.2021959
0 0.4889806 0.7389806 0.1470488 0.1470488
0 0.5073629 0.7573629 0.1102841 0.1102841
