0 0.0000100 0.0000100 0.1231518 0.1286665
0 0.0000100 0.0000100 0.0955782 0.1010929
0 0.0000100 0.0000100 0.0771959 0.0827106
0 0.0000100 0.0367747 0.1562400 0.2021959
0 0.0000100 0.0643482 0.1286665 0.1470488
0 0.0000100 0.0827306 0.1102841 0.1102841
0 0.0000100 0.3474365 0.1507253 0.2021959
0 0.0000100 0.3750100 0.1231518 0.1470488
0 0.0000100 0.3933924 0.1047694 0.1102841
0 0.0000100 0.6746424 0.1194753 0.2021959
0 0.0000100 0.7022159 0.0919018 0.1470488
0 0.0000100 0.7205982 0.0735194 0.1102841
0 0.0000100 0.7536865 0.2573429 0.2463135
0 0.0036865 0.3180247 0.2021959 0.2021959
0 0.0183924 0.7904512 0.2021959 0.2021959
0 0.0275835 0.6103041 0.2021959 0.2021959
0 0.0312600 0.3455982 0.1470488 0.1470488
0 0.0459659 0.8180247 0.1470488 0.1470488
0 0.0478041 0.0680247 0.2021959 0.2021959
0 0.0496424 0.3639806 0.1102841 0.1102841
0 0.0551571 0.6378776 0.1470488 0.1470488
0 0.0606718 0.6158188 0.2021959 0.2021959
0 0.0661865 0.2867747 0.2021959 0.2021959
0 0.0735394 0.6562600 0.1102841 0.1102841
0 0.0753776 0.0955982 0.1470488 0.1470488
0 0.0882453 0.6433924 0.1470488 0.1470488
0 0.0937600 0.1139806 0.1102841 0.1102841
0 0.0937600 0.3143482 0.1470488 0.1470488
0 0.1066276 0.6617747 0.1102841 0.1102841
0 0.1121424 0.3327306 0.1102841 0.1102841
0 0.1323629 0.3161865 0.2021959 0.2021959
0 0.1452306 0.4908188 0.2021959 0.2021959
0 0.1599365 0.3437600 0.1470488 0.1470488
0 0.1728041 0.5183924 0.1470488 0.1470488
0 0.1783188 0.3621424 0.1102841 0.1102841
0 0.1911865 0.5367747 0.1102841 0.1102841
0 0.2003776 0.1103041 0.2021959 0.2021959
0 0.2279512 0.1378776 0.1470488 0.1470488
0 0.2297894 0.7978041 0.2757253 0.2021959
0 0.2353041 0.0000100 0.2021959 0.1893282
0 0.2408188 0.3364071 0.2757253 0.2757253
0 0.2463335 0.1562600 0.1102841 0.1102841
0 0.2628776 0.0147159 0.1470488 0.1470488
0 0.2665541 0.8345688 0.2021959 0.1654312
0 0.2775835 0.3731718 0.2021959 0.2021959
0 0.2812600 0.0330982 0.1102841 0.1102841
0 0.2941276 0.2867747 0.2021959 0.2021959
0 0.2941276 0.8621424 0.1470488 0.1378576
0 0.3051571 0.4007453 0.1470488 0.1470488
0 0.3217012 0.3143482 0.1470488 0.1470488
0 0.3400835 0.3327306 0.1102841 0.1102841
0 0.4172894 0.4632453 0.2021959 0.2021959
0 0.4448629 0.4908188 0.1470488 0.1470488
0 0.4467012 0.6323629 0.2021959 0.2021959
0 0.4577306 0.8639806 0.2021959 0.1360194
0 0.4632453 0.5092012 0.1102841 0.1102841
0 0.4742747 0.6599365 0.1470488 0.1470488
0 0.4853041 0.8915541 0.1470488 0.1084459
0 0.4926571 0.6783188 0.1102841 0.1102841
0 0.5036865 0.9099365 0.1102841 0.0900635
0 0.5128776 0.7132453 0.2021959 0.2021959
0 0.5404512 0.7408188 0.1470488 0.1470488
0 0.5588335 0.7592012 0.1102841 0.1102841
0 0.6507453 0.0422894 0.2757253 0.2757253
0 0.6875100 0.0790541 0.2021959 0.2021959
0 0.7150835 0.1066276 0.1470488 0.1470488
0 0.7610394 0.7426571 0.2021959 0.2021959
0 0.7886129 0.7702306 0.1470488 0.1470488
0 0.8069953 0.7886129 0.1102841 0.1102841
