0 0.0000100 0.0753776 0.1635929 0.2021959
0 0.0000100 0.1029512 0.1360194 0.1470488
0 0.0000100 0.1562600 0.1599165 0.2021959
0 0.0000100 0.1838335 0.1323429 0.1470488
0 0.0000100 0.2426571 0.2334459 0.2757253
0 0.0000100 0.2794218 0.1966812 0.2021959
0 0.0036865 0.2022159 0.1102841 0.1102841
0 0.0073629 0.1213335 0.1102841 0.1102841
0 0.0220688 0.3069953 0.1470488 0.1470488
0 0.0386129 0.6525835 0.2757253 0.2757253
0 0.0753776 0.6893482 0.2021959 0.2021959
0 0.0882453 0.1819953 0.2021959 0.2021959
0 0.1029512 0.7169218 0.1470488 0.1470488
0 0.1158188 0.2095688 0.1470488 0.1470488
0 0.1342012 0.2279512 0.1102841 0.1102841
0 0.3768482 0.5864071 0.2021959 0.2021959
0 0.4044218 0.6139806 0.1470488 0.1470488
0 0.4117747 0.2941276 0.2021959 0.2021959
0 0.4228041 0.6323629 0.1102841 0.1102841
0 0.4393482 0.3217012 0.1470488 0.1470488
0 0.4577306 0.3400835 0.1102841 0.1102841
0 0.5827306 0.3290541 0.2021959 0.2021959
0 0.6103041 0.3566276 0.1470488 0.1470488
0 0.6286865 0.3750100 0.1102841 0.1102841
0 0.8198629 0.6654512 0.1801371 0.2757253
0 0.8566276 0.7022159 0.1433724 0.2021959
0 0.8842012 0.7297894 0.1157988 0.1470488
