0 0.0000100 0.0000100 0.1157988 0.1176371
0 0.0000100 0.0000100 0.1010929 0.1617547
0 0.0000100 0.0000100 0.0882253 0.0900635
0 0.0000100 0.0000100 0.0735194 0.1341812
0 0.0000100 0.0000100 0.0698429 0.0716812
0 0.0000100 0.0055247 0.0551371 0.1102841
0 0.0000100 0.0202306 0.1782988 0.2021959
0 0.0018482 0.0000100 0.2021959 0.2003576
0 0.0036865 0.0478041 0.1470488 0.1470488
0 0.0220688 0.0661865 0.1102841 0.1102841
0 0.0294218 0.0257453 0.1470488 0.1470488
0 0.0478041 0.0441276 0.1102841 0.1102841
0 0.4044218 0.3915541 0.2021959 0.2021959
0 0.4172894 0.3566276 0.2021959 0.2021959
0 0.4283188 0.3989071 0.2021959 0.2021959
0 0.4319953 0.4191276 0.1470488 0.1470488
0 0.4448629 0.3842012 0.1470488 0.1470488
0 0.4503776 0.4375100 0.1102841 0.1102841
0 0.4558924 0.4264806 0.1470488 0.1470488
0 0.4577306 0.4191276 0.2021959 0.2021959
0 0.4614071 0.3474365 0.2021959 0.2021959
0 0.4632453 0.4025835 0.1102841 0.1102841
0 0.4742747 0.4448629 0.1102841 0.1102841
0 0.4761129 0.2628776 0.2021959 0.2021959
0 0.4853041 0.4467012 0.1470488 0.1470488
0 0.4889806 0.3750100 0.1470488 0.1470488
0 0.5036865 0.2904512 0.1470488 0.1470488
0 0.5036865 0.4650835 0.1102841 0.1102841
0 0.5073629 0.3933924 0.1102841 0.1102841
0 0.5220688 0.3088335 0.1102841 0.1102841
0 0.5294218 0.2242747 0.2021959 0.2021959
0 0.5569953 0.2518482 0.1470488 0.1470488
0 0.5569953 0.4044218 0.2757253 0.2757253
0 0.5753776 0.2702306 0.1102841 0.1102841
0 0.5937600 0.4411865 0.2021959 0.2021959
0 0.5992747 0.0000100 0.2021959 0.1691076
0 0.6213335 0.4687600 0.1470488 0.1470488
0 0.6268482 0.0000100 0.2021959 0.1341812
0 0.6268482 0.0000100 0.1470488 0.1415341
0 0.6452306 0.0128776 0.1102841 0.1102841
0 0.6544218 0.0000100 0.1470488 0.1066076
0 0.6728041 0.0000100 0.1102841 0.0882253
