0 0.6875100 0.2022159 0.2021959 0.2021959
0 0.7150835 0.2297894 0.1470488 0.1470488
0 0.7334659 0.2481718 0.1102841 0.1102841
0 0.7739071 0.0147159 0.2021959 0.2021959
0 0.8014806 0.0422894 0.1470488 0.1470488
0 0.8198629 0.0606718 0.1102841 0.1102841
0 0.8400835 0.3419218 0.1599165 0.2021959
0 0.8584659 0.1066276 0.1415341 0.2021959
0 0.8676571 0.3694953 0.1323429 0.1470488
0 0.8860394 0.1342012 0.1139606 0.1470488
0 0.8860394 0.3878776 0.1102841 0.1102841
0 0.8897159 0.3033188 0.1102841 0.2021959
0 0.9044218 0.1525835 0.0955782 0.1102841
0 0.9172894 0.3308924 0.0827106 0.1470488
0 0.9356718 0.3492747 0.0643282 0.1102841
