0 0.0092012 0.8161865 0.2757253 0.1838135
0 0.0128776 0.5478041 0.2021959 0.2021959
0 0.0294218 0.1525835 0.2021959 0.2021959
0 0.0404512 0.5753776 0.1470488 0.1470488
0 0.0459659 0.8529512 0.2021959 0.1470488
0 0.0569953 0.1801571 0.1470488 0.1470488
0 0.0588335 0.5937600 0.1102841 0.1102841
0 0.0735394 0.8805247 0.1470488 0.1194753
0 0.0753776 0.1985394 0.1102841 0.1102841
0 0.0974365 0.4981718 0.2021959 0.2021959
0 0.1250100 0.5257453 0.1470488 0.1470488
0 0.1397159 0.6764806 0.2021959 0.2021959
0 0.1433924 0.5441276 0.1102841 0.1102841
0 0.1672894 0.7040541 0.1470488 0.1470488
0 0.1856718 0.7224365 0.1102841 0.1102841
0 0.2022159 0.1819953 0.2021959 0.2021959
0 0.2297894 0.2095688 0.1470488 0.1470488
0 0.2481718 0.2279512 0.1102841 0.1102841
0 0.2941276 0.1011129 0.2021959 0.2021959
0 0.2978041 0.5441276 0.2021959 0.2021959
0 0.3217012 0.1286865 0.1470488 0.1470488
0 0.3253776 0.5717012 0.1470488 0.1470488
0 0.3400835 0.1470688 0.1102841 0.1102841
0 0.3437600 0.5900835 0.1102841 0.1102841
0 0.5036865 0.4209659 0.2757253 0.2757253
0 0.5404512 0.4577306 0.2021959 0.2021959
0 0.5680247 0.4853041 0.1470488 0.1470488
0 0.6985394 0.4632453 0.2021959 0.2021959
0 0.7261129 0.4908188 0.1470488 0.1470488
0 0.7444953 0.5092012 0.1102841 0.1102841
0 0.7739071 0.3198629 0.2021959 0.2021959
0 0.7867747 0.0000100 0.2021959 0.1010929
0 0.8014806 0.3474365 0.1470488 0.1470488
0 0.8069953 0.4926571 0.1930047 0.2021959
0 0.8143482 0.0000100 0.1470488 0.0735194
0 0.8198629 0.3658188 0.1102841 0.1102841
0 0.8327306 0.0000100 0.1102841 0.0551371
0 0.8345688 0.5202306 0.1470488 0.1470488
0 0.8529512 0.5386129 0.1102841 0.1102841
