0 0.0110394 0.0992747 0.0919018 0.0919018
0 0.1360394 0.3161865 0.0919018 0.0919018
0 0.1691276 0.1709659 0.0919018 0.0919018
0 0.2592012 0.5864071 0.0919018 0.0919018
0 0.4025835 0.5275835 0.0919018 0.0919018
0 0.4375100 0.7334659 0.0919018 0.0919018
0 0.5790541 0.5827306 0.0919018 0.0919018
0 0.5974365 0.0422894 0.1470488 0.1470488
0 0.6342012 0.8731718 0.0919018 0.0919018
0 0.6433924 0.3419218 0.0919018 0.0919018
0 0.6507453 0.7040541 0.0919018 0.0919018
0 0.8805247 0.6066276 0.1194753 0.1470488
0 0.9117747 0.9319953 0.0882253 0.0680047
