0 0.6158188 0.8198629 0.0919018 0.0919018
0 0.6562600 0.8180247 0.0919018 0.0919018
0 0.7261129 0.7150835 0.0919018 0.0919018
0 0.7279512 0.3125100 0.0919018 0.0919018
0 0.7904512 0.7922894 0.0919018 0.0919018
0 0.7941276 0.5680247 0.0919018 0.0919018
0 0.8014806 0.1176571 0.0919018 0.0919018
0 0.8198629 0.4172894 0.0919018 0.0919018
0 0.8290541 0.2904512 0.0919018 0.0919018
0 0.8437600 0.3750100 0.0919018 0.0919018
0 0.8621424 0.2242747 0.0919018 0.0919018
0 0.8768482 0.6544218 0.0919018 0.0919018
0 0.8823629 0.2794218 0.0919018 0.0919018
0 0.8860394 0.5698629 0.0919018 0.0919018
0 0.9209659 0.4540541 0.0790341 0.0919018
0 0.9319953 0.0827306 0.0680047 0.0919018
0 0.9393482 0.3511129 0.0606518 0.0919018
