0 0.0000100 0.5845688 0.0459459 0.0919018
0 0.0036865 0.7022159 0.0919018 0.0919018
0 0.0220688 0.8750100 0.0919018 0.0919018
0 0.0257453 0.1930247 0.0919018 0.0919018
0 0.0367747 0.3235394 0.0919018 0.0919018
0 0.1158188 0.5000100 0.0919018 0.0919018
0 0.1305247 0.0643482 0.0919018 0.0919018
0 0.1342012 0.6084659 0.0919018 0.0919018
0 0.1746424 0.7297894 0.0919018 0.0919018
0 0.1783188 0.4522159 0.0919018 0.0919018
0 0.2555247 0.6544218 0.0919018 0.0919018
0 0.2702306 0.8952306 0.0919018 0.0919018
0 0.3106718 0.4981718 0.1102841 0.1102841
0 0.3364071 0.2904512 0.0919018 0.0919018
0 0.3400835 0.2187600 0.0919018 0.0919018
0 0.3786865 0.0312600 0.0919018 0.0919018
0 0.3805247 0.6360394 0.0919018 0.0919018
0 0.4007453 0.4117747 0.0919018 0.0919018
0 0.4246424 0.1176571 0.0919018 0.0919018
0 0.4797894 0.9246424 0.0919018 0.0753576
0 0.5110394 0.2536865 0.0919018 0.0919018
0 0.5165541 0.7353041 0.0919018 0.0919018
0 0.5533188 0.1489071 0.0919018 0.0919018
0 0.5680247 0.4650835 0.0919018 0.0919018
0 0.5900835 0.2040541 0.0919018 0.0919018
0 0.6158188 0.6323629 0.0919018 0.0919018
0 0.6360394 0.0036865 0.0919018 0.0919018
0 0.6691276 0.2408188 0.0919018 0.0919018
0 0.6893482 0.1452306 0.0919018 0.0919018
0 0.6911865 0.3731718 0.0919018 0.0919018
0 0.7224365 0.5478041 0.0919018 0.0919018
0 0.7555247 0.4338335 0.0919018 0.0919018
0 0.7610394 0.2683924 0.0919018 0.0919018
0 0.7610394 0.9154512 0.0919018 0.0845488
0 0.7647159 0.0000100 0.0919018 0.0477841
0 0.7922894 0.4669218 0.0919018 0.0919018
0 0.8161865 0.9117747 0.0919018 0.0882253
0 0.8198629 0.6544218 0.0919018 0.0919018
0 0.8272159 0.0753776 0.0919018 0.0919018
0 0.8290541 0.4522159 0.0919018 0.0919018
0 0.8419218 0.9025835 0.0919018 0.0919018
0 0.8842012 0.8290541 0.0919018 0.0919018
0 0.8989071 0.2114071 0.1010929 0.1470488
0 0.9393482 0.0000100 0.0606518 0.0735194
