0 0.0000100 0.4614071 0.1231518 0.2021959
0 0.0000100 0.4889806 0.0955782 0.1470488
0 0.0000100 0.5073629 0.0771959 0.1102841
0 0.0055247 0.6948629 0.2021959 0.2021959
0 0.0330982 0.7224365 0.1470488 0.1470488
0 0.0330982 0.7481718 0.2021959 0.2021959
0 0.0514806 0.7408188 0.1102841 0.1102841
0 0.0606718 0.7757453 0.1470488 0.1470488
0 0.0790541 0.7941276 0.1102841 0.1102841
0 0.1231718 0.8161865 0.2021959 0.1838135
0 0.1507453 0.8437600 0.1470488 0.1470488
0 0.1691276 0.8621424 0.1102841 0.1102841
0 0.3897159 0.3989071 0.2757253 0.2757253
0 0.4264806 0.4356718 0.2021959 0.2021959
0 0.4540541 0.4632453 0.1470488 0.1470488
