0 0.1397159 0.3345688 0.2757253 0.2757253
0 0.1764806 0.3713335 0.2021959 0.2021959
0 0.2040541 0.3989071 0.1470488 0.1470488
0 0.5202306 0.2867747 0.2021959 0.2021959
0 0.5478041 0.3143482 0.1470488 0.1470488
0 0.5661865 0.3327306 0.1102841 0.1102841
0 0.5919218 0.1930247 0.2021959 0.2021959
0 0.6194953 0.2205982 0.1470488 0.1470488
0 0.6378776 0.2389806 0.1102841 0.1102841
0 0.6470688 0.1764806 0.2021959 0.2021959
0 0.6599365 0.2996424 0.2757253 0.2757253
0 0.6654512 0.0092012 0.2021959 0.2021959
0 0.6746424 0.2040541 0.1470488 0.1470488
0 0.6930247 0.0367747 0.1470488 0.1470488
0 0.6930247 0.2224365 0.1102841 0.1102841
0 0.6967012 0.3364071 0.2021959 0.2021959
0 0.7114071 0.0551571 0.1102841 0.1102841
0 0.7205982 0.0000100 0.2021959 0.1562400
0 0.7242747 0.3639806 0.1470488 0.1470488
0 0.7463335 0.1489071 0.2021959 0.2021959
0 0.7481718 0.0000100 0.1470488 0.1286665
0 0.7665541 0.0000100 0.1102841 0.1102841
0 0.7739071 0.1764806 0.1470488 0.1470488
0 0.7812600 0.2077306 0.2021959 0.2021959
0 0.7922894 0.1948629 0.1102841 0.1102841
0 0.8088335 0.2353041 0.1470488 0.1470488
0 0.8272159 0.2536865 0.1102841 0.1102841
0 0.8805247 0.5257453 0.1194753 0.2021959
0 0.9080982 0.5533188 0.0919018 0.1470488
0 0.9264806 0.5717012 0.0735194 0.1102841
