0 0.0000100 0.2426571 0.0477841 0.0919018
0 0.0000100 0.2518482 0.0827106 0.0919018
0 0.0000100 0.3180247 0.0845488 0.0919018
0 0.0000100 0.3217012 0.0606518 0.0919018
0 0.0000100 0.3621424 0.0735194 0.0919018
0 0.0000100 0.4117747 0.0569753 0.0919018
0 0.0000100 0.4411865 0.0919018 0.0919018
0 0.0000100 0.4797894 0.0643282 0.0919018
0 0.0000100 0.5772159 0.0661665 0.0919018
0 0.0000100 0.6728041 0.0863871 0.0919018
0 0.0000100 0.7114071 0.0459459 0.0919018
0 0.0000100 0.7702306 0.0569753 0.0919018
0 0.0000100 0.7812600 0.0808724 0.0919018
0 0.0000100 0.8327306 0.0624900 0.0919018
0 0.0000100 0.9283188 0.0624900 0.0716812
0 0.0018482 0.2114071 0.0919018 0.0919018
0 0.0036865 0.8694953 0.0919018 0.0919018
0 0.0055247 0.9246424 0.0919018 0.0753576
0 0.0073629 0.4209659 0.0919018 0.0919018
0 0.0202306 0.6489071 0.0919018 0.0919018
0 0.0312600 0.2849365 0.0919018 0.0919018
0 0.0312600 0.3161865 0.0919018 0.0919018
0 0.0404512 0.0845688 0.0919018 0.0919018
0 0.0441276 0.2500100 0.0919018 0.0919018
0 0.0459659 0.5036865 0.0919018 0.0919018
0 0.0478041 0.6654512 0.1470488 0.1470488
0 0.0496424 0.4540541 0.0919018 0.0919018
0 0.0643482 0.2150835 0.0919018 0.0919018
0 0.0643482 0.3400835 0.0919018 0.0919018
0 0.0661865 0.1728041 0.0919018 0.0919018
0 0.0698629 0.7463335 0.0919018 0.0919018
0 0.0753776 0.8529512 0.0919018 0.0919018
0 0.0772159 0.0275835 0.0919018 0.0919018
0 0.0772159 0.2775835 0.0919018 0.0919018
0 0.0790541 0.8161865 0.0919018 0.0919018
0 0.0808924 0.5349365 0.0919018 0.0919018
0 0.0827306 0.7757453 0.0919018 0.0919018
0 0.0845688 0.8970688 0.0919018 0.0919018
0 0.0900835 0.1176571 0.0919018 0.0919018
0 0.0919218 0.0790541 0.0919018 0.0919018
0 0.0919218 0.3529512 0.0919018 0.0919018
0 0.0974365 0.6231718 0.0919018 0.0919018
0 0.1047894 0.2132453 0.0919018 0.0919018
0 0.1047894 0.6562600 0.0919018 0.0919018
0 0.1084659 0.4209659 0.0919018 0.0919018
0 0.1103041 0.4761129 0.0919018 0.0919018
0 0.1231718 0.2573629 0.0919018 0.0919018
0 0.1250100 0.3161865 0.0919018 0.0919018
0 0.1250100 0.7334659 0.0919018 0.0919018
0 0.1268482 0.1433924 0.0919018 0.0919018
0 0.1286865 0.0992747 0.0919018 0.0919018
0 0.1360394 0.8143482 0.0919018 0.0919018
0 0.1378776 0.0000100 0.1470488 0.1029312
0 0.1397159 0.5588335 0.0919018 0.0919018
0 0.1470688 0.2169218 0.0919018 0.0919018
0 0.1470688 0.3529512 0.0919018 0.0919018
0 0.1507453 0.1893482 0.0919018 0.0919018
0 0.1507453 0.8915541 0.0919018 0.0919018
0 0.1544218 0.1047894 0.0919018 0.0919018
0 0.1580982 0.5404512 0.0919018 0.0919018
0 0.1636129 0.0459659 0.0919018 0.0919018
0 0.1709659 0.2739071 0.0919018 0.0919018
0 0.1764806 0.4228041 0.0919018 0.0919018
0 0.1985394 0.1084659 0.0919018 0.0919018
0 0.2003776 0.2058924 0.0919018 0.0919018
0 0.2003776 0.3272159 0.0919018 0.0919018
0 0.2022159 0.1525835 0.0919018 0.0919018
0 0.2132453 0.5128776 0.0919018 0.0919018
0 0.2205982 0.6323629 0.0919018 0.0919018
0 0.2242747 0.3694953 0.0919018 0.0919018
0 0.2297894 0.2040541 0.0919018 0.0919018
0 0.2297894 0.3198629 0.0919018 0.0919018
0 0.2353041 0.1047894 0.0919018 0.0919018
0 0.2371424 0.5753776 0.0919018 0.0919018
0 0.2389806 0.0000100 0.0919018 0.0680047
0 0.2389806 0.4430247 0.0919018 0.0919018
0 0.2408188 0.5036865 0.0919018 0.0919018
0 0.2463335 0.2830982 0.0919018 0.0919018
0 0.2518482 0.3566276 0.0919018 0.0919018
0 0.2573629 0.6103041 0.0919018 0.0919018
0 0.2610394 0.0386129 0.0919018 0.0919018
0 0.2647159 0.1709659 0.0919018 0.0919018
0 0.2720688 0.1433924 0.0919018 0.0919018
0 0.2739071 0.0018482 0.0919018 0.0919018
0 0.2739071 0.0790541 0.0919018 0.0919018
0 0.2757453 0.2665541 0.0919018 0.0919018
0 0.2830982 0.4595688 0.0919018 0.0919018
0 0.2849365 0.0000100 0.0919018 0.0606518
0 0.2904512 0.0478041 0.0919018 0.0919018
0 0.2959659 0.5147159 0.0919018 0.0919018
0 0.2996424 0.3382453 0.0919018 0.0919018
0 0.3069953 0.1415541 0.0919018 0.0919018
0 0.3069953 0.5551571 0.0919018 0.0919018
0 0.3088335 0.2095688 0.0919018 0.0919018
0 0.3161865 0.0018482 0.0919018 0.0919018
0 0.3198629 0.4430247 0.0919018 0.0919018
0 0.3272159 0.2518482 0.0919018 0.0919018
0 0.3382453 0.2812600 0.0919018 0.0919018
0 0.3400835 0.0827306 0.0919018 0.0919018
0 0.3437600 0.4264806 0.0919018 0.0919018
0 0.3492747 0.1268482 0.0919018 0.0919018
0 0.3566276 0.4944953 0.0919018 0.0919018
0 0.3731718 0.1911865 0.0919018 0.0919018
0 0.3786865 0.2904512 0.0919018 0.0919018
0 0.4172894 0.4577306 0.0919018 0.0919018
0 0.4301571 0.3033188 0.0919018 0.0919018
0 0.4558924 0.2408188 0.0919018 0.0919018
0 0.4963335 0.2959659 0.0919018 0.0919018
0 0.5147159 0.1709659 0.0919018 0.0919018
0 0.5220688 0.0698629 0.1470488 0.1470488
0 0.5386129 0.2040541 0.0919018 0.0919018
0 0.5698629 0.2665541 0.0919018 0.0919018
0 0.5827306 0.2279512 0.0919018 0.0919018
