0 0.2720688 0.8511129 0.2021959 0.1488871
0 0.2996424 0.8786865 0.1470488 0.1213135
0 0.3180247 0.8970688 0.1102841 0.1029312
0 0.5055247 0.8364071 0.2021959 0.1635929
0 0.5330982 0.8639806 0.1470488 0.1360194
0 0.5404512 0.8621424 0.2021959 0.1378576
0 0.5514806 0.8823629 0.1102841 0.1102841
0 0.5680247 0.8897159 0.1470488 0.1102841
0 0.5864071 0.9080982 0.1102841 0.0919018
0 0.6452306 0.8603041 0.2021959 0.1396959
0 0.6728041 0.8878776 0.1470488 0.1121224
0 0.6911865 0.9062600 0.1102841 0.0937400
0 0.8915541 0.8584659 0.1084459 0.1415341
0 0.9191276 0.8860394 0.0808724 0.1139606
0 0.9375100 0.9044218 0.0624900 0.0955782
