0 0.0000100 0.0000100 0.1782988 0.1378576
0 0.0000100 0.5275835 0.1396959 0.2021959
0 0.0000100 0.5551571 0.1121224 0.1470488
0 0.0000100 0.5735394 0.0937400 0.1102841
0 0.0036865 0.0000100 0.1470488 0.1102841
0 0.0220688 0.0000100 0.1102841 0.0919018
0 0.0496424 0.2389806 0.2021959 0.2021959
0 0.0533188 0.4742747 0.2021959 0.2021959
0 0.0606718 0.4154512 0.2021959 0.2021959
0 0.0606718 0.6930247 0.2021959 0.2021959
0 0.0772159 0.2665541 0.1470488 0.1470488
0 0.0808924 0.5018482 0.1470488 0.1470488
0 0.0882453 0.4430247 0.1470488 0.1470488
0 0.0882453 0.7205982 0.1470488 0.1470488
0 0.0955982 0.2849365 0.1102841 0.1102841
0 0.0992747 0.5202306 0.1102841 0.1102841
0 0.1066276 0.4614071 0.1102841 0.1102841
0 0.1066276 0.7389806 0.1102841 0.1102841
0 0.1764806 0.3621424 0.2021959 0.2021959
0 0.2040541 0.3897159 0.1470488 0.1470488
0 0.2224365 0.4080982 0.1102841 0.1102841
0 0.3272159 0.8014806 0.2021959 0.1985194
0 0.3547894 0.8290541 0.1470488 0.1470488
0 0.3731718 0.8474365 0.1102841 0.1102841
0 0.4650835 0.3253776 0.2021959 0.2021959
0 0.4926571 0.3529512 0.1470488 0.1470488
0 0.5110394 0.3713335 0.1102841 0.1102841
0 0.6875100 0.8382453 0.2757253 0.1617547
0 0.7242747 0.8750100 0.2021959 0.1249900
0 0.7518482 0.9025835 0.1470488 0.0974165
0 0.8235394 0.1544218 0.1764606 0.2021959
0 0.8327306 0.8364071 0.1672694 0.1635929
0 0.8511129 0.1819953 0.1470488 0.1470488
0 0.8603041 0.3878776 0.1396959 0.2021959
0 0.8603041 0.8639806 0.1396959 0.1360194
0 0.8694953 0.2003776 0.1102841 0.1102841
0 0.8786865 0.8823629 0.1102841 0.1102841
0 0.8878776 0.4154512 0.1121224 0.1470488
0 0.9062600 0.4338335 0.0937400 0.1102841
