0 0.1213335 0.3805247 0.2757253 0.2757253
0 0.1580982 0.4172894 0.2021959 0.2021959
0 0.1856718 0.4448629 0.1470488 0.1470488
0 0.3694953 0.8419218 0.2021959 0.1580782
0 0.3768482 0.6930247 0.2021959 0.2021959
0 0.3970688 0.8694953 0.1470488 0.1305047
0 0.4044218 0.7205982 0.1470488 0.1470488
0 0.4080982 0.8713335 0.2021959 0.1286665
0 0.4154512 0.8878776 0.1102841 0.1102841
0 0.4228041 0.7389806 0.1102841 0.1102841
0 0.4356718 0.8989071 0.1470488 0.1010929
0 0.4540541 0.9172894 0.1102841 0.0827106
0 0.6103041 0.6709659 0.2021959 0.2021959
0 0.6378776 0.6985394 0.1470488 0.1470488
0 0.6562600 0.7169218 0.1102841 0.1102841
0 0.7536865 0.4724365 0.2021959 0.2021959
0 0.7720688 0.0000100 0.2021959 0.2003576
0 0.7812600 0.5000100 0.1470488 0.1470488
0 0.7996424 0.0257453 0.1470488 0.1470488
0 0.7996424 0.5183924 0.1102841 0.1102841
0 0.8180247 0.0441276 0.1102841 0.1102841
