0 0.0551571 0.1617747 0.2021959 0.2021959
0 0.0827306 0.1893482 0.1470488 0.1470488
0 0.1011129 0.2077306 0.1102841 0.1102841
0 0.1268482 0.0000100 0.2021959 0.1066076
0 0.1544218 0.0000100 0.1470488 0.0790341
0 0.1728041 0.0000100 0.1102841 0.0606518
0 0.3805247 0.0000100 0.2757253 0.2573429
0 0.4172894 0.0183924 0.2021959 0.2021959
0 0.4448629 0.0459659 0.1470488 0.1470488
0 0.7941276 0.0000100 0.2021959 0.1874900
0 0.8217012 0.0128776 0.1470488 0.1470488
0 0.8400835 0.0312600 0.1102841 0.1102841
