0 0.0000100 0.0955982 0.1305047 0.2021959
0 0.0000100 0.1231718 0.1029312 0.1470488
0 0.0000100 0.1415541 0.0845488 0.1102841
0 0.0000100 0.4577306 0.1727841 0.2021959
0 0.0000100 0.4853041 0.1452106 0.1470488
0 0.0110394 0.3345688 0.2021959 0.2021959
0 0.0165541 0.5036865 0.1102841 0.1102841
0 0.0386129 0.3621424 0.1470488 0.1470488
0 0.0569953 0.3805247 0.1102841 0.1102841
0 0.0955982 0.3842012 0.2021959 0.2021959
0 0.1231718 0.4117747 0.1470488 0.1470488
0 0.1415541 0.4301571 0.1102841 0.1102841
0 0.2757453 0.5294218 0.2757253 0.2757253
0 0.3125100 0.5661865 0.2021959 0.2021959
0 0.3400835 0.5937600 0.1470488 0.1470488
0 0.3566276 0.5220688 0.2021959 0.2021959
0 0.3603041 0.4687600 0.2021959 0.2021959
0 0.3842012 0.5496424 0.1470488 0.1470488
0 0.3878776 0.4963335 0.1470488 0.1470488
0 0.4025835 0.5680247 0.1102841 0.1102841
0 0.4062600 0.5147159 0.1102841 0.1102841
