0 0.4209659 0.4522159 0.0919018 0.0919018
0 0.4779512 0.6654512 0.0919018 0.0919018
0 0.5018482 0.7647159 0.0919018 0.0919018
0 0.5367747 0.7389806 0.0919018 0.0919018
0 0.5422894 0.3952306 0.0919018 0.0919018
0 0.5625100 0.0422894 0.0919018 0.0919018
0 0.5827306 0.4136129 0.0919018 0.0919018
0 0.5992747 0.4356718 0.1102841 0.1102841
0 0.6489071 0.4430247 0.0919018 0.0919018
0 0.7022159 0.4191276 0.0919018 0.0919018
0 0.8198629 0.4007453 0.0919018 0.0919018
0 0.8786865 0.3584659 0.0919018 0.0919018
0 0.9522159 0.5183924 0.0477841 0.0919018
