0 0.2481718 0.3198629 0.2757253 0.2757253
0 0.2849365 0.3566276 0.2021959 0.2021959
0 0.3125100 0.3842012 0.1470488 0.1470488
0 0.4705982 0.5808924 0.2021959 0.2021959
0 0.4742747 0.3933924 0.2021959 0.2021959
0 0.4779512 0.4467012 0.2021959 0.2021959
0 0.4981718 0.6084659 0.1470488 0.1470488
0 0.5018482 0.4209659 0.1470488 0.1470488
0 0.5055247 0.4742747 0.1470488 0.1470488
0 0.5165541 0.6268482 0.1102841 0.1102841
0 0.5202306 0.4393482 0.1102841 0.1102841
0 0.5239071 0.4926571 0.1102841 0.1102841
