0 0.5772159 0.1103041 0.2021959 0.2021959
0 0.5919218 0.0000100 0.2021959 0.1948429
0 0.5974365 0.0000100 0.2021959 0.1121224
0 0.6047894 0.1378776 0.1470488 0.1470488
0 0.6194953 0.0202306 0.1470488 0.1470488
0 0.6231718 0.1562600 0.1102841 0.1102841
0 0.6250100 0.0000100 0.1470488 0.0845488
0 0.6378776 0.0386129 0.1102841 0.1102841
0 0.6433924 0.0000100 0.1102841 0.0661665
0 0.8180247 0.0790541 0.1819753 0.2021959
0 0.8455982 0.1066276 0.1470488 0.1470488
0 0.8529512 0.0018482 0.1470488 0.2021959
0 0.8639806 0.1250100 0.1102841 0.1102841
0 0.8805247 0.0294218 0.1194753 0.1470488
0 0.8823629 0.0735394 0.1176371 0.2021959
0 0.8989071 0.0478041 0.1010929 0.1102841
0 0.9099365 0.1011129 0.0900635 0.1470488
0 0.9283188 0.1194953 0.0716812 0.1102841
