0 0.0000100 0.0000100 0.1157988 0.2003576
0 0.0000100 0.0257453 0.0882253 0.1470488
0 0.0000100 0.0441276 0.0698429 0.1102841
0 0.1636129 0.1691276 0.2757253 0.2757253
0 0.2003776 0.2058924 0.2021959 0.2021959
0 0.2279512 0.2334659 0.1470488 0.1470488
0 0.4154512 0.0220688 0.2021959 0.2021959
0 0.4301571 0.2077306 0.2021959 0.2021959
0 0.4430247 0.0496424 0.1470488 0.1470488
0 0.4577306 0.2353041 0.1470488 0.1470488
0 0.4614071 0.0680247 0.1102841 0.1102841
0 0.4761129 0.2536865 0.1102841 0.1102841
0 0.4908188 0.4742747 0.2021959 0.2021959
0 0.5183924 0.5018482 0.1470488 0.1470488
0 0.5367747 0.5202306 0.1102841 0.1102841
0 0.5955982 0.3180247 0.2021959 0.2021959
0 0.6231718 0.3455982 0.1470488 0.1470488
0 0.6415541 0.3639806 0.1102841 0.1102841
