0 0.0588335 0.5073629 0.2021959 0.2021959
0 0.0735394 0.4724365 0.2021959 0.2021959
0 0.0864071 0.5349365 0.1470488 0.1470488
0 0.1011129 0.5000100 0.1470488 0.1470488
0 0.1047894 0.5533188 0.1102841 0.1102841
0 0.1194953 0.5183924 0.1102841 0.1102841
0 0.1985394 0.2757453 0.2021959 0.2021959
0 0.2022159 0.4926571 0.2021959 0.2021959
0 0.2150835 0.3658188 0.2021959 0.2021959
0 0.2261129 0.3033188 0.1470488 0.1470488
0 0.2297894 0.5202306 0.1470488 0.1470488
0 0.2426571 0.3933924 0.1470488 0.1470488
0 0.2444953 0.3217012 0.1102841 0.1102841
0 0.2481718 0.5386129 0.1102841 0.1102841
0 0.2610394 0.4117747 0.1102841 0.1102841
0 0.2647159 0.3989071 0.2021959 0.2021959
0 0.2702306 0.4540541 0.2021959 0.2021959
0 0.2922894 0.4264806 0.1470488 0.1470488
0 0.2978041 0.4816276 0.1470488 0.1470488
0 0.3088335 0.4577306 0.2021959 0.2021959
0 0.3106718 0.4448629 0.1102841 0.1102841
0 0.3161865 0.5000100 0.1102841 0.1102841
0 0.3253776 0.3731718 0.2021959 0.2021959
0 0.3345688 0.4944953 0.2021959 0.2021959
0 0.3364071 0.4853041 0.1470488 0.1470488
0 0.3529512 0.4007453 0.1470488 0.1470488
0 0.3547894 0.5036865 0.1102841 0.1102841
0 0.3621424 0.5220688 0.1470488 0.1470488
0 0.3713335 0.4191276 0.1102841 0.1102841
0 0.3805247 0.5404512 0.1102841 0.1102841
0 0.3933924 0.5128776 0.2021959 0.2021959
0 0.4209659 0.5404512 0.1470488 0.1470488
0 0.4301571 0.5441276 0.2021959 0.2021959
0 0.4393482 0.5588335 0.1102841 0.1102841
0 0.4577306 0.5717012 0.1470488 0.1470488
0 0.4761129 0.5900835 0.1102841 0.1102841
