0 0.2224365 0.4669218 0.2021959 0.2021959
0 0.2353041 0.3235394 0.2021959 0.2021959
0 0.2500100 0.4944953 0.1470488 0.1470488
0 0.2628776 0.3511129 0.1470488 0.1470488
0 0.2683924 0.5128776 0.1102841 0.1102841
0 0.2812600 0.3694953 0.1102841 0.1102841
0 0.3455982 0.7996424 0.2021959 0.2003576
0 0.3731718 0.8272159 0.1470488 0.1470488
0 0.3878776 0.5275835 0.2021959 0.2021959
0 0.3915541 0.8455982 0.1102841 0.1102841
0 0.4154512 0.5551571 0.1470488 0.1470488
0 0.4338335 0.5735394 0.1102841 0.1102841
0 0.4375100 0.2058924 0.2021959 0.2021959
0 0.4650835 0.2334659 0.1470488 0.1470488
0 0.4834659 0.2518482 0.1102841 0.1102841
0 0.6011129 0.0275835 0.2021959 0.2021959
0 0.6286865 0.0551571 0.1470488 0.1470488
0 0.6470688 0.0735394 0.1102841 0.1102841
0 0.6838335 0.3492747 0.2021959 0.2021959
0 0.7114071 0.3768482 0.1470488 0.1470488
0 0.7242747 0.8143482 0.2021959 0.1856518
0 0.7297894 0.3952306 0.1102841 0.1102841
0 0.7518482 0.8419218 0.1470488 0.1470488
0 0.7536865 0.5330982 0.2021959 0.2021959
0 0.7702306 0.8603041 0.1102841 0.1102841
0 0.7812600 0.5606718 0.1470488 0.1470488
0 0.7996424 0.5790541 0.1102841 0.1102841
0 0.8915541 0.6967012 0.1084459 0.2021959
0 0.9191276 0.7242747 0.0808724 0.1470488
0 0.9375100 0.7426571 0.0624900 0.1102841
