0 0.1011129 0.7022159 0.2757253 0.2757253
0 0.1378776 0.7389806 0.2021959 0.2021959
0 0.1654512 0.7665541 0.1470488 0.1470488
0 0.5900835 0.0000100 0.2021959 0.1121224
0 0.6176571 0.0000100 0.1470488 0.0845488
0 0.6360394 0.0000100 0.1102841 0.0661665
0 0.6433924 0.0000100 0.2021959 0.1544018
0 0.6709659 0.0000100 0.1470488 0.1268282
0 0.6893482 0.0000100 0.1102841 0.1084459
0 0.7022159 0.1893482 0.2021959 0.2021959
0 0.7297894 0.2169218 0.1470488 0.1470488
0 0.7481718 0.2353041 0.1102841 0.1102841
0 0.7665541 0.0330982 0.2021959 0.2021959
0 0.7941276 0.0606718 0.1470488 0.1470488
0 0.8125100 0.0790541 0.1102841 0.1102841
0 0.8842012 0.0000100 0.1157988 0.1580782
0 0.9117747 0.0000100 0.0882253 0.1305047
0 0.9301571 0.0018482 0.0698429 0.1102841
