0 0.3989071 0.3069953 0.0919018 0.0919018
0 0.4117747 0.0459659 0.0919018 0.0919018
0 0.4356718 0.3235394 0.0919018 0.0919018
0 0.4430247 0.1121424 0.0919018 0.0919018
0 0.4485394 0.2555247 0.0919018 0.0919018
0 0.4650835 0.1489071 0.0919018 0.0919018
0 0.4650835 0.3106718 0.0919018 0.0919018
0 0.4853041 0.0000100 0.0919018 0.0882253
0 0.4926571 0.3970688 0.0919018 0.0919018
0 0.4963335 0.0625100 0.0919018 0.0919018
0 0.4981718 0.3511129 0.0919018 0.0919018
0 0.5110394 0.3603041 0.0919018 0.0919018
0 0.6213335 0.5900835 0.0919018 0.0919018
0 0.6470688 0.5790541 0.0919018 0.0919018
0 0.6636129 0.6305247 0.0919018 0.0919018
0 0.6672894 0.7095688 0.0919018 0.0919018
0 0.6819953 0.5808924 0.0919018 0.0919018
0 0.7040541 0.7371424 0.0919018 0.0919018
0 0.7150835 0.5551571 0.0919018 0.0919018
0 0.7169218 0.6911865 0.0919018 0.0919018
0 0.7316276 0.3933924 0.0919018 0.0919018
0 0.7334659 0.6158188 0.0919018 0.0919018
0 0.7408188 0.4485394 0.0919018 0.0919018
0 0.7518482 0.5514806 0.0919018 0.0919018
0 0.7628776 0.6746424 0.0919018 0.0919018
0 0.7867747 0.7555247 0.0919018 0.0919018
0 0.7886129 0.7169218 0.0919018 0.0919018
0 0.7904512 0.4944953 0.0919018 0.0919018
0 0.7922894 0.3014806 0.0919018 0.0919018
0 0.8014806 0.3400835 0.0919018 0.0919018
0 0.8014806 0.4430247 0.0919018 0.0919018
0 0.8088335 0.5441276 0.0919018 0.0919018
0 0.8143482 0.5036865 0.0919018 0.0919018
0 0.8198629 0.7187600 0.0919018 0.0919018
0 0.8308924 0.5569953 0.0919018 0.0919018
0 0.8437600 0.6967012 0.0919018 0.0919018
0 0.8639806 0.4007453 0.0919018 0.0919018
0 0.8694953 0.4981718 0.0919018 0.0919018
0 0.8731718 0.6305247 0.0919018 0.0919018
0 0.8805247 0.5661865 0.0919018 0.0919018
0 0.8842012 0.5955982 0.0919018 0.0919018
0 0.9007453 0.4503776 0.0919018 0.0919018
0 0.9099365 0.6709659 0.0900635 0.0919018
