0 0.0073629 0.8915541 0.0919018 0.0919018
0 0.0404512 0.7353041 0.0919018 0.0919018
0 0.1139806 0.5827306 0.0919018 0.0919018
0 0.1342012 0.6856718 0.1470488 0.1470488
0 0.1709659 0.8694953 0.0919018 0.0919018
0 0.2867747 0.5992747 0.0919018 0.0919018
0 0.3143482 0.0183924 0.0919018 0.0919018
0 0.3455982 0.6911865 0.0919018 0.0919018
0 0.3915541 0.0000100 0.0919018 0.0496224
0 0.4283188 0.8529512 0.0919018 0.0919018
0 0.4393482 0.1084659 0.0919018 0.0919018
0 0.4448629 0.6433924 0.0919018 0.0919018
0 0.4650835 0.0790541 0.0919018 0.0919018
0 0.4779512 0.0110394 0.0919018 0.0919018
0 0.4944953 0.7408188 0.0919018 0.0919018
0 0.5294218 0.4614071 0.0919018 0.0919018
0 0.5643482 0.3933924 0.0919018 0.0919018
0 0.5661865 0.0294218 0.0919018 0.0919018
0 0.5790541 0.5808924 0.0919018 0.0919018
0 0.6911865 0.3529512 0.0919018 0.0919018
0 0.6948629 0.9228041 0.0919018 0.0771959
0 0.7022159 0.4283188 0.0919018 0.0919018
0 0.7077306 0.6066276 0.0919018 0.0919018
0 0.7261129 0.7371424 0.0919018 0.0919018
0 0.7297894 0.7775835 0.0919018 0.0919018
0 0.7794218 0.2794218 0.0919018 0.0919018
0 0.7996424 0.7757453 0.0919018 0.0919018
0 0.8033188 0.3235394 0.0919018 0.0919018
0 0.8492747 0.4926571 0.0919018 0.0919018
0 0.8511129 0.5441276 0.1470488 0.1470488
0 0.8566276 0.0330982 0.0919018 0.0919018
0 0.8731718 0.2683924 0.0919018 0.0919018
0 0.9338335 0.6875100 0.0661665 0.0919018
0 0.9356718 0.5036865 0.0643282 0.0919018
0 0.9522159 0.5845688 0.0477841 0.0919018
