0 0.0000100 0.0000100 0.1617547 0.2169018
0 0.0000100 0.0000100 0.1249900 0.1801371
0 0.0000100 0.0055247 0.0974165 0.1470488
0 0.0000100 0.4614071 0.1672694 0.2021959
0 0.0000100 0.4889806 0.1396959 0.1470488
0 0.0000100 0.6691276 0.1378576 0.2021959
0 0.0000100 0.6967012 0.1102841 0.1470488
0 0.0000100 0.7150835 0.0919018 0.1102841
0 0.0110394 0.5073629 0.1102841 0.1102841
0 0.0551571 0.2610394 0.2021959 0.2021959
0 0.0735394 0.5000100 0.2021959 0.2021959
0 0.0827306 0.2886129 0.1470488 0.1470488
0 0.1011129 0.3069953 0.1102841 0.1102841
0 0.1011129 0.5275835 0.1470488 0.1470488
0 0.1194953 0.5459659 0.1102841 0.1102841
0 0.1231718 0.3603041 0.2021959 0.2021959
0 0.1507453 0.3878776 0.1470488 0.1470488
0 0.1691276 0.4062600 0.1102841 0.1102841
0 0.2114071 0.5220688 0.2021959 0.2021959
0 0.2389806 0.5496424 0.1470488 0.1470488
0 0.2573629 0.5680247 0.1102841 0.1102841
0 0.2830982 0.3161865 0.2021959 0.2021959
0 0.3033188 0.7739071 0.2021959 0.2021959
0 0.3106718 0.3437600 0.1470488 0.1470488
0 0.3290541 0.3621424 0.1102841 0.1102841
0 0.3308924 0.8014806 0.1470488 0.1470488
0 0.3474365 0.7389806 0.2021959 0.2021959
0 0.3492747 0.8198629 0.1102841 0.1102841
0 0.3750100 0.7665541 0.1470488 0.1470488
0 0.3768482 0.3382453 0.2021959 0.2021959
0 0.3933924 0.7849365 0.1102841 0.1102841
0 0.3989071 0.6489071 0.2021959 0.2021959
0 0.4044218 0.3658188 0.1470488 0.1470488
0 0.4228041 0.3842012 0.1102841 0.1102841
0 0.4264806 0.6764806 0.1470488 0.1470488
0 0.4448629 0.0000100 0.2021959 0.1746224
0 0.4448629 0.6948629 0.1102841 0.1102841
0 0.4485394 0.7279512 0.2021959 0.2021959
0 0.4724365 0.0000100 0.1470488 0.1470488
0 0.4761129 0.7555247 0.1470488 0.1470488
0 0.4908188 0.0183924 0.1102841 0.1102841
0 0.4944953 0.7739071 0.1102841 0.1102841
0 0.5349365 0.0588335 0.2021959 0.2021959
0 0.5625100 0.0864071 0.1470488 0.1470488
0 0.5661865 0.6066276 0.2021959 0.2021959
0 0.5808924 0.1047894 0.1102841 0.1102841
0 0.5937600 0.6342012 0.1470488 0.1470488
0 0.6121424 0.6525835 0.1102841 0.1102841
0 0.6286865 0.0000100 0.2021959 0.1121224
0 0.6360394 0.0680247 0.2021959 0.2021959
0 0.6397159 0.3860394 0.2021959 0.2021959
0 0.6562600 0.0000100 0.1470488 0.0845488
0 0.6636129 0.0955982 0.1470488 0.1470488
0 0.6672894 0.4136129 0.1470488 0.1470488
0 0.6746424 0.0000100 0.1102841 0.0661665
0 0.6819953 0.1139806 0.1102841 0.1102841
0 0.6856718 0.4319953 0.1102841 0.1102841
0 0.7058924 0.5919218 0.2021959 0.2021959
0 0.7150835 0.7334659 0.2021959 0.2021959
0 0.7334659 0.6194953 0.1470488 0.1470488
0 0.7426571 0.7610394 0.1470488 0.1470488
0 0.7518482 0.6378776 0.1102841 0.1102841
0 0.7610394 0.7794218 0.1102841 0.1102841
0 0.7904512 0.0478041 0.2021959 0.2021959
0 0.8180247 0.0753776 0.1470488 0.1470488
0 0.8327306 0.5827306 0.1672694 0.2021959
0 0.8364071 0.0937600 0.1102841 0.1102841
0 0.8492747 0.6819953 0.1507253 0.2021959
0 0.8603041 0.6103041 0.1396959 0.1470488
0 0.8621424 0.4944953 0.1378576 0.2021959
0 0.8768482 0.7095688 0.1231518 0.1470488
0 0.8786865 0.6286865 0.1102841 0.1102841
0 0.8860394 0.6139806 0.1139606 0.2021959
0 0.8897159 0.5220688 0.1102841 0.1470488
0 0.8952306 0.7279512 0.1047694 0.1102841
0 0.9080982 0.5404512 0.0919018 0.1102841
0 0.9136129 0.6415541 0.0863871 0.1470488
0 0.9319953 0.6599365 0.0680047 0.1102841
