0 0.0000100 0.0000100 0.1617547 0.1415341
0 0.0000100 0.0000100 0.1341812 0.1139606
0 0.0000100 0.0018482 0.1415341 0.2021959
0 0.0000100 0.0294218 0.1139606 0.1470488
0 0.0000100 0.0478041 0.0955782 0.1102841
0 0.0055247 0.0000100 0.1102841 0.0955782
0 0.1544218 0.0000100 0.2021959 0.1378576
0 0.1819953 0.0000100 0.1470488 0.1102841
0 0.2003776 0.0000100 0.1102841 0.0919018
0 0.2904512 0.3823629 0.2021959 0.2021959
0 0.3180247 0.4099365 0.1470488 0.1470488
0 0.3364071 0.4283188 0.1102841 0.1102841
0 0.4816276 0.2426571 0.2757253 0.2757253
0 0.5183924 0.2794218 0.2021959 0.2021959
0 0.5459659 0.3069953 0.1470488 0.1470488
