0 0.5864071 0.3161865 0.2021959 0.2021959
0 0.6139806 0.3437600 0.1470488 0.1470488
0 0.6176571 0.3547894 0.2021959 0.2021959
0 0.6323629 0.3621424 0.1102841 0.1102841
0 0.6452306 0.3823629 0.1470488 0.1470488
0 0.6470688 0.3878776 0.2021959 0.2021959
0 0.6636129 0.4007453 0.1102841 0.1102841
0 0.6746424 0.4154512 0.1470488 0.1470488
0 0.6930247 0.4338335 0.1102841 0.1102841
0 0.7205982 0.4191276 0.2021959 0.2021959
0 0.7481718 0.4467012 0.1470488 0.1470488
0 0.7665541 0.4650835 0.1102841 0.1102841
0 0.7775835 0.8970688 0.2021959 0.1029312
0 0.7978041 0.8658188 0.2021959 0.1341812
0 0.8051571 0.9246424 0.1470488 0.0753576
0 0.8088335 0.4025835 0.1911665 0.2021959
0 0.8235394 0.9430247 0.1102841 0.0569753
0 0.8253776 0.8933924 0.1470488 0.1066076
0 0.8364071 0.4301571 0.1470488 0.1470488
0 0.8437600 0.9117747 0.1102841 0.0882253
0 0.8547894 0.4485394 0.1102841 0.1102841
