0 0.0202306 0.6746424 0.0919018 0.0919018
0 0.0367747 0.7978041 0.0919018 0.0919018
0 0.0404512 0.4411865 0.0919018 0.0919018
0 0.0588335 0.4963335 0.0919018 0.0919018
0 0.0753776 0.2683924 0.0919018 0.0919018
0 0.0845688 0.3603041 0.0919018 0.0919018
0 0.1654512 0.6103041 0.0919018 0.0919018
0 0.1672894 0.4246424 0.0919018 0.0919018
0 0.2353041 0.2408188 0.1470488 0.1470488
0 0.3051571 0.3125100 0.0919018 0.0919018
0 0.3290541 0.5128776 0.0919018 0.0919018
0 0.4246424 0.3143482 0.0919018 0.0919018
0 0.5404512 0.3842012 0.0919018 0.0919018
0 0.5551571 0.5386129 0.0919018 0.0919018
0 0.7536865 0.3033188 0.0919018 0.0919018
0 0.8198629 0.5643482 0.0919018 0.0919018
0 0.9283188 0.4963335 0.0716812 0.0919018
