0 0.7261129 0.8400835 0.2021959 0.1599165
0 0.7536865 0.8676571 0.1470488 0.1323429
0 0.7720688 0.8860394 0.1102841 0.1102841
0 0.8069953 0.6967012 0.1930047 0.2021959
0 0.8272159 0.5864071 0.1727841 0.2021959
0 0.8345688 0.7242747 0.1470488 0.1470488
0 0.8511129 0.8455982 0.1488871 0.1544018
0 0.8529512 0.7426571 0.1102841 0.1102841
0 0.8547894 0.6139806 0.1452106 0.1470488
0 0.8731718 0.6323629 0.1102841 0.1102841
0 0.8786865 0.3842012 0.1213135 0.2021959
0 0.8786865 0.8731718 0.1213135 0.1268282
0 0.8897159 0.6838335 0.1102841 0.2021959
0 0.8970688 0.8915541 0.1029312 0.1084459
0 0.9062600 0.4117747 0.0937400 0.1470488
0 0.9172894 0.7114071 0.0827106 0.1470488
0 0.9246424 0.4301571 0.0753576 0.1102841
0 0.9356718 0.7297894 0.0643282 0.1102841
