0 0.5202306 0.4834659 0.0919018 0.0919018
0 0.5202306 0.6121424 0.0919018 0.0919018
0 0.5808924 0.2794218 0.0919018 0.0919018
0 0.6011129 0.6728041 0.0919018 0.0919018
0 0.6139806 0.2297894 0.0919018 0.0919018
0 0.6286865 0.0000100 0.0919018 0.0698429
0 0.6470688 0.3529512 0.0919018 0.0919018
0 0.6728041 0.2849365 0.0919018 0.0919018
0 0.6746424 0.1415541 0.0919018 0.0919018
0 0.7463335 0.4650835 0.0919018 0.0919018
0 0.7720688 0.1948629 0.0919018 0.0919018
0 0.7775835 0.7132453 0.0919018 0.0919018
0 0.8051571 0.4007453 0.0919018 0.0919018
0 0.8272159 0.0000100 0.0919018 0.0588135
0 0.8400835 0.0790541 0.0919018 0.0919018
0 0.8400835 0.3419218 0.0919018 0.0919018
0 0.8639806 0.0000100 0.1360194 0.1396959
0 0.9522159 0.1360394 0.0477841 0.0919018
