0 0.6139806 0.7794218 0.2021959 0.2021959
0 0.6415541 0.8069953 0.1470488 0.1470488
0 0.6599365 0.8253776 0.1102841 0.1102841
0 0.6709659 0.7665541 0.2021959 0.2021959
0 0.6985394 0.7941276 0.1470488 0.1470488
0 0.7169218 0.8125100 0.1102841 0.1102841
0 0.7205982 0.0459659 0.2757253 0.2757253
0 0.7573629 0.0827306 0.2021959 0.2021959
0 0.7683924 0.2757453 0.2021959 0.2021959
0 0.7849365 0.1103041 0.1470488 0.1470488
0 0.7959659 0.3033188 0.1470488 0.1470488
0 0.8088335 0.3529512 0.1911665 0.2021959
0 0.8143482 0.3217012 0.1102841 0.1102841
0 0.8143482 0.6801571 0.1856518 0.2021959
0 0.8364071 0.3805247 0.1470488 0.1470488
0 0.8419218 0.7077306 0.1470488 0.1470488
0 0.8547894 0.3989071 0.1102841 0.1102841
0 0.8603041 0.7261129 0.1102841 0.1102841
