0 0.1764806 0.1599365 0.2021959 0.2021959
0 0.2040541 0.1875100 0.1470488 0.1470488
0 0.2040541 0.3750100 0.2021959 0.2021959
0 0.2224365 0.2058924 0.1102841 0.1102841
0 0.2316276 0.4025835 0.1470488 0.1470488
0 0.2500100 0.4209659 0.1102841 0.1102841
0 0.2757453 0.0735394 0.2021959 0.2021959
0 0.2922894 0.1636129 0.2021959 0.2021959
0 0.3033188 0.0000100 0.2021959 0.1084459
0 0.3033188 0.1011129 0.1470488 0.1470488
0 0.3198629 0.1911865 0.1470488 0.1470488
0 0.3217012 0.1194953 0.1102841 0.1102841
0 0.3308924 0.0000100 0.1470488 0.0808724
0 0.3382453 0.2095688 0.1102841 0.1102841
0 0.3492747 0.0000100 0.1102841 0.0624900
0 0.4650835 0.5092012 0.2021959 0.2021959
0 0.4926571 0.5367747 0.1470488 0.1470488
0 0.5018482 0.1525835 0.2021959 0.2021959
0 0.5036865 0.2867747 0.2021959 0.2021959
0 0.5110394 0.5551571 0.1102841 0.1102841
0 0.5294218 0.1801571 0.1470488 0.1470488
0 0.5312600 0.3143482 0.1470488 0.1470488
0 0.5478041 0.1985394 0.1102841 0.1102841
0 0.5496424 0.3327306 0.1102841 0.1102841
0 0.5551571 0.6470688 0.2021959 0.2021959
0 0.5808924 0.4485394 0.2021959 0.2021959
0 0.5827306 0.5110394 0.2021959 0.2021959
0 0.5827306 0.6746424 0.1470488 0.1470488
0 0.6011129 0.6930247 0.1102841 0.1102841
0 0.6084659 0.4761129 0.1470488 0.1470488
0 0.6103041 0.5386129 0.1470488 0.1470488
0 0.6139806 0.3547894 0.2021959 0.2021959
0 0.6268482 0.4944953 0.1102841 0.1102841
0 0.6286865 0.5569953 0.1102841 0.1102841
0 0.6415541 0.3823629 0.1470488 0.1470488
0 0.6599365 0.4007453 0.1102841 0.1102841
0 0.6709659 0.5239071 0.2021959 0.2021959
0 0.6985394 0.5514806 0.1470488 0.1470488
0 0.7058924 0.2665541 0.2021959 0.2021959
0 0.7169218 0.5698629 0.1102841 0.1102841
0 0.7334659 0.2941276 0.1470488 0.1470488
0 0.7426571 0.2867747 0.2021959 0.2021959
0 0.7518482 0.3125100 0.1102841 0.1102841
0 0.7702306 0.3143482 0.1470488 0.1470488
0 0.7775835 0.4117747 0.2021959 0.2021959
0 0.7886129 0.3327306 0.1102841 0.1102841
0 0.8051571 0.4393482 0.1470488 0.1470488
0 0.8235394 0.4577306 0.1102841 0.1102841
0 0.8437600 0.2941276 0.1562400 0.2021959
0 0.8713335 0.3217012 0.1286665 0.1470488
0 0.8897159 0.3400835 0.1102841 0.1102841
