0 0.0000100 0.6213335 0.1507253 0.2021959
0 0.0000100 0.6489071 0.1231518 0.1470488
0 0.0000100 0.6672894 0.1047694 0.1102841
0 0.0349365 0.0000100 0.2757253 0.2757253
0 0.0422894 0.5845688 0.2021959 0.2021959
0 0.0698629 0.6121424 0.1470488 0.1470488
0 0.0717012 0.0367747 0.2021959 0.2021959
0 0.0882453 0.6305247 0.1102841 0.1102841
0 0.0992747 0.0643482 0.1470488 0.1470488
0 0.1967012 0.0000100 0.2021959 0.1966812
0 0.2242747 0.0220688 0.1470488 0.1470488
0 0.2316276 0.3584659 0.2021959 0.2021959
0 0.2426571 0.0404512 0.1102841 0.1102841
0 0.2592012 0.3860394 0.1470488 0.1470488
0 0.2775835 0.4044218 0.1102841 0.1102841
0 0.4136129 0.0000100 0.2021959 0.1157988
0 0.4411865 0.0000100 0.1470488 0.0882253
0 0.4595688 0.0000100 0.1102841 0.0698429
0 0.5569953 0.0294218 0.2021959 0.2021959
0 0.5845688 0.0569953 0.1470488 0.1470488
0 0.6029512 0.0753776 0.1102841 0.1102841
0 0.7353041 0.1194953 0.2021959 0.2021959
0 0.7371424 0.0000100 0.2021959 0.1525635
0 0.7628776 0.1470688 0.1470488 0.1470488
0 0.7647159 0.0000100 0.1470488 0.1249900
0 0.7812600 0.1654512 0.1102841 0.1102841
0 0.7830982 0.0000100 0.1102841 0.1066076
0 0.7904512 0.3621424 0.2021959 0.2021959
0 0.8180247 0.3897159 0.1470488 0.1470488
0 0.8364071 0.4080982 0.1102841 0.1102841
0 0.8658188 0.1636129 0.1341812 0.2021959
0 0.8860394 0.3364071 0.1139606 0.2021959
0 0.8933924 0.1911865 0.1066076 0.1470488
0 0.9117747 0.2095688 0.0882253 0.1102841
0 0.9136129 0.3639806 0.0863871 0.1470488
0 0.9319953 0.3823629 0.0680047 0.1102841
