0 0.1286865 0.0000100 0.2757253 0.2003576
0 0.1654512 0.0000100 0.2021959 0.1635929
0 0.1930247 0.0000100 0.1470488 0.1360194
0 0.4062600 0.8547894 0.2021959 0.1452106
0 0.4191276 0.5312600 0.2021959 0.2021959
0 0.4338335 0.8823629 0.1470488 0.1176371
0 0.4467012 0.5588335 0.1470488 0.1470488
0 0.4522159 0.9007453 0.1102841 0.0992547
0 0.4650835 0.5772159 0.1102841 0.1102841
0 0.7132453 0.0735394 0.2021959 0.2021959
0 0.7408188 0.1011129 0.1470488 0.1470488
0 0.7592012 0.1194953 0.1102841 0.1102841
