0 0.0864071 0.4595688 0.2021959 0.2021959
0 0.0992747 0.1985394 0.2021959 0.2021959
0 0.1139806 0.4871424 0.1470488 0.1470488
0 0.1268482 0.2261129 0.1470488 0.1470488
0 0.1323629 0.5055247 0.1102841 0.1102841
0 0.1452306 0.2444953 0.1102841 0.1102841
0 0.3327306 0.2279512 0.2021959 0.2021959
0 0.3603041 0.2555247 0.1470488 0.1470488
0 0.3786865 0.2739071 0.1102841 0.1102841
0 0.4375100 0.4228041 0.2021959 0.2021959
0 0.4650835 0.4503776 0.1470488 0.1470488
0 0.4834659 0.4687600 0.1102841 0.1102841
0 0.4981718 0.3253776 0.2021959 0.2021959
0 0.5257453 0.3529512 0.1470488 0.1470488
0 0.5441276 0.3713335 0.1102841 0.1102841
