0 0.0000100 0.1728041 0.1746224 0.2021959
0 0.0000100 0.2003776 0.1470488 0.1470488
0 0.0000100 0.3272159 0.1544018 0.2021959
0 0.0000100 0.3547894 0.1268282 0.1470488
0 0.0000100 0.3731718 0.1084459 0.1102841
0 0.0000100 0.4375100 0.1782988 0.2021959
0 0.0000100 0.4485394 0.1010929 0.2021959
0 0.0000100 0.4761129 0.0735194 0.1470488
0 0.0000100 0.4944953 0.0551371 0.1102841
0 0.0000100 0.5349365 0.1948429 0.2021959
0 0.0036865 0.4650835 0.1470488 0.1470488
0 0.0183924 0.2187600 0.1102841 0.1102841
0 0.0202306 0.5625100 0.1470488 0.1470488
0 0.0220688 0.4834659 0.1102841 0.1102841
0 0.0386129 0.5808924 0.1102841 0.1102841
0 0.0514806 0.1764806 0.2021959 0.2021959
0 0.0625100 0.3474365 0.2021959 0.2021959
0 0.0790541 0.2040541 0.1470488 0.1470488
0 0.0864071 0.3933924 0.2021959 0.2021959
0 0.0900835 0.3750100 0.1470488 0.1470488
0 0.0919218 0.8786865 0.2021959 0.1213135
0 0.0937600 0.4614071 0.2021959 0.2021959
0 0.0974365 0.2224365 0.1102841 0.1102841
0 0.1084659 0.3933924 0.1102841 0.1102841
0 0.1139806 0.4209659 0.1470488 0.1470488
0 0.1194953 0.9062600 0.1470488 0.0937400
0 0.1213335 0.4889806 0.1470488 0.1470488
0 0.1323629 0.4393482 0.1102841 0.1102841
0 0.1378776 0.9246424 0.1102841 0.0753576
0 0.1397159 0.5073629 0.1102841 0.1102841
0 0.1617747 0.2573629 0.2021959 0.2021959
0 0.1838335 0.3419218 0.2021959 0.2021959
0 0.1875100 0.2205982 0.2021959 0.2021959
0 0.1893482 0.2849365 0.1470488 0.1470488
0 0.1930247 0.0000100 0.2021959 0.1985194
0 0.2022159 0.8180247 0.2021959 0.1819753
0 0.2077306 0.3033188 0.1102841 0.1102841
0 0.2114071 0.3694953 0.1470488 0.1470488
0 0.2150835 0.2481718 0.1470488 0.1470488
0 0.2150835 0.4632453 0.2021959 0.2021959
0 0.2205982 0.0239071 0.1470488 0.1470488
0 0.2297894 0.3878776 0.1102841 0.1102841
0 0.2297894 0.8455982 0.1470488 0.1470488
0 0.2334659 0.2665541 0.1102841 0.1102841
0 0.2389806 0.0422894 0.1102841 0.1102841
0 0.2426571 0.4908188 0.1470488 0.1470488
0 0.2481718 0.8639806 0.1102841 0.1102841
0 0.2610394 0.5092012 0.1102841 0.1102841
0 0.2683924 0.4669218 0.2021959 0.2021959
0 0.2812600 0.7592012 0.2021959 0.2021959
0 0.2959659 0.4944953 0.1470488 0.1470488
0 0.3088335 0.0018482 0.2021959 0.2021959
0 0.3088335 0.7867747 0.1470488 0.1470488
0 0.3143482 0.5128776 0.1102841 0.1102841
0 0.3235394 0.2573629 0.2021959 0.2021959
0 0.3272159 0.8051571 0.1102841 0.1102841
0 0.3345688 0.3217012 0.2021959 0.2021959
0 0.3364071 0.0294218 0.1470488 0.1470488
0 0.3511129 0.2849365 0.1470488 0.1470488
0 0.3547894 0.0478041 0.1102841 0.1102841
0 0.3603041 0.4926571 0.2021959 0.2021959
0 0.3621424 0.3492747 0.1470488 0.1470488
0 0.3639806 0.6231718 0.2021959 0.2021959
0 0.3694953 0.3033188 0.1102841 0.1102841
0 0.3713335 0.3897159 0.2021959 0.2021959
0 0.3805247 0.3676571 0.1102841 0.1102841
0 0.3878776 0.5202306 0.1470488 0.1470488
0 0.3915541 0.6507453 0.1470488 0.1470488
0 0.3970688 0.5717012 0.2021959 0.2021959
0 0.3989071 0.4172894 0.1470488 0.1470488
0 0.4044218 0.3364071 0.2021959 0.2021959
0 0.4044218 0.8125100 0.2021959 0.1874900
0 0.4062600 0.5386129 0.1102841 0.1102841
0 0.4099365 0.6691276 0.1102841 0.1102841
0 0.4172894 0.4356718 0.1102841 0.1102841
0 0.4191276 0.8842012 0.2021959 0.1157988
0 0.4246424 0.5992747 0.1470488 0.1470488
0 0.4319953 0.3639806 0.1470488 0.1470488
0 0.4319953 0.8400835 0.1470488 0.1470488
0 0.4338335 0.4632453 0.2021959 0.2021959
0 0.4430247 0.6176571 0.1102841 0.1102841
0 0.4467012 0.9117747 0.1470488 0.0882253
0 0.4503776 0.3823629 0.1102841 0.1102841
0 0.4503776 0.8584659 0.1102841 0.1102841
0 0.4614071 0.4908188 0.1470488 0.1470488
0 0.4632453 0.5864071 0.2021959 0.2021959
0 0.4650835 0.9301571 0.1102841 0.0698429
0 0.4724365 0.3878776 0.2021959 0.2021959
0 0.4761129 0.1360394 0.2021959 0.2021959
0 0.4797894 0.5092012 0.1102841 0.1102841
0 0.4834659 0.7279512 0.2021959 0.2021959
0 0.4908188 0.6139806 0.1470488 0.1470488
0 0.5000100 0.4154512 0.1470488 0.1470488
0 0.5036865 0.1636129 0.1470488 0.1470488
0 0.5092012 0.4301571 0.2021959 0.2021959
0 0.5092012 0.6323629 0.1102841 0.1102841
0 0.5110394 0.7555247 0.1470488 0.1470488
0 0.5128776 0.3235394 0.2021959 0.2021959
0 0.5183924 0.4338335 0.1102841 0.1102841
0 0.5220688 0.1819953 0.1102841 0.1102841
0 0.5294218 0.7739071 0.1102841 0.1102841
0 0.5330982 0.6985394 0.2021959 0.2021959
0 0.5367747 0.4577306 0.1470488 0.1470488
0 0.5386129 0.6305247 0.2021959 0.2021959
0 0.5404512 0.3511129 0.1470488 0.1470488
0 0.5478041 0.0827306 0.2021959 0.2021959
0 0.5551571 0.4761129 0.1102841 0.1102841
0 0.5588335 0.3694953 0.1102841 0.1102841
0 0.5606718 0.7261129 0.1470488 0.1470488
0 0.5661865 0.6580982 0.1470488 0.1470488
0 0.5661865 0.7683924 0.2021959 0.2021959
0 0.5698629 0.5459659 0.2021959 0.2021959
0 0.5753776 0.1103041 0.1470488 0.1470488
0 0.5790541 0.7444953 0.1102841 0.1102841
0 0.5808924 0.1875100 0.2021959 0.2021959
0 0.5845688 0.6764806 0.1102841 0.1102841
0 0.5937600 0.1286865 0.1102841 0.1102841
0 0.5937600 0.7959659 0.1470488 0.1470488
0 0.5974365 0.5735394 0.1470488 0.1470488
0 0.6084659 0.2150835 0.1470488 0.1470488
0 0.6121424 0.6838335 0.2021959 0.2021959
0 0.6121424 0.8143482 0.1102841 0.1102841
0 0.6158188 0.5919218 0.1102841 0.1102841
0 0.6231718 0.6011129 0.2021959 0.2021959
0 0.6268482 0.2334659 0.1102841 0.1102841
0 0.6286865 0.4209659 0.2021959 0.2021959
0 0.6323629 0.7114071 0.2021959 0.2021959
0 0.6397159 0.7114071 0.1470488 0.1470488
0 0.6452306 0.4448629 0.2021959 0.2021959
0 0.6507453 0.6286865 0.1470488 0.1470488
0 0.6562600 0.4485394 0.1470488 0.1470488
0 0.6580982 0.7297894 0.1102841 0.1102841
0 0.6599365 0.6728041 0.2021959 0.2021959
0 0.6599365 0.7389806 0.1470488 0.1470488
0 0.6691276 0.6470688 0.1102841 0.1102841
0 0.6728041 0.4724365 0.1470488 0.1470488
0 0.6746424 0.0569953 0.2021959 0.2021959
0 0.6746424 0.4669218 0.1102841 0.1102841
0 0.6764806 0.4540541 0.2021959 0.2021959
0 0.6764806 0.5239071 0.2021959 0.2021959
0 0.6783188 0.7573629 0.1102841 0.1102841
0 0.6875100 0.7003776 0.1470488 0.1470488
0 0.6911865 0.4908188 0.1102841 0.1102841
0 0.7022159 0.0845688 0.1470488 0.1470488
0 0.7040541 0.4816276 0.1470488 0.1470488
0 0.7040541 0.5514806 0.1470488 0.1470488
0 0.7058924 0.7187600 0.1102841 0.1102841
0 0.7095688 0.3970688 0.2021959 0.2021959
0 0.7205982 0.1029512 0.1102841 0.1102841
0 0.7224365 0.5000100 0.1102841 0.1102841
0 0.7224365 0.5698629 0.1102841 0.1102841
0 0.7242747 0.0386129 0.2021959 0.2021959
0 0.7371424 0.0955982 0.2021959 0.2021959
0 0.7371424 0.4246424 0.1470488 0.1470488
0 0.7426571 0.5588335 0.2021959 0.2021959
0 0.7518482 0.0661865 0.1470488 0.1470488
0 0.7555247 0.4430247 0.1102841 0.1102841
0 0.7592012 0.4485394 0.2021959 0.2021959
0 0.7647159 0.1231718 0.1470488 0.1470488
0 0.7665541 0.2261129 0.2021959 0.2021959
0 0.7702306 0.0845688 0.1102841 0.1102841
0 0.7702306 0.5864071 0.1470488 0.1470488
0 0.7775835 0.6562600 0.2021959 0.2021959
0 0.7830982 0.1415541 0.1102841 0.1102841
0 0.7867747 0.4761129 0.1470488 0.1470488
0 0.7886129 0.6047894 0.1102841 0.1102841
0 0.7941276 0.2536865 0.1470488 0.1470488
0 0.8051571 0.4944953 0.1102841 0.1102841
0 0.8051571 0.6838335 0.1470488 0.1470488
0 0.8069953 0.1544218 0.1930047 0.2021959
0 0.8106718 0.4338335 0.1893282 0.2021959
0 0.8125100 0.2720688 0.1102841 0.1102841
0 0.8180247 0.5257453 0.1819753 0.2021959
0 0.8235394 0.7022159 0.1102841 0.1102841
0 0.8272159 0.0900835 0.1727841 0.2021959
0 0.8345688 0.1819953 0.1470488 0.1470488
0 0.8382453 0.4614071 0.1470488 0.1470488
0 0.8455982 0.5533188 0.1470488 0.1470488
0 0.8529512 0.2003776 0.1102841 0.1102841
0 0.8547894 0.1176571 0.1452106 0.1470488
0 0.8566276 0.4797894 0.1102841 0.1102841
0 0.8639806 0.5717012 0.1102841 0.1102841
0 0.8676571 0.0386129 0.1323429 0.2021959
0 0.8713335 0.1691276 0.1286665 0.2021959
0 0.8731718 0.1360394 0.1102841 0.1102841
0 0.8952306 0.0661865 0.1047694 0.1470488
0 0.8989071 0.1967012 0.1010929 0.1470488
0 0.9136129 0.0845688 0.0863871 0.1102841
0 0.9172894 0.2150835 0.0827106 0.1102841
