0 0.0000100 0.3584659 0.1378576 0.2021959
0 0.0000100 0.3860394 0.1102841 0.1470488
0 0.0000100 0.4044218 0.0919018 0.1102841
0 0.0000100 0.4062600 0.1635929 0.2021959
0 0.0000100 0.4338335 0.1360194 0.1470488
0 0.0000100 0.4356718 0.1396959 0.2021959
0 0.0000100 0.4632453 0.1121224 0.1470488
0 0.0000100 0.4816276 0.0937400 0.1102841
0 0.0000100 0.6360394 0.1305047 0.2021959
0 0.0000100 0.6580982 0.1029312 0.2021959
0 0.0000100 0.6636129 0.1029312 0.1470488
0 0.0000100 0.6819953 0.0845488 0.1102841
0 0.0000100 0.6856718 0.0753576 0.1470488
0 0.0000100 0.7040541 0.0569753 0.1102841
0 0.0000100 0.7242747 0.1874900 0.2021959
0 0.0073629 0.4522159 0.1102841 0.1102841
0 0.0128776 0.7518482 0.1470488 0.1470488
0 0.0312600 0.6985394 0.2757253 0.2757253
0 0.0312600 0.7702306 0.1102841 0.1102841
0 0.0680247 0.7353041 0.2021959 0.2021959
0 0.0698629 0.3603041 0.2021959 0.2021959
0 0.0937600 0.8823629 0.2021959 0.1176371
0 0.0955982 0.7628776 0.1470488 0.1470488
0 0.0974365 0.3878776 0.1470488 0.1470488
0 0.1158188 0.4062600 0.1102841 0.1102841
0 0.1213335 0.9099365 0.1470488 0.0900635
0 0.1397159 0.9283188 0.1102841 0.0716812
0 0.1580982 0.8694953 0.2021959 0.1305047
0 0.1617747 0.4834659 0.2757253 0.2757253
0 0.1856718 0.8970688 0.1470488 0.1029312
0 0.1985394 0.5202306 0.2021959 0.2021959
0 0.2040541 0.9154512 0.1102841 0.0845488
0 0.2261129 0.5478041 0.1470488 0.1470488
0 0.2334659 0.8933924 0.2021959 0.1066076
0 0.2610394 0.9209659 0.1470488 0.0790341
0 0.2794218 0.9393482 0.1102841 0.0606518
0 0.3106718 0.7205982 0.2021959 0.2021959
0 0.3382453 0.7481718 0.1470488 0.1470488
0 0.3566276 0.7665541 0.1102841 0.1102841
0 0.3584659 0.6084659 0.2021959 0.2021959
0 0.3860394 0.6360394 0.1470488 0.1470488
0 0.4044218 0.6544218 0.1102841 0.1102841
