0 0.7573629 0.0000100 0.2021959 0.2003576
0 0.7757453 0.1728041 0.2021959 0.2021959
0 0.7849365 0.0257453 0.1470488 0.1470488
0 0.8033188 0.0441276 0.1102841 0.1102841
0 0.8033188 0.2003776 0.1470488 0.1470488
0 0.8088335 0.1121424 0.1911665 0.2021959
0 0.8217012 0.2187600 0.1102841 0.1102841
0 0.8364071 0.1397159 0.1470488 0.1470488
0 0.8474365 0.2114071 0.1525635 0.2021959
0 0.8547894 0.1580982 0.1102841 0.1102841
0 0.8750100 0.2389806 0.1249900 0.1470488
0 0.8933924 0.2573629 0.1066076 0.1102841
