0 0.0000100 0.2389806 0.0863871 0.0919018
0 0.0000100 0.3584659 0.0532988 0.0919018
0 0.0000100 0.3970688 0.0680047 0.0919018
0 0.0000100 0.4246424 0.0661665 0.0919018
0 0.0000100 0.4540541 0.0863871 0.0919018
0 0.0000100 0.7150835 0.1047694 0.1470488
0 0.0000100 0.7886129 0.0569753 0.0919018
0 0.0275835 0.6360394 0.0919018 0.0919018
0 0.0367747 0.3143482 0.0919018 0.0919018
0 0.0422894 0.4522159 0.0919018 0.0919018
0 0.0441276 0.0514806 0.0919018 0.0919018
0 0.0735394 0.4228041 0.0919018 0.0919018
0 0.0772159 0.5257453 0.0919018 0.0919018
0 0.0827306 0.4871424 0.0919018 0.0919018
0 0.0974365 0.5588335 0.0919018 0.0919018
0 0.1139806 0.1268482 0.0919018 0.0919018
0 0.1819953 0.4062600 0.0919018 0.0919018
0 0.2077306 0.3786865 0.0919018 0.0919018
0 0.2150835 0.0000100 0.0919018 0.0624900
0 0.2353041 0.0000100 0.0919018 0.0863871
0 0.2592012 0.2040541 0.0919018 0.0919018
0 0.2592012 0.5183924 0.0919018 0.0919018
0 0.2683924 0.1709659 0.0919018 0.0919018
0 0.2959659 0.8566276 0.0919018 0.0919018
0 0.3106718 0.4007453 0.0919018 0.0919018
0 0.3253776 0.7978041 0.0919018 0.0919018
0 0.3566276 0.0900835 0.0919018 0.0919018
0 0.3621424 0.5110394 0.0919018 0.0919018
0 0.3713335 0.2904512 0.0919018 0.0919018
0 0.3823629 0.7297894 0.0919018 0.0919018
0 0.4025835 0.7555247 0.0919018 0.0919018
0 0.4080982 0.4963335 0.0919018 0.0919018
0 0.4080982 0.5202306 0.0919018 0.0919018
0 0.4319953 0.4375100 0.0919018 0.0919018
0 0.4558924 0.7242747 0.0919018 0.0919018
0 0.4632453 0.2297894 0.0919018 0.0919018
0 0.5110394 0.2720688 0.0919018 0.0919018
0 0.5478041 0.0864071 0.1470488 0.1470488
0 0.5643482 0.4724365 0.0919018 0.0919018
0 0.5753776 0.5422894 0.0919018 0.0919018
0 0.5974365 0.7003776 0.0919018 0.0919018
0 0.5992747 0.6305247 0.0919018 0.0919018
0 0.6139806 0.9246424 0.0919018 0.0753576
0 0.6176571 0.6580982 0.0919018 0.0919018
0 0.6489071 0.7077306 0.0919018 0.0919018
0 0.6507453 0.3014806 0.0919018 0.0919018
0 0.6654512 0.6213335 0.0919018 0.0919018
0 0.6746424 0.7334659 0.0919018 0.0919018
0 0.6746424 0.8051571 0.0919018 0.0919018
0 0.6930247 0.0643482 0.0919018 0.0919018
0 0.7003776 0.2665541 0.0919018 0.0919018
0 0.7628776 0.0202306 0.0919018 0.0919018
0 0.7628776 0.2463335 0.0919018 0.0919018
0 0.7794218 0.8419218 0.0919018 0.0919018
0 0.7922894 0.5092012 0.0919018 0.0919018
0 0.8584659 0.2941276 0.0919018 0.0919018
0 0.8768482 0.8272159 0.0919018 0.0919018
0 0.9393482 0.8290541 0.0606518 0.0919018
0 0.9467012 0.0404512 0.0532988 0.0919018
