0 0.0000100 0.8143482 0.1507253 0.1856518
0 0.0000100 0.8419218 0.1231518 0.1470488
0 0.0000100 0.8603041 0.1047694 0.1102841
0 0.0459659 0.6746424 0.2021959 0.2021959
0 0.0735394 0.7022159 0.1470488 0.1470488
0 0.0919218 0.7205982 0.1102841 0.1102841
0 0.2941276 0.7500100 0.2021959 0.2021959
0 0.3217012 0.7775835 0.1470488 0.1470488
0 0.3400835 0.7959659 0.1102841 0.1102841
0 0.3437600 0.8603041 0.2021959 0.1396959
0 0.3713335 0.8878776 0.1470488 0.1121224
0 0.3897159 0.9062600 0.1102841 0.0937400
