0 0.0000100 0.4301571 0.1801371 0.2757253
0 0.0000100 0.4669218 0.1433724 0.2021959
0 0.0000100 0.4944953 0.1157988 0.1470488
0 0.0000100 0.7500100 0.1709459 0.2021959
0 0.0000100 0.7775835 0.1433724 0.1470488
0 0.0147159 0.7959659 0.1102841 0.1102841
0 0.0239071 0.0000100 0.2021959 0.1654312
0 0.0514806 0.0000100 0.1470488 0.1378576
0 0.0551571 0.2279512 0.2021959 0.2021959
0 0.0698629 0.0092012 0.1102841 0.1102841
0 0.0827306 0.2555247 0.1470488 0.1470488
0 0.1011129 0.2739071 0.1102841 0.1102841
0 0.1158188 0.0753776 0.2021959 0.2021959
0 0.1433924 0.1029512 0.1470488 0.1470488
0 0.1617747 0.1213335 0.1102841 0.1102841
0 0.1856718 0.4944953 0.2021959 0.2021959
0 0.2132453 0.5220688 0.1470488 0.1470488
0 0.2242747 0.3603041 0.2021959 0.2021959
0 0.2316276 0.5404512 0.1102841 0.1102841
0 0.2518482 0.3878776 0.1470488 0.1470488
0 0.2628776 0.7573629 0.2021959 0.2021959
0 0.2702306 0.4062600 0.1102841 0.1102841
0 0.2904512 0.7849365 0.1470488 0.1470488
0 0.2941276 0.5000100 0.2021959 0.2021959
0 0.3069953 0.2518482 0.2021959 0.2021959
0 0.3088335 0.8033188 0.1102841 0.1102841
0 0.3217012 0.5275835 0.1470488 0.1470488
0 0.3345688 0.2794218 0.1470488 0.1470488
0 0.3400835 0.5459659 0.1102841 0.1102841
0 0.3492747 0.5680247 0.2021959 0.2021959
0 0.3529512 0.2978041 0.1102841 0.1102841
0 0.3768482 0.5955982 0.1470488 0.1470488
0 0.3952306 0.6139806 0.1102841 0.1102841
0 0.3989071 0.3014806 0.2021959 0.2021959
0 0.4246424 0.0386129 0.2757253 0.2757253
0 0.4246424 0.1121424 0.2021959 0.2021959
0 0.4264806 0.3290541 0.1470488 0.1470488
0 0.4448629 0.3474365 0.1102841 0.1102841
0 0.4448629 0.4246424 0.2021959 0.2021959
0 0.4522159 0.1397159 0.1470488 0.1470488
0 0.4595688 0.1728041 0.2021959 0.2021959
0 0.4614071 0.0753776 0.2021959 0.2021959
0 0.4705982 0.1580982 0.1102841 0.1102841
0 0.4724365 0.4522159 0.1470488 0.1470488
0 0.4871424 0.2003776 0.1470488 0.1470488
0 0.4889806 0.1029512 0.1470488 0.1470488
0 0.4908188 0.4705982 0.1102841 0.1102841
0 0.5036865 0.0000100 0.2021959 0.1948429
0 0.5055247 0.2187600 0.1102841 0.1102841
0 0.5312600 0.0202306 0.1470488 0.1470488
0 0.5496424 0.0386129 0.1102841 0.1102841
0 0.5533188 0.2536865 0.2021959 0.2021959
0 0.5625100 0.0000100 0.2021959 0.1433724
0 0.5772159 0.0919218 0.2021959 0.2021959
0 0.5808924 0.2812600 0.1470488 0.1470488
0 0.5900835 0.0000100 0.1470488 0.1157988
0 0.5974365 0.4816276 0.2021959 0.2021959
0 0.5992747 0.2996424 0.1102841 0.1102841
0 0.6047894 0.1194953 0.1470488 0.1470488
0 0.6084659 0.0000100 0.1102841 0.0974165
0 0.6176571 0.8327306 0.2021959 0.1672694
0 0.6231718 0.1378776 0.1102841 0.1102841
0 0.6250100 0.5092012 0.1470488 0.1470488
0 0.6433924 0.5275835 0.1102841 0.1102841
0 0.6452306 0.8603041 0.1470488 0.1396959
0 0.6636129 0.8786865 0.1102841 0.1102841
0 0.7114071 0.1084659 0.2021959 0.2021959
0 0.7353041 0.4025835 0.2021959 0.2021959
0 0.7389806 0.1360394 0.1470488 0.1470488
0 0.7518482 0.5239071 0.2021959 0.2021959
0 0.7573629 0.1544218 0.1102841 0.1102841
0 0.7628776 0.4301571 0.1470488 0.1470488
0 0.7794218 0.5514806 0.1470488 0.1470488
0 0.7812600 0.4485394 0.1102841 0.1102841
0 0.7978041 0.5698629 0.1102841 0.1102841
