0 0.0000100 0.0000100 0.2021959 0.1452106
0 0.0000100 0.1764806 0.1782988 0.2021959
0 0.0000100 0.3069953 0.1727841 0.2021959
0 0.0000100 0.3345688 0.1452106 0.1470488
0 0.0036865 0.2040541 0.1470488 0.1470488
0 0.0165541 0.3529512 0.1102841 0.1102841
0 0.0220688 0.2224365 0.1102841 0.1102841
0 0.0275835 0.0000100 0.1470488 0.1176371
0 0.0312600 0.8308924 0.2757253 0.1691076
0 0.0459659 0.0000100 0.1102841 0.0992547
0 0.0533188 0.1544218 0.2021959 0.2021959
0 0.0680247 0.8676571 0.2021959 0.1323429
0 0.0808924 0.1819953 0.1470488 0.1470488
0 0.0955982 0.8952306 0.1470488 0.1047694
0 0.0992747 0.2003776 0.1102841 0.1102841
0 0.1544218 0.5588335 0.2021959 0.2021959
0 0.1819953 0.5864071 0.1470488 0.1470488
0 0.1967012 0.4614071 0.2021959 0.2021959
0 0.2003776 0.6047894 0.1102841 0.1102841
0 0.2242747 0.4889806 0.1470488 0.1470488
0 0.2261129 0.0000100 0.2021959 0.1635929
0 0.2408188 0.0330982 0.2021959 0.2021959
0 0.2426571 0.5073629 0.1102841 0.1102841
0 0.2426571 0.6599365 0.2021959 0.2021959
0 0.2536865 0.0000100 0.1470488 0.1360194
0 0.2683924 0.0606718 0.1470488 0.1470488
0 0.2702306 0.6875100 0.1470488 0.1470488
0 0.2720688 0.0073629 0.1102841 0.1102841
0 0.2867747 0.0790541 0.1102841 0.1102841
0 0.2886129 0.7058924 0.1102841 0.1102841
0 0.3051571 0.1764806 0.2021959 0.2021959
0 0.3308924 0.0882453 0.2021959 0.2021959
0 0.3327306 0.2040541 0.1470488 0.1470488
0 0.3511129 0.2224365 0.1102841 0.1102841
0 0.3584659 0.1158188 0.1470488 0.1470488
0 0.3768482 0.1342012 0.1102841 0.1102841
0 0.4044218 0.0000100 0.2021959 0.1764606
0 0.4246424 0.6470688 0.2021959 0.2021959
0 0.4319953 0.0018482 0.1470488 0.1470488
0 0.4503776 0.0202306 0.1102841 0.1102841
0 0.4522159 0.6746424 0.1470488 0.1470488
0 0.4669218 0.5202306 0.2021959 0.2021959
0 0.4705982 0.6930247 0.1102841 0.1102841
0 0.4779512 0.8750100 0.2021959 0.1249900
0 0.4944953 0.5478041 0.1470488 0.1470488
0 0.5055247 0.9025835 0.1470488 0.0974165
0 0.5128776 0.5661865 0.1102841 0.1102841
0 0.5183924 0.3750100 0.2021959 0.2021959
0 0.5239071 0.8143482 0.2021959 0.1856518
0 0.5239071 0.9209659 0.1102841 0.0790341
0 0.5422894 0.6948629 0.2021959 0.2021959
0 0.5459659 0.4025835 0.1470488 0.1470488
0 0.5478041 0.0680247 0.2021959 0.2021959
0 0.5514806 0.8419218 0.1470488 0.1470488
0 0.5643482 0.4209659 0.1102841 0.1102841
0 0.5698629 0.7224365 0.1470488 0.1470488
0 0.5698629 0.8603041 0.1102841 0.1102841
0 0.5753776 0.0955982 0.1470488 0.1470488
0 0.5808924 0.2132453 0.2021959 0.2021959
0 0.5882453 0.7408188 0.1102841 0.1102841
0 0.5937600 0.1139806 0.1102841 0.1102841
0 0.6084659 0.2408188 0.1470488 0.1470488
0 0.6250100 0.6801571 0.2021959 0.2021959
0 0.6268482 0.2592012 0.1102841 0.1102841
0 0.6525835 0.7077306 0.1470488 0.1470488
0 0.6672894 0.7371424 0.2021959 0.2021959
0 0.6691276 0.7739071 0.2021959 0.2021959
0 0.6709659 0.7261129 0.1102841 0.1102841
0 0.6838335 0.6047894 0.2021959 0.2021959
0 0.6948629 0.7647159 0.1470488 0.1470488
0 0.6967012 0.8014806 0.1470488 0.1470488
0 0.7077306 0.2371424 0.2021959 0.2021959
0 0.7095688 0.1819953 0.2021959 0.2021959
0 0.7114071 0.6323629 0.1470488 0.1470488
0 0.7132453 0.0845688 0.2021959 0.2021959
0 0.7132453 0.7830982 0.1102841 0.1102841
0 0.7150835 0.8198629 0.1102841 0.1102841
0 0.7297894 0.6507453 0.1102841 0.1102841
0 0.7353041 0.2647159 0.1470488 0.1470488
0 0.7371424 0.2095688 0.1470488 0.1470488
0 0.7408188 0.1121424 0.1470488 0.1470488
0 0.7536865 0.2830982 0.1102841 0.1102841
0 0.7555247 0.2279512 0.1102841 0.1102841
0 0.7592012 0.1305247 0.1102841 0.1102841
0 0.7794218 0.5772159 0.2021959 0.2021959
0 0.7886129 0.7739071 0.2021959 0.2021959
0 0.8069953 0.6047894 0.1470488 0.1470488
0 0.8161865 0.8014806 0.1470488 0.1470488
0 0.8198629 0.7022159 0.1801371 0.2021959
0 0.8253776 0.6231718 0.1102841 0.1102841
0 0.8290541 0.3253776 0.1709459 0.2021959
0 0.8345688 0.8198629 0.1102841 0.1102841
0 0.8474365 0.7297894 0.1470488 0.1470488
0 0.8511129 0.8308924 0.1488871 0.1691076
0 0.8566276 0.3529512 0.1433724 0.1470488
0 0.8584659 0.4558924 0.1415341 0.2021959
0 0.8658188 0.7481718 0.1102841 0.1102841
0 0.8750100 0.3713335 0.1102841 0.1102841
0 0.8786865 0.8584659 0.1213135 0.1415341
0 0.8860394 0.4834659 0.1139606 0.1470488
0 0.8952306 0.6342012 0.1047694 0.2021959
0 0.8970688 0.8768482 0.1029312 0.1102841
0 0.9044218 0.5018482 0.0955782 0.1102841
0 0.9228041 0.6617747 0.0771959 0.1470488
0 0.9411865 0.6801571 0.0588135 0.1102841
