0 0.0000100 0.9246424 0.0588135 0.0753576
0 0.0680247 0.8786865 0.0919018 0.0919018
0 0.1103041 0.0680247 0.0919018 0.0919018
0 0.1103041 0.3823629 0.0919018 0.0919018
0 0.1250100 0.2702306 0.0919018 0.0919018
0 0.1507453 0.5422894 0.0919018 0.0919018
0 0.1911865 0.3033188 0.0919018 0.0919018
0 0.1948629 0.4007453 0.0919018 0.0919018
0 0.2187600 0.4558924 0.0919018 0.0919018
0 0.2371424 0.3345688 0.0919018 0.0919018
0 0.3014806 0.3970688 0.0919018 0.0919018
0 0.3345688 0.3897159 0.0919018 0.0919018
0 0.3658188 0.3786865 0.0919018 0.0919018
0 0.4595688 0.2720688 0.1470488 0.1470488
0 0.4853041 0.3786865 0.0919018 0.0919018
0 0.5717012 0.4448629 0.0919018 0.0919018
0 0.5808924 0.9044218 0.0919018 0.0919018
0 0.6194953 0.1286865 0.0919018 0.0919018
0 0.6194953 0.3143482 0.0919018 0.0919018
0 0.6691276 0.2022159 0.0919018 0.0919018
0 0.6948629 0.2500100 0.0919018 0.0919018
0 0.7187600 0.6948629 0.0919018 0.0919018
0 0.8198629 0.3823629 0.0919018 0.0919018
0 0.8253776 0.0128776 0.0919018 0.0919018
0 0.8327306 0.2353041 0.0919018 0.0919018
0 0.9025835 0.3805247 0.0919018 0.0919018
0 0.9411865 0.4577306 0.0588135 0.0919018
