0 0.4724365 0.3198629 0.2021959 0.2021959
0 0.5000100 0.3474365 0.1470488 0.1470488
0 0.5183924 0.3658188 0.1102841 0.1102841
0 0.5864071 0.5404512 0.2021959 0.2021959
0 0.6121424 0.2095688 0.2757253 0.2757253
0 0.6139806 0.5680247 0.1470488 0.1470488
0 0.6323629 0.5864071 0.1102841 0.1102841
0 0.6378776 0.4614071 0.2021959 0.2021959
0 0.6489071 0.2463335 0.2021959 0.2021959
0 0.6654512 0.4889806 0.1470488 0.1470488
0 0.6764806 0.2739071 0.1470488 0.1470488
0 0.6838335 0.5073629 0.1102841 0.1102841
0 0.7114071 0.2996424 0.2021959 0.2021959
0 0.7389806 0.3272159 0.1470488 0.1470488
0 0.7444953 0.1139806 0.2021959 0.2021959
0 0.7573629 0.3455982 0.1102841 0.1102841
0 0.7573629 0.7316276 0.2021959 0.2021959
0 0.7720688 0.1415541 0.1470488 0.1470488
0 0.7830982 0.2187600 0.2021959 0.2021959
0 0.7849365 0.7592012 0.1470488 0.1470488
0 0.7904512 0.1599365 0.1102841 0.1102841
0 0.7941276 0.4944953 0.2021959 0.2021959
0 0.8033188 0.7775835 0.1102841 0.1102841
0 0.8106718 0.2463335 0.1470488 0.1470488
0 0.8217012 0.5220688 0.1470488 0.1470488
0 0.8290541 0.2647159 0.1102841 0.1102841
0 0.8400835 0.5404512 0.1102841 0.1102841
0 0.8860394 0.1985394 0.1139606 0.2021959
0 0.8933924 0.8768482 0.1066076 0.1231518
0 0.9136129 0.2261129 0.0863871 0.1470488
0 0.9209659 0.9044218 0.0790341 0.0955782
0 0.9319953 0.2444953 0.0680047 0.1102841
0 0.9393482 0.9228041 0.0606518 0.0771959
