0 0.0000100 0.3364071 0.1544018 0.2021959
0 0.0000100 0.3639806 0.1268282 0.1470488
0 0.0000100 0.3823629 0.1084459 0.1102841
0 0.0478041 0.0000100 0.2021959 0.1452106
0 0.0753776 0.0000100 0.1470488 0.1176371
0 0.0845688 0.1378776 0.2021959 0.2021959
0 0.0937600 0.0000100 0.1102841 0.0992547
0 0.1121424 0.1654512 0.1470488 0.1470488
0 0.1305247 0.1838335 0.1102841 0.1102841
0 0.2592012 0.0000100 0.2021959 0.1599165
0 0.2867747 0.0000100 0.1470488 0.1323429
0 0.3051571 0.0036865 0.1102841 0.1102841
0 0.3290541 0.6323629 0.2021959 0.2021959
0 0.3566276 0.6599365 0.1470488 0.1470488
0 0.3750100 0.6783188 0.1102841 0.1102841
