0 0.2205982 0.5330982 0.2021959 0.2021959
0 0.2481718 0.5606718 0.1470488 0.1470488
0 0.2665541 0.5790541 0.1102841 0.1102841
0 0.3566276 0.6250100 0.2021959 0.2021959
0 0.3823629 0.8603041 0.2021959 0.1396959
0 0.3842012 0.6525835 0.1470488 0.1470488
0 0.4025835 0.6709659 0.1102841 0.1102841
0 0.4080982 0.7647159 0.2021959 0.2021959
0 0.4099365 0.8878776 0.1470488 0.1121224
0 0.4283188 0.9062600 0.1102841 0.0937400
0 0.4356718 0.7922894 0.1470488 0.1470488
0 0.4393482 0.6948629 0.2021959 0.2021959
0 0.4540541 0.8106718 0.1102841 0.1102841
0 0.4669218 0.7224365 0.1470488 0.1470488
0 0.4724365 0.5257453 0.2021959 0.2021959
0 0.4853041 0.7408188 0.1102841 0.1102841
0 0.5000100 0.5533188 0.1470488 0.1470488
0 0.5036865 0.4044218 0.2021959 0.2021959
0 0.5128776 0.6709659 0.2021959 0.2021959
0 0.5128776 0.8364071 0.2021959 0.1635929
0 0.5183924 0.5717012 0.1102841 0.1102841
0 0.5183924 0.7261129 0.2021959 0.2021959
0 0.5312600 0.4319953 0.1470488 0.1470488
0 0.5404512 0.6985394 0.1470488 0.1470488
0 0.5404512 0.8639806 0.1470488 0.1360194
0 0.5459659 0.5808924 0.2021959 0.2021959
0 0.5459659 0.7536865 0.1470488 0.1470488
0 0.5496424 0.4503776 0.1102841 0.1102841
0 0.5496424 0.4632453 0.2021959 0.2021959
0 0.5588335 0.7169218 0.1102841 0.1102841
0 0.5588335 0.8823629 0.1102841 0.1102841
0 0.5643482 0.7720688 0.1102841 0.1102841
0 0.5735394 0.6084659 0.1470488 0.1470488
0 0.5772159 0.4908188 0.1470488 0.1470488
0 0.5919218 0.6268482 0.1102841 0.1102841
0 0.5955982 0.5092012 0.1102841 0.1102841
0 0.6084659 0.6819953 0.2021959 0.2021959
0 0.6250100 0.4099365 0.2021959 0.2021959
0 0.6360394 0.7095688 0.1470488 0.1470488
0 0.6525835 0.4375100 0.1470488 0.1470488
0 0.6544218 0.7279512 0.1102841 0.1102841
0 0.6654512 0.8161865 0.2021959 0.1838135
0 0.6709659 0.4558924 0.1102841 0.1102841
0 0.6930247 0.8437600 0.1470488 0.1470488
0 0.7114071 0.8584659 0.2021959 0.1415341
0 0.7114071 0.8621424 0.1102841 0.1102841
0 0.7389806 0.8860394 0.1470488 0.1139606
0 0.7444953 0.4375100 0.2555047 0.2757253
0 0.7573629 0.9044218 0.1102841 0.0955782
0 0.7702306 0.8805247 0.2021959 0.1194753
0 0.7812600 0.4742747 0.2021959 0.2021959
0 0.7978041 0.9080982 0.1470488 0.0919018
0 0.8088335 0.5018482 0.1470488 0.1470488
0 0.8161865 0.9264806 0.1102841 0.0735194
0 0.8474365 0.5514806 0.1525635 0.2021959
0 0.8547894 0.7279512 0.1452106 0.2021959
0 0.8639806 0.6378776 0.1360194 0.2021959
0 0.8750100 0.5790541 0.1249900 0.1470488
0 0.8823629 0.7555247 0.1176371 0.1470488
0 0.8897159 0.7536865 0.1102841 0.2021959
0 0.8915541 0.6654512 0.1084459 0.1470488
0 0.8933924 0.5974365 0.1066076 0.1102841
0 0.9007453 0.7739071 0.0992547 0.1102841
0 0.9099365 0.6838335 0.0900635 0.1102841
0 0.9172894 0.7812600 0.0827106 0.1470488
0 0.9356718 0.7996424 0.0643282 0.1102841
