0 0.0000100 0.8217012 0.1213135 0.1782988
0 0.0000100 0.8492747 0.0937400 0.1470488
0 0.0000100 0.8676571 0.0753576 0.1102841
0 0.1176571 0.7904512 0.2021959 0.2021959
0 0.1452306 0.8180247 0.1470488 0.1470488
0 0.1636129 0.8364071 0.1102841 0.1102841
0 0.2242747 0.6011129 0.2021959 0.2021959
0 0.2518482 0.6286865 0.1470488 0.1470488
0 0.2702306 0.6470688 0.1102841 0.1102841
0 0.3474365 0.4687600 0.2021959 0.2021959
0 0.3750100 0.4963335 0.1470488 0.1470488
0 0.3823629 0.5680247 0.2021959 0.2021959
0 0.3897159 0.2665541 0.2021959 0.2021959
0 0.3933924 0.5147159 0.1102841 0.1102841
0 0.4099365 0.5955982 0.1470488 0.1470488
0 0.4172894 0.2941276 0.1470488 0.1470488
0 0.4283188 0.6139806 0.1102841 0.1102841
0 0.4356718 0.3125100 0.1102841 0.1102841
