0 0.5312600 0.2114071 0.2021959 0.2021959
0 0.5588335 0.2389806 0.1470488 0.1470488
0 0.5772159 0.2573629 0.1102841 0.1102841
0 0.5827306 0.0000100 0.2021959 0.1782988
0 0.6103041 0.0036865 0.1470488 0.1470488
0 0.6286865 0.0220688 0.1102841 0.1102841
0 0.6819953 0.2426571 0.2757253 0.2757253
0 0.7169218 0.6268482 0.2021959 0.2021959
0 0.7187600 0.2794218 0.2021959 0.2021959
0 0.7444953 0.6544218 0.1470488 0.1470488
0 0.7463335 0.3069953 0.1470488 0.1470488
0 0.7628776 0.6728041 0.1102841 0.1102841
0 0.7849365 0.7904512 0.2021959 0.2021959
0 0.8125100 0.8180247 0.1470488 0.1470488
0 0.8308924 0.8364071 0.1102841 0.1102841
0 0.8400835 0.5698629 0.1599165 0.2021959
0 0.8676571 0.5974365 0.1323429 0.1470488
0 0.8731718 0.0974365 0.1268282 0.2021959
0 0.8860394 0.6158188 0.1102841 0.1102841
0 0.9007453 0.1250100 0.0992547 0.1470488
0 0.9191276 0.1433924 0.0808724 0.1102841
