0 0.0000100 0.0018482 0.0771959 0.0919018
0 0.0000100 0.1397159 0.0790341 0.1102841
0 0.0000100 0.4411865 0.0569753 0.0919018
0 0.0000100 0.6286865 0.0459459 0.0919018
0 0.0000100 0.8455982 0.0919018 0.0919018
0 0.0055247 0.7922894 0.0919018 0.0919018
0 0.0073629 0.2261129 0.0919018 0.0919018
0 0.0422894 0.4871424 0.0919018 0.0919018
0 0.0441276 0.1911865 0.0919018 0.0919018
0 0.0643482 0.7978041 0.0919018 0.0919018
0 0.0661865 0.0257453 0.0919018 0.0919018
0 0.0735394 0.6801571 0.0919018 0.0919018
0 0.1342012 0.7150835 0.0919018 0.0919018
0 0.1672894 0.9319953 0.1102841 0.0680047
0 0.1691276 0.1911865 0.0919018 0.0919018
0 0.1783188 0.0864071 0.0919018 0.0919018
0 0.1783188 0.7720688 0.0919018 0.0919018
0 0.1930247 0.8529512 0.0919018 0.0919018
0 0.2022159 0.1415541 0.0919018 0.0919018
0 0.2959659 0.1433924 0.0919018 0.0919018
