0 0.3419218 0.8474365 0.2757253 0.1525635
0 0.3786865 0.8842012 0.2021959 0.1157988
0 0.3933924 0.0000100 0.2021959 0.1102841
0 0.4007453 0.6121424 0.2021959 0.2021959
0 0.4062600 0.9117747 0.1470488 0.0882253
0 0.4209659 0.0000100 0.1470488 0.0827106
0 0.4283188 0.6397159 0.1470488 0.1470488
0 0.4393482 0.0000100 0.1102841 0.0643282
0 0.4467012 0.6580982 0.1102841 0.1102841
0 0.4650835 0.7040541 0.2021959 0.2021959
0 0.4742747 0.6305247 0.2021959 0.2021959
0 0.4926571 0.7316276 0.1470488 0.1470488
0 0.5018482 0.6580982 0.1470488 0.1470488
0 0.5073629 0.4338335 0.2021959 0.2021959
0 0.5110394 0.7500100 0.1102841 0.1102841
0 0.5202306 0.6764806 0.1102841 0.1102841
0 0.5349365 0.4614071 0.1470488 0.1470488
0 0.5533188 0.4797894 0.1102841 0.1102841
0 0.5974365 0.7353041 0.2021959 0.2021959
0 0.6011129 0.7739071 0.2021959 0.2021959
0 0.6176571 0.8106718 0.2021959 0.1893282
0 0.6250100 0.7628776 0.1470488 0.1470488
0 0.6286865 0.8014806 0.1470488 0.1470488
0 0.6433924 0.7812600 0.1102841 0.1102841
0 0.6452306 0.8382453 0.1470488 0.1470488
0 0.6470688 0.8198629 0.1102841 0.1102841
0 0.6636129 0.8566276 0.1102841 0.1102841
0 0.7169218 0.8547894 0.2021959 0.1452106
0 0.7224365 0.3364071 0.2021959 0.2021959
0 0.7444953 0.8823629 0.1470488 0.1176371
0 0.7500100 0.3639806 0.1470488 0.1470488
0 0.7628776 0.9007453 0.1102841 0.0992547
0 0.7683924 0.3823629 0.1102841 0.1102841
0 0.8419218 0.5753776 0.1580782 0.2021959
0 0.8694953 0.6029512 0.1305047 0.1470488
0 0.8878776 0.6213335 0.1102841 0.1102841
0 0.8897159 0.8235394 0.1102841 0.1764606
0 0.9172894 0.8511129 0.0827106 0.1470488
0 0.9356718 0.8694953 0.0643282 0.1102841
