0 0.1654512 0.3217012 0.2021959 0.2021959
0 0.1930247 0.3492747 0.1470488 0.1470488
0 0.2114071 0.3676571 0.1102841 0.1102841
0 0.6746424 0.2316276 0.2757253 0.2757253
0 0.7114071 0.2683924 0.2021959 0.2021959
0 0.7316276 0.6507453 0.2683724 0.2757253
0 0.7389806 0.2959659 0.1470488 0.1470488
0 0.7444953 0.5165541 0.2021959 0.2021959
0 0.7683924 0.6875100 0.2021959 0.2021959
0 0.7720688 0.5441276 0.1470488 0.1470488
0 0.7904512 0.5625100 0.1102841 0.1102841
0 0.7959659 0.7150835 0.1470488 0.1470488
0 0.8400835 0.4283188 0.1599165 0.2021959
0 0.8511129 0.6470688 0.1488871 0.2021959
0 0.8584659 0.5680247 0.1415341 0.2021959
0 0.8676571 0.4558924 0.1323429 0.1470488
0 0.8786865 0.6746424 0.1213135 0.1470488
0 0.8860394 0.4742747 0.1102841 0.1102841
0 0.8860394 0.5955982 0.1139606 0.1470488
0 0.8970688 0.6930247 0.1029312 0.1102841
0 0.9044218 0.6139806 0.0955782 0.1102841
