0 0.0000100 0.0661865 0.1764606 0.2021959
0 0.0000100 0.8621424 0.1966812 0.1378576
0 0.0018482 0.0937600 0.1470488 0.1470488
0 0.0092012 0.7978041 0.2021959 0.2021959
0 0.0202306 0.1121424 0.1102841 0.1102841
0 0.0220688 0.8897159 0.1470488 0.1102841
0 0.0367747 0.8253776 0.1470488 0.1470488
0 0.0404512 0.9080982 0.1102841 0.0919018
0 0.0551571 0.8437600 0.1102841 0.1102841
0 0.1029512 0.1562600 0.2021959 0.2021959
0 0.1250100 0.7702306 0.2021959 0.2021959
0 0.1305247 0.1838335 0.1470488 0.1470488
0 0.1489071 0.2022159 0.1102841 0.1102841
0 0.1525835 0.7978041 0.1470488 0.1470488
0 0.1709659 0.8161865 0.1102841 0.1102841
0 0.1728041 0.6728041 0.2021959 0.2021959
0 0.2003776 0.7003776 0.1470488 0.1470488
0 0.2187600 0.7187600 0.1102841 0.1102841
0 0.2610394 0.5992747 0.2021959 0.2021959
0 0.2849365 0.8069953 0.2021959 0.1930047
0 0.2886129 0.6268482 0.1470488 0.1470488
0 0.2941276 0.2702306 0.2021959 0.2021959
0 0.3069953 0.6452306 0.1102841 0.1102841
0 0.3125100 0.8345688 0.1470488 0.1470488
0 0.3217012 0.2978041 0.1470488 0.1470488
0 0.3308924 0.8529512 0.1102841 0.1102841
0 0.3400835 0.3161865 0.1102841 0.1102841
0 0.3639806 0.5882453 0.2021959 0.2021959
0 0.3823629 0.7757453 0.2021959 0.2021959
0 0.3915541 0.6158188 0.1470488 0.1470488
0 0.4099365 0.6342012 0.1102841 0.1102841
0 0.4099365 0.8033188 0.1470488 0.1470488
0 0.4154512 0.7003776 0.2021959 0.2021959
0 0.4283188 0.8217012 0.1102841 0.1102841
0 0.4356718 0.0000100 0.2021959 0.1323429
0 0.4430247 0.7279512 0.1470488 0.1470488
0 0.4595688 0.3676571 0.2021959 0.2021959
0 0.4614071 0.0827306 0.2021959 0.2021959
0 0.4614071 0.7463335 0.1102841 0.1102841
0 0.4632453 0.0000100 0.1470488 0.1047694
0 0.4816276 0.0000100 0.1102841 0.0863871
0 0.4871424 0.3952306 0.1470488 0.1470488
0 0.4889806 0.1103041 0.1470488 0.1470488
0 0.5055247 0.4136129 0.1102841 0.1102841
0 0.5073629 0.1286865 0.1102841 0.1102841
0 0.5312600 0.4503776 0.2021959 0.2021959
0 0.5330982 0.0000100 0.2021959 0.1838135
0 0.5441276 0.5790541 0.2021959 0.2021959
0 0.5588335 0.4779512 0.1470488 0.1470488
0 0.5606718 0.0092012 0.1470488 0.1470488
0 0.5698629 0.4283188 0.2757253 0.2757253
0 0.5698629 0.4356718 0.2021959 0.2021959
0 0.5717012 0.6066276 0.1470488 0.1470488
0 0.5772159 0.4963335 0.1102841 0.1102841
0 0.5790541 0.0275835 0.1102841 0.1102841
0 0.5900835 0.1433924 0.2021959 0.2021959
0 0.5900835 0.6250100 0.1102841 0.1102841
0 0.5974365 0.4632453 0.1470488 0.1470488
0 0.6047894 0.5386129 0.2021959 0.2021959
0 0.6066276 0.4650835 0.2021959 0.2021959
0 0.6139806 0.2959659 0.2021959 0.2021959
0 0.6158188 0.4816276 0.1102841 0.1102841
0 0.6176571 0.1709659 0.1470488 0.1470488
0 0.6323629 0.5661865 0.1470488 0.1470488
0 0.6342012 0.4926571 0.1470488 0.1470488
0 0.6360394 0.1893482 0.1102841 0.1102841
0 0.6415541 0.3235394 0.1470488 0.1470488
0 0.6507453 0.5845688 0.1102841 0.1102841
0 0.6599365 0.3419218 0.1102841 0.1102841
0 0.6783188 0.0349365 0.2021959 0.2021959
0 0.6893482 0.8253776 0.2021959 0.1746224
0 0.6911865 0.4669218 0.2021959 0.2021959
0 0.7058924 0.0625100 0.1470488 0.1470488
0 0.7132453 0.2003776 0.2021959 0.2021959
0 0.7169218 0.8529512 0.1470488 0.1470488
0 0.7187600 0.4944953 0.1470488 0.1470488
0 0.7242747 0.0808924 0.1102841 0.1102841
0 0.7353041 0.8713335 0.1102841 0.1102841
0 0.7371424 0.5128776 0.1102841 0.1102841
0 0.7408188 0.2279512 0.1470488 0.1470488
0 0.7592012 0.2463335 0.1102841 0.1102841
0 0.7775835 0.4522159 0.2021959 0.2021959
0 0.7867747 0.3088335 0.2021959 0.2021959
0 0.7867747 0.8474365 0.2021959 0.1525635
0 0.7978041 0.0000100 0.2021959 0.2003576
0 0.8033188 0.6856718 0.1966812 0.2021959
0 0.8051571 0.4797894 0.1470488 0.1470488
0 0.8143482 0.3364071 0.1470488 0.1470488
0 0.8143482 0.8750100 0.1470488 0.1249900
0 0.8235394 0.4981718 0.1102841 0.1102841
0 0.8253776 0.0257453 0.1470488 0.1470488
0 0.8290541 0.0000100 0.1709459 0.1746224
0 0.8308924 0.7132453 0.1470488 0.1470488
0 0.8327306 0.3547894 0.1102841 0.1102841
0 0.8327306 0.8933924 0.1102841 0.1066076
0 0.8345688 0.1875100 0.1654312 0.2021959
0 0.8437600 0.0441276 0.1102841 0.1102841
0 0.8474365 0.0128776 0.1525635 0.2021959
0 0.8492747 0.7316276 0.1102841 0.1102841
0 0.8529512 0.0000100 0.1470488 0.1580782
0 0.8566276 0.0000100 0.1433724 0.1470488
0 0.8621424 0.2150835 0.1378576 0.1470488
0 0.8750100 0.0183924 0.1102841 0.1102841
0 0.8750100 0.0404512 0.1249900 0.1470488
0 0.8805247 0.0000100 0.1194753 0.1305047
0 0.8805247 0.2334659 0.1102841 0.1102841
0 0.8878776 0.0000100 0.1121224 0.1617547
0 0.8915541 0.0569953 0.1084459 0.2021959
0 0.8933924 0.0588335 0.1066076 0.1102841
0 0.8933924 0.2739071 0.1066076 0.2021959
0 0.8989071 0.0018482 0.1010929 0.1102841
0 0.9154512 0.0000100 0.0845488 0.1341812
0 0.9191276 0.0845688 0.0808724 0.1470488
0 0.9209659 0.3014806 0.0790341 0.1470488
0 0.9338335 0.0055247 0.0661665 0.1102841
0 0.9375100 0.1029512 0.0624900 0.1102841
0 0.9393482 0.3198629 0.0606518 0.1102841
