0 0.0000100 0.5441276 0.1249900 0.2021959
0 0.0000100 0.5717012 0.0974165 0.1470488
0 0.0000100 0.5864071 0.1213135 0.2021959
0 0.0000100 0.5900835 0.0790341 0.1102841
0 0.0000100 0.6139806 0.0937400 0.1470488
0 0.0000100 0.6323629 0.0753576 0.1102841
0 0.0000100 0.7077306 0.1176371 0.2021959
0 0.0000100 0.7353041 0.0900635 0.1470488
0 0.0000100 0.7536865 0.0716812 0.1102841
0 0.0036865 0.8106718 0.2021959 0.1893282
0 0.0239071 0.7463335 0.2021959 0.2021959
0 0.0312600 0.8382453 0.1470488 0.1470488
0 0.0367747 0.5919218 0.2021959 0.2021959
0 0.0367747 0.7040541 0.2021959 0.2021959
0 0.0496424 0.8566276 0.1102841 0.1102841
0 0.0514806 0.7739071 0.1470488 0.1470488
0 0.0643482 0.6194953 0.1470488 0.1470488
0 0.0643482 0.7316276 0.1470488 0.1470488
0 0.0698629 0.7922894 0.1102841 0.1102841
0 0.0827306 0.6378776 0.1102841 0.1102841
0 0.0827306 0.7500100 0.1102841 0.1102841
