0 0.0514806 0.0000100 0.2757253 0.1544018
0 0.0882453 0.0000100 0.2021959 0.1176371
0 0.1158188 0.0000100 0.1470488 0.0900635
0 0.1746424 0.3051571 0.2021959 0.2021959
0 0.2022159 0.3327306 0.1470488 0.1470488
0 0.2132453 0.5698629 0.2021959 0.2021959
0 0.2205982 0.3511129 0.1102841 0.1102841
0 0.2408188 0.5974365 0.1470488 0.1470488
0 0.2592012 0.6158188 0.1102841 0.1102841
0 0.3180247 0.8327306 0.2021959 0.1672694
0 0.3308924 0.7224365 0.2021959 0.2021959
0 0.3455982 0.8603041 0.1470488 0.1396959
0 0.3584659 0.7500100 0.1470488 0.1470488
0 0.3639806 0.8786865 0.1102841 0.1102841
0 0.3768482 0.7683924 0.1102841 0.1102841
0 0.4062600 0.5404512 0.2021959 0.2021959
0 0.4338335 0.5680247 0.1470488 0.1470488
0 0.4522159 0.5864071 0.1102841 0.1102841
0 0.4816276 0.8125100 0.2021959 0.1874900
0 0.4853041 0.3989071 0.2021959 0.2021959
0 0.5092012 0.8400835 0.1470488 0.1470488
0 0.5128776 0.4264806 0.1470488 0.1470488
0 0.5275835 0.8584659 0.1102841 0.1102841
0 0.5312600 0.4448629 0.1102841 0.1102841
0 0.6342012 0.4485394 0.2757253 0.2757253
0 0.6709659 0.4853041 0.2021959 0.2021959
0 0.6985394 0.5128776 0.1470488 0.1470488
