0 0.5717012 0.6636129 0.2021959 0.2021959
0 0.5864071 0.5845688 0.2021959 0.2021959
0 0.5864071 0.6176571 0.2021959 0.2021959
0 0.5992747 0.6911865 0.1470488 0.1470488
0 0.6103041 0.8474365 0.2021959 0.1525635
0 0.6139806 0.6121424 0.1470488 0.1470488
0 0.6139806 0.6452306 0.1470488 0.1470488
0 0.6176571 0.7095688 0.1102841 0.1102841
0 0.6323629 0.6305247 0.1102841 0.1102841
0 0.6323629 0.6636129 0.1102841 0.1102841
0 0.6378776 0.8750100 0.1470488 0.1249900
0 0.6562600 0.8933924 0.1102841 0.1066076
0 0.6580982 0.7169218 0.2757253 0.2757253
0 0.6728041 0.8842012 0.2021959 0.1157988
0 0.6911865 0.5478041 0.2021959 0.2021959
0 0.6948629 0.7536865 0.2021959 0.2021959
0 0.7003776 0.9117747 0.1470488 0.0882253
0 0.7187600 0.5753776 0.1470488 0.1470488
0 0.7187600 0.9301571 0.1102841 0.0698429
0 0.7224365 0.7812600 0.1470488 0.1470488
0 0.7371424 0.5937600 0.1102841 0.1102841
0 0.8474365 0.8860394 0.1525635 0.1139606
0 0.8750100 0.9136129 0.1249900 0.0863871
0 0.8897159 0.8878776 0.1102841 0.1121224
0 0.8933924 0.9319953 0.1066076 0.0680047
0 0.9172894 0.9154512 0.0827106 0.0845488
0 0.9356718 0.9338335 0.0643282 0.0661665
