0 0.7095688 0.0000100 0.2021959 0.1562400
0 0.7371424 0.0000100 0.1470488 0.1286665
0 0.7555247 0.0000100 0.1102841 0.1102841
0 0.7941276 0.3345688 0.2021959 0.2021959
0 0.7996424 0.0000100 0.2003576 0.1249900
0 0.8217012 0.3621424 0.1470488 0.1470488
0 0.8272159 0.0000100 0.1470488 0.0974165
0 0.8400835 0.3805247 0.1102841 0.1102841
0 0.8455982 0.0000100 0.1102841 0.0790341
0 0.8915541 0.2739071 0.1084459 0.2021959
0 0.9191276 0.3014806 0.0808724 0.1470488
0 0.9375100 0.3198629 0.0624900 0.1102841
