0 0.0000100 0.4816276 0.1985194 0.2021959
0 0.0000100 0.5864071 0.1507253 0.2021959
0 0.0000100 0.5955982 0.1856518 0.2021959
0 0.0000100 0.6139806 0.1231518 0.1470488
0 0.0000100 0.6323629 0.1047694 0.1102841
0 0.0000100 0.7279512 0.1066076 0.2021959
0 0.0000100 0.7555247 0.0790341 0.1470488
0 0.0000100 0.7739071 0.0606518 0.1102841
0 0.0110394 0.6231718 0.1470488 0.1470488
0 0.0239071 0.5092012 0.1470488 0.1470488
0 0.0294218 0.6415541 0.1102841 0.1102841
0 0.0422894 0.5275835 0.1102841 0.1102841
0 0.0827306 0.4228041 0.2021959 0.2021959
0 0.1103041 0.4503776 0.1470488 0.1470488
0 0.1176571 0.5845688 0.2021959 0.2021959
0 0.1286865 0.4687600 0.1102841 0.1102841
0 0.1452306 0.6121424 0.1470488 0.1470488
0 0.1636129 0.6305247 0.1102841 0.1102841
0 0.1636129 0.8051571 0.2757253 0.1948429
0 0.2003776 0.8419218 0.2021959 0.1580782
0 0.2022159 0.5864071 0.2021959 0.2021959
0 0.2279512 0.8694953 0.1470488 0.1305047
0 0.2297894 0.6139806 0.1470488 0.1470488
0 0.2481718 0.6323629 0.1102841 0.1102841
0 0.4025835 0.3529512 0.2757253 0.2757253
0 0.4393482 0.3897159 0.2021959 0.2021959
0 0.4669218 0.4172894 0.1470488 0.1470488
0 0.4889806 0.7040541 0.2021959 0.2021959
0 0.5165541 0.7316276 0.1470488 0.1470488
0 0.5349365 0.7500100 0.1102841 0.1102841
0 0.6011129 0.7573629 0.2021959 0.2021959
0 0.6286865 0.7849365 0.1470488 0.1470488
0 0.6470688 0.8033188 0.1102841 0.1102841
0 0.6562600 0.1268482 0.2021959 0.2021959
0 0.6562600 0.6691276 0.2021959 0.2021959
0 0.6838335 0.1544218 0.1470488 0.1470488
0 0.6838335 0.6967012 0.1470488 0.1470488
0 0.7022159 0.1728041 0.1102841 0.1102841
0 0.7022159 0.7150835 0.1102841 0.1102841
0 0.7114071 0.1562600 0.2021959 0.2021959
0 0.7389806 0.1838335 0.1470488 0.1470488
0 0.7573629 0.2022159 0.1102841 0.1102841
0 0.7720688 0.2812600 0.2021959 0.2021959
0 0.7886129 0.3750100 0.2021959 0.2021959
0 0.7941276 0.1452306 0.2021959 0.2021959
0 0.7996424 0.3088335 0.1470488 0.1470488
0 0.8161865 0.4025835 0.1470488 0.1470488
0 0.8180247 0.3272159 0.1102841 0.1102841
0 0.8217012 0.1728041 0.1470488 0.1470488
0 0.8345688 0.4209659 0.1102841 0.1102841
0 0.8400835 0.1911865 0.1102841 0.1102841
