0 0.0000100 0.0000100 0.1415341 0.1782988
0 0.0000100 0.0036865 0.1139606 0.1470488
0 0.0000100 0.0220688 0.0955782 0.1102841
0 0.0000100 0.0680247 0.1672694 0.2021959
0 0.0000100 0.0955982 0.1396959 0.1470488
0 0.0110394 0.1139806 0.1102841 0.1102841
0 0.0220688 0.1617747 0.2021959 0.2021959
0 0.0404512 0.2794218 0.2021959 0.2021959
0 0.0496424 0.1893482 0.1470488 0.1470488
0 0.0514806 0.2150835 0.2021959 0.2021959
0 0.0680247 0.2077306 0.1102841 0.1102841
0 0.0680247 0.3069953 0.1470488 0.1470488
0 0.0790541 0.2426571 0.1470488 0.1470488
0 0.0864071 0.3253776 0.1102841 0.1102841
0 0.0974365 0.2610394 0.1102841 0.1102841
