0 0.0000100 0.2536865 0.1084459 0.2021959
0 0.0000100 0.2775835 0.1231518 0.2021959
0 0.0000100 0.2812600 0.0808724 0.1470488
0 0.0000100 0.2996424 0.0624900 0.1102841
0 0.0000100 0.3051571 0.0955782 0.1470488
0 0.0000100 0.3106718 0.1911665 0.2021959
0 0.0000100 0.3235394 0.0771959 0.1102841
0 0.0000100 0.6231718 0.1194753 0.2021959
0 0.0000100 0.6507453 0.0919018 0.1470488
0 0.0000100 0.6691276 0.0735194 0.1102841
0 0.0000100 0.6746424 0.1966812 0.2021959
0 0.0165541 0.3382453 0.1470488 0.1470488
0 0.0220688 0.7022159 0.1470488 0.1470488
0 0.0330982 0.1948629 0.2021959 0.2021959
0 0.0349365 0.3566276 0.1102841 0.1102841
0 0.0367747 0.7205982 0.2021959 0.2021959
0 0.0404512 0.7205982 0.1102841 0.1102841
0 0.0551571 0.3731718 0.2021959 0.2021959
0 0.0569953 0.7739071 0.2021959 0.2021959
0 0.0606718 0.2224365 0.1470488 0.1470488
0 0.0643482 0.7481718 0.1470488 0.1470488
0 0.0698629 0.1985394 0.2021959 0.2021959
0 0.0790541 0.2408188 0.1102841 0.1102841
0 0.0827306 0.4007453 0.1470488 0.1470488
0 0.0827306 0.7665541 0.1102841 0.1102841
0 0.0845688 0.8014806 0.1470488 0.1470488
0 0.0974365 0.2261129 0.1470488 0.1470488
0 0.1011129 0.4191276 0.1102841 0.1102841
0 0.1029512 0.8198629 0.1102841 0.1102841
0 0.1158188 0.2444953 0.1102841 0.1102841
