0 0.0000100 0.1709659 0.1396959 0.2021959
0 0.0000100 0.1985394 0.1121224 0.1470488
0 0.0000100 0.2169218 0.0937400 0.1102841
0 0.0000100 0.3492747 0.1231518 0.2021959
0 0.0000100 0.3768482 0.0955782 0.1470488
0 0.0000100 0.3952306 0.0771959 0.1102841
0 0.0000100 0.5367747 0.1121224 0.2021959
0 0.0000100 0.5643482 0.0845488 0.1470488
0 0.0000100 0.5827306 0.0661665 0.1102841
0 0.0202306 0.0000100 0.2021959 0.1470488
0 0.0220688 0.3713335 0.2021959 0.2021959
0 0.0478041 0.0000100 0.1470488 0.1194753
0 0.0478041 0.4577306 0.2021959 0.2021959
0 0.0496424 0.3989071 0.1470488 0.1470488
0 0.0661865 0.0000100 0.1102841 0.1010929
0 0.0680247 0.4172894 0.1102841 0.1102841
0 0.0753776 0.4853041 0.1470488 0.1470488
0 0.0900835 0.0698629 0.2021959 0.2021959
0 0.0900835 0.3437600 0.2021959 0.2021959
0 0.0937600 0.5036865 0.1102841 0.1102841
0 0.0955982 0.3915541 0.2021959 0.2021959
0 0.1121424 0.1268482 0.2021959 0.2021959
0 0.1176571 0.0974365 0.1470488 0.1470488
0 0.1176571 0.3713335 0.1470488 0.1470488
0 0.1231718 0.4191276 0.1470488 0.1470488
0 0.1268482 0.2426571 0.2021959 0.2021959
0 0.1360394 0.1158188 0.1102841 0.1102841
0 0.1360394 0.3897159 0.1102841 0.1102841
0 0.1397159 0.1544218 0.1470488 0.1470488
0 0.1415541 0.1856718 0.2021959 0.2021959
0 0.1415541 0.4375100 0.1102841 0.1102841
0 0.1544218 0.2702306 0.1470488 0.1470488
0 0.1580982 0.1728041 0.1102841 0.1102841
0 0.1691276 0.2132453 0.1470488 0.1470488
0 0.1728041 0.2886129 0.1102841 0.1102841
0 0.1875100 0.2316276 0.1102841 0.1102841
