0 0.0000100 0.0257453 0.1231518 0.2021959
0 0.0000100 0.0533188 0.1507253 0.2021959
0 0.0000100 0.0533188 0.0955782 0.1470488
0 0.0000100 0.0588335 0.1121224 0.2021959
0 0.0000100 0.0588335 0.1746224 0.2021959
0 0.0000100 0.0717012 0.0771959 0.1102841
0 0.0000100 0.0808924 0.1231518 0.1470488
0 0.0000100 0.0845688 0.1544018 0.2021959
0 0.0000100 0.0864071 0.0845488 0.1470488
0 0.0000100 0.0864071 0.1470488 0.1470488
0 0.0000100 0.0992747 0.1047694 0.1102841
0 0.0000100 0.1047894 0.0661665 0.1102841
0 0.0000100 0.1121424 0.1268282 0.1470488
0 0.0000100 0.1305247 0.1084459 0.1102841
0 0.0183924 0.1047894 0.1102841 0.1102841
0 0.1011129 0.0533188 0.2021959 0.2021959
0 0.1268482 0.0900835 0.2021959 0.2021959
0 0.1286865 0.0808924 0.1470488 0.1470488
0 0.1470688 0.0992747 0.1102841 0.1102841
0 0.1544218 0.1176571 0.1470488 0.1470488
0 0.1728041 0.1360394 0.1102841 0.1102841
0 0.1911865 0.0717012 0.2021959 0.2021959
0 0.2187600 0.0992747 0.1470488 0.1470488
0 0.2371424 0.1176571 0.1102841 0.1102841
