0 0.2830982 0.1342012 0.2021959 0.2021959
0 0.3106718 0.1617747 0.1470488 0.1470488
0 0.3290541 0.1801571 0.1102841 0.1102841
0 0.4540541 0.0000100 0.2021959 0.1323429
0 0.4816276 0.0000100 0.1470488 0.1047694
0 0.5000100 0.0000100 0.1102841 0.0863871
0 0.5257453 0.0000100 0.2021959 0.1893282
0 0.5533188 0.0147159 0.1470488 0.1470488
0 0.5717012 0.0330982 0.1102841 0.1102841
0 0.5735394 0.0000100 0.2021959 0.1121224
0 0.6011129 0.0000100 0.1470488 0.0845488
0 0.6194953 0.0000100 0.1102841 0.0661665
0 0.6194953 0.2077306 0.2021959 0.2021959
0 0.6470688 0.2353041 0.1470488 0.1470488
0 0.6654512 0.2536865 0.1102841 0.1102841
0 0.6856718 0.0551571 0.2021959 0.2021959
0 0.7132453 0.0827306 0.1470488 0.1470488
0 0.7316276 0.1011129 0.1102841 0.1102841
0 0.7463335 0.0000100 0.2021959 0.1157988
0 0.7739071 0.0000100 0.1470488 0.0882253
0 0.7922894 0.0000100 0.1102841 0.0698429
0 0.8621424 0.2702306 0.1378576 0.2021959
0 0.8897159 0.2978041 0.1102841 0.1470488
0 0.9080982 0.3161865 0.0919018 0.1102841
