0 0.5478041 0.7022159 0.2021959 0.2021959
0 0.5753776 0.7297894 0.1470488 0.1470488
0 0.5937600 0.7481718 0.1102841 0.1102841
0 0.6231718 0.7720688 0.2021959 0.2021959
0 0.6342012 0.8731718 0.2021959 0.1268282
0 0.6507453 0.7996424 0.1470488 0.1470488
0 0.6617747 0.9007453 0.1470488 0.0992547
0 0.6691276 0.8180247 0.1102841 0.1102841
0 0.6801571 0.9191276 0.1102841 0.0808724
0 0.7114071 0.8897159 0.2021959 0.1102841
0 0.7389806 0.9172894 0.1470488 0.0827106
0 0.7573629 0.9356718 0.1102841 0.0643282
