0 0.5698629 0.6617747 0.2757253 0.2757253
0 0.6066276 0.6985394 0.2021959 0.2021959
0 0.6342012 0.7261129 0.1470488 0.1470488
0 0.6397159 0.8603041 0.2021959 0.1396959
0 0.6672894 0.8878776 0.1470488 0.1121224
0 0.6856718 0.9062600 0.1102841 0.0937400
0 0.6985394 0.5275835 0.2021959 0.2021959
0 0.7040541 0.4411865 0.2021959 0.2021959
0 0.7261129 0.5551571 0.1470488 0.1470488
0 0.7316276 0.4687600 0.1470488 0.1470488
0 0.7444953 0.5735394 0.1102841 0.1102841
0 0.7444953 0.8400835 0.2021959 0.1599165
0 0.7500100 0.4871424 0.1102841 0.1102841
0 0.7610394 0.6728041 0.2021959 0.2021959
0 0.7720688 0.8676571 0.1470488 0.1323429
0 0.7886129 0.7003776 0.1470488 0.1470488
0 0.7904512 0.4761129 0.2021959 0.2021959
0 0.7904512 0.8860394 0.1102841 0.1102841
0 0.8069953 0.7187600 0.1102841 0.1102841
0 0.8161865 0.5404512 0.1838135 0.2021959
0 0.8180247 0.5036865 0.1470488 0.1470488
0 0.8364071 0.5220688 0.1102841 0.1102841
0 0.8437600 0.5680247 0.1470488 0.1470488
0 0.8621424 0.5864071 0.1102841 0.1102841
0 0.8786865 0.8161865 0.1213135 0.1838135
0 0.9062600 0.8437600 0.0937400 0.1470488
0 0.9246424 0.8621424 0.0753576 0.1102841
