0 0.1617747 0.5735394 0.2021959 0.2021959
0 0.1893482 0.6011129 0.1470488 0.1470488
0 0.2040541 0.6728041 0.2757253 0.2757253
0 0.2077306 0.6194953 0.1102841 0.1102841
0 0.2114071 0.6580982 0.2021959 0.2021959
0 0.2389806 0.6856718 0.1470488 0.1470488
0 0.2408188 0.7095688 0.2021959 0.2021959
0 0.2573629 0.7040541 0.1102841 0.1102841
0 0.2683924 0.7371424 0.1470488 0.1470488
0 0.2978041 0.4025835 0.2021959 0.2021959
0 0.3125100 0.6250100 0.2021959 0.2021959
0 0.3253776 0.4301571 0.1470488 0.1470488
0 0.3290541 0.8768482 0.2021959 0.1231518
0 0.3400835 0.6525835 0.1470488 0.1470488
0 0.3437600 0.4485394 0.1102841 0.1102841
0 0.3529512 0.7757453 0.2021959 0.2021959
0 0.3566276 0.9044218 0.1470488 0.0955782
0 0.3584659 0.6709659 0.1102841 0.1102841
0 0.3603041 0.5606718 0.2021959 0.2021959
0 0.3731718 0.0239071 0.2021959 0.2021959
0 0.3750100 0.9228041 0.1102841 0.0771959
0 0.3805247 0.8033188 0.1470488 0.1470488
0 0.3878776 0.5882453 0.1470488 0.1470488
0 0.3989071 0.8217012 0.1102841 0.1102841
0 0.4007453 0.0514806 0.1470488 0.1470488
0 0.4062600 0.6066276 0.1102841 0.1102841
0 0.4191276 0.0698629 0.1102841 0.1102841
0 0.4558924 0.3786865 0.2021959 0.2021959
0 0.4834659 0.4062600 0.1470488 0.1470488
0 0.4853041 0.2481718 0.2021959 0.2021959
0 0.5018482 0.4246424 0.1102841 0.1102841
0 0.5128776 0.2757453 0.1470488 0.1470488
0 0.5312600 0.2941276 0.1102841 0.1102841
0 0.5551571 0.1084659 0.2021959 0.2021959
0 0.5827306 0.1360394 0.1470488 0.1470488
0 0.5974365 0.8897159 0.2021959 0.1102841
0 0.6011129 0.1544218 0.1102841 0.1102841
0 0.6250100 0.9172894 0.1470488 0.0827106
0 0.6433924 0.9356718 0.1102841 0.0643282
0 0.6507453 0.5257453 0.2021959 0.2021959
0 0.6544218 0.6250100 0.2021959 0.2021959
0 0.6783188 0.5533188 0.1470488 0.1470488
0 0.6819953 0.6525835 0.1470488 0.1470488
0 0.6967012 0.5717012 0.1102841 0.1102841
0 0.7003776 0.6709659 0.1102841 0.1102841
0 0.7132453 0.0036865 0.2021959 0.2021959
0 0.7389806 0.2941276 0.2021959 0.2021959
0 0.7408188 0.0312600 0.1470488 0.1470488
0 0.7518482 0.4853041 0.2021959 0.2021959
0 0.7592012 0.0496424 0.1102841 0.1102841
0 0.7665541 0.3217012 0.1470488 0.1470488
0 0.7794218 0.5128776 0.1470488 0.1470488
0 0.7849365 0.3400835 0.1102841 0.1102841
0 0.7978041 0.5312600 0.1102841 0.1102841
0 0.8419218 0.5533188 0.1580782 0.2021959
0 0.8511129 0.4264806 0.1488871 0.2021959
0 0.8694953 0.5808924 0.1305047 0.1470488
0 0.8786865 0.4540541 0.1213135 0.1470488
0 0.8860394 0.6360394 0.1139606 0.2021959
0 0.8878776 0.5992747 0.1102841 0.1102841
0 0.8970688 0.4724365 0.1029312 0.1102841
0 0.9136129 0.6636129 0.0863871 0.1470488
0 0.9319953 0.6819953 0.0680047 0.1102841
