0 0.2077306 0.6121424 0.2757253 0.2757253
0 0.2444953 0.6489071 0.2021959 0.2021959
0 0.2720688 0.6764806 0.1470488 0.1470488
0 0.3327306 0.0533188 0.2021959 0.2021959
0 0.3603041 0.0808924 0.1470488 0.1470488
0 0.3786865 0.0992747 0.1102841 0.1102841
0 0.4338335 0.1507453 0.2021959 0.2021959
0 0.4614071 0.1783188 0.1470488 0.1470488
0 0.4797894 0.1967012 0.1102841 0.1102841
0 0.4981718 0.3400835 0.2021959 0.2021959
0 0.5018482 0.2426571 0.2021959 0.2021959
0 0.5257453 0.3676571 0.1470488 0.1470488
0 0.5294218 0.2702306 0.1470488 0.1470488
0 0.5441276 0.3860394 0.1102841 0.1102841
0 0.5478041 0.2886129 0.1102841 0.1102841
0 0.6305247 0.5110394 0.2021959 0.2021959
0 0.6580982 0.5386129 0.1470488 0.1470488
0 0.6764806 0.5569953 0.1102841 0.1102841
0 0.6967012 0.4007453 0.2021959 0.2021959
0 0.7132453 0.6654512 0.2021959 0.2021959
0 0.7242747 0.4283188 0.1470488 0.1470488
0 0.7408188 0.6930247 0.1470488 0.1470488
0 0.7426571 0.4467012 0.1102841 0.1102841
0 0.7592012 0.7114071 0.1102841 0.1102841
0 0.7849365 0.8088335 0.2021959 0.1911665
0 0.8125100 0.8364071 0.1470488 0.1470488
0 0.8308924 0.8547894 0.1102841 0.1102841
