0 0.0294218 0.5955982 0.2021959 0.2021959
0 0.0569953 0.6231718 0.1470488 0.1470488
0 0.0753776 0.6415541 0.1102841 0.1102841
0 0.3143482 0.3731718 0.2021959 0.2021959
0 0.3419218 0.4007453 0.1470488 0.1470488
0 0.3603041 0.4191276 0.1102841 0.1102841
0 0.4007453 0.3970688 0.2021959 0.2021959
0 0.4283188 0.4246424 0.1470488 0.1470488
0 0.4467012 0.4430247 0.1102841 0.1102841
0 0.5514806 0.3014806 0.2021959 0.2021959
0 0.5790541 0.3290541 0.1470488 0.1470488
0 0.5808924 0.5220688 0.2021959 0.2021959
0 0.5974365 0.3474365 0.1102841 0.1102841
0 0.6084659 0.5496424 0.1470488 0.1470488
0 0.6268482 0.5680247 0.1102841 0.1102841
