0 0.3933924 0.5735394 0.2021959 0.2021959
0 0.4209659 0.6011129 0.1470488 0.1470488
0 0.4283188 0.7665541 0.2021959 0.2021959
0 0.4393482 0.6194953 0.1102841 0.1102841
0 0.4558924 0.7941276 0.1470488 0.1470488
0 0.4724365 0.1121424 0.2757253 0.2757253
0 0.4742747 0.8125100 0.1102841 0.1102841
0 0.5092012 0.1489071 0.2021959 0.2021959
0 0.5367747 0.1764806 0.1470488 0.1470488
0 0.8051571 0.7022159 0.1948429 0.2021959
0 0.8327306 0.7297894 0.1470488 0.1470488
0 0.8511129 0.7481718 0.1102841 0.1102841
