0 0.0183924 0.6636129 0.0919018 0.0919018
0 0.1525835 0.8786865 0.0919018 0.0919018
0 0.1856718 0.8639806 0.1102841 0.1102841
0 0.2040541 0.8198629 0.0919018 0.0919018
0 0.2040541 0.9025835 0.0919018 0.0919018
0 0.2224365 0.6985394 0.0919018 0.0919018
0 0.2389806 0.8897159 0.0919018 0.0919018
0 0.2444953 0.8161865 0.0919018 0.0919018
0 0.2592012 0.7536865 0.0919018 0.0919018
0 0.5386129 0.4338335 0.1102841 0.1102841
0 0.5569953 0.3511129 0.1102841 0.1102841
0 0.6268482 0.3658188 0.1102841 0.1102841
