0 0.0055247 0.0661865 0.2021959 0.2021959
0 0.0330982 0.0937600 0.1470488 0.1470488
0 0.0441276 0.0496424 0.2021959 0.2021959
0 0.0514806 0.1121424 0.1102841 0.1102841
0 0.0717012 0.0772159 0.1470488 0.1470488
0 0.0900835 0.0955982 0.1102841 0.1102841
0 0.0992747 0.0000100 0.2021959 0.1635929
0 0.1268482 0.0000100 0.1470488 0.1360194
0 0.1433924 0.0000100 0.2021959 0.1580782
0 0.1452306 0.0073629 0.1102841 0.1102841
0 0.1709659 0.0000100 0.1470488 0.1305047
0 0.1856718 0.0000100 0.2021959 0.1323429
0 0.1893482 0.0018482 0.1102841 0.1102841
0 0.2132453 0.0000100 0.1470488 0.1047694
0 0.2316276 0.0000100 0.1102841 0.0863871
0 0.2426571 0.0000100 0.2021959 0.1323429
0 0.2702306 0.0000100 0.1470488 0.1047694
0 0.2886129 0.0000100 0.1102841 0.0863871
0 0.6654512 0.0000100 0.2021959 0.1213135
0 0.6930247 0.0000100 0.1470488 0.0937400
0 0.7114071 0.0000100 0.1102841 0.0753576
