0 0.0000100 0.1525835 0.0863871 0.0919018
0 0.0000100 0.7463335 0.1323429 0.1470488
0 0.1617747 0.4044218 0.0919018 0.0919018
0 0.2297894 0.3382453 0.0919018 0.0919018
0 0.2794218 0.0661865 0.0919018 0.0919018
0 0.3584659 0.5717012 0.0919018 0.0919018
0 0.3713335 0.1801571 0.0919018 0.0919018
0 0.3731718 0.3915541 0.0919018 0.0919018
0 0.4062600 0.7169218 0.0919018 0.0919018
0 0.4595688 0.4614071 0.0919018 0.0919018
0 0.4650835 0.5790541 0.0919018 0.0919018
0 0.4687600 0.8400835 0.0919018 0.0919018
0 0.5441276 0.8235394 0.0919018 0.0919018
0 0.5717012 0.8033188 0.0919018 0.0919018
0 0.6011129 0.7408188 0.0919018 0.0919018
0 0.6066276 0.5092012 0.0919018 0.0919018
0 0.6084659 0.6489071 0.0919018 0.0919018
0 0.6415541 0.1158188 0.0919018 0.0919018
0 0.7040541 0.5790541 0.0919018 0.0919018
0 0.7169218 0.6783188 0.0919018 0.0919018
0 0.7205982 0.6360394 0.0919018 0.0919018
0 0.7224365 0.2481718 0.0919018 0.0919018
0 0.7279512 0.4209659 0.0919018 0.0919018
0 0.8345688 0.6783188 0.0919018 0.0919018
0 0.8492747 0.0000100 0.0919018 0.0808724
0 0.8639806 0.4503776 0.0919018 0.0919018
0 0.8658188 0.2150835 0.0919018 0.0919018
0 0.9411865 0.4889806 0.0588135 0.0919018
0 0.9448629 0.0790541 0.0551371 0.0919018
