0 0.0000100 0.6856718 0.0900635 0.1470488
0 0.0110394 0.0000100 0.0919018 0.0624900
0 0.0643482 0.1452306 0.0919018 0.0919018
0 0.1029512 0.2683924 0.0919018 0.0919018
0 0.1066276 0.5827306 0.0919018 0.0919018
0 0.1084659 0.6819953 0.0919018 0.0919018
0 0.1139806 0.0275835 0.0919018 0.0919018
0 0.1342012 0.5441276 0.0919018 0.0919018
0 0.1783188 0.6342012 0.0919018 0.0919018
0 0.1875100 0.5275835 0.0919018 0.0919018
0 0.2812600 0.2739071 0.0919018 0.0919018
0 0.3272159 0.4191276 0.0919018 0.0919018
0 0.3290541 0.0183924 0.0919018 0.0919018
0 0.3694953 0.4908188 0.0919018 0.0919018
0 0.3933924 0.7150835 0.0919018 0.0919018
0 0.4411865 0.5312600 0.0919018 0.0919018
0 0.4522159 0.1268482 0.1102841 0.1102841
0 0.4669218 0.4338335 0.0919018 0.0919018
0 0.4687600 0.7849365 0.0919018 0.0919018
0 0.5275835 0.8253776 0.0919018 0.0919018
0 0.5514806 0.6654512 0.0919018 0.0919018
0 0.5606718 0.5018482 0.0919018 0.0919018
0 0.6599365 0.8235394 0.0919018 0.0919018
0 0.7132453 0.7132453 0.0919018 0.0919018
0 0.7169218 0.6103041 0.0919018 0.0919018
0 0.7794218 0.8161865 0.0919018 0.0919018
0 0.8694953 0.6544218 0.0919018 0.0919018
0 0.8842012 0.7371424 0.0919018 0.0919018
0 0.9209659 0.3033188 0.0790341 0.1470488
0 0.9209659 0.4375100 0.0790341 0.0919018
0 0.9411865 0.8786865 0.0588135 0.0919018
