0 0.0000100 0.0698629 0.1176371 0.2021959
0 0.0000100 0.0974365 0.0900635 0.1470488
0 0.0000100 0.1158188 0.0716812 0.1102841
0 0.0000100 0.1728041 0.1176371 0.2021959
0 0.0000100 0.2003776 0.0900635 0.1470488
0 0.0000100 0.2187600 0.0716812 0.1102841
0 0.0882453 0.2426571 0.2021959 0.2021959
0 0.1158188 0.2702306 0.1470488 0.1470488
0 0.1342012 0.2886129 0.1102841 0.1102841
0 0.2628776 0.0827306 0.2021959 0.2021959
0 0.2904512 0.1103041 0.1470488 0.1470488
0 0.3088335 0.1286865 0.1102841 0.1102841
0 0.3529512 0.1764806 0.2021959 0.2021959
0 0.3805247 0.2040541 0.1470488 0.1470488
0 0.3897159 0.1342012 0.2021959 0.2021959
0 0.3989071 0.2224365 0.1102841 0.1102841
0 0.4172894 0.1617747 0.1470488 0.1470488
0 0.4356718 0.1801571 0.1102841 0.1102841
0 0.5036865 0.1525835 0.2021959 0.2021959
0 0.5312600 0.1801571 0.1470488 0.1470488
0 0.5496424 0.1985394 0.1102841 0.1102841
0 0.6360394 0.1654512 0.2757253 0.2757253
0 0.6728041 0.2022159 0.2021959 0.2021959
0 0.7003776 0.2297894 0.1470488 0.1470488
