0 0.0000100 0.6819953 0.1341812 0.2021959
0 0.0000100 0.6856718 0.1985194 0.2021959
0 0.0000100 0.7095688 0.1066076 0.1470488
0 0.0000100 0.7279512 0.0882253 0.1102841
0 0.0239071 0.7132453 0.1470488 0.1470488
0 0.0275835 0.8364071 0.2021959 0.1635929
0 0.0294218 0.6525835 0.2021959 0.2021959
0 0.0422894 0.7316276 0.1102841 0.1102841
0 0.0459659 0.6911865 0.2021959 0.2021959
0 0.0551571 0.8639806 0.1470488 0.1360194
0 0.0569953 0.6801571 0.1470488 0.1470488
0 0.0735394 0.7187600 0.1470488 0.1470488
0 0.0735394 0.8823629 0.1102841 0.1102841
0 0.0753776 0.6985394 0.1102841 0.1102841
0 0.0919218 0.7371424 0.1102841 0.1102841
0 0.1158188 0.7794218 0.2021959 0.2021959
0 0.1286865 0.7224365 0.2021959 0.2021959
0 0.1433924 0.8069953 0.1470488 0.1470488
0 0.1562600 0.7500100 0.1470488 0.1470488
0 0.1617747 0.8253776 0.1102841 0.1102841
0 0.1746424 0.7683924 0.1102841 0.1102841
0 0.1838335 0.7334659 0.2021959 0.2021959
0 0.1930247 0.7665541 0.2021959 0.2021959
0 0.2114071 0.7610394 0.1470488 0.1470488
0 0.2205982 0.7941276 0.1470488 0.1470488
0 0.2297894 0.7794218 0.1102841 0.1102841
0 0.2353041 0.8915541 0.2021959 0.1084459
0 0.2389806 0.8125100 0.1102841 0.1102841
0 0.2555247 0.7095688 0.2021959 0.2021959
0 0.2628776 0.9191276 0.1470488 0.0808724
0 0.2812600 0.9375100 0.1102841 0.0624900
0 0.2830982 0.7371424 0.1470488 0.1470488
0 0.3014806 0.7555247 0.1102841 0.1102841
0 0.3014806 0.7996424 0.2021959 0.2003576
0 0.3290541 0.8272159 0.1470488 0.1470488
0 0.3474365 0.8455982 0.1102841 0.1102841
0 0.3731718 0.7077306 0.2021959 0.2021959
0 0.4007453 0.7353041 0.1470488 0.1470488
0 0.4191276 0.6911865 0.2021959 0.2021959
0 0.4191276 0.7536865 0.1102841 0.1102841
0 0.4467012 0.7187600 0.1470488 0.1470488
0 0.4503776 0.8327306 0.2021959 0.1672694
0 0.4650835 0.7371424 0.1102841 0.1102841
0 0.4779512 0.8603041 0.1470488 0.1396959
0 0.4963335 0.8786865 0.1102841 0.1102841
0 0.5147159 0.7224365 0.2021959 0.2021959
0 0.5422894 0.7500100 0.1470488 0.1470488
0 0.5514806 0.6838335 0.2021959 0.2021959
0 0.5514806 0.8603041 0.2021959 0.1396959
0 0.5606718 0.7683924 0.1102841 0.1102841
0 0.5790541 0.7114071 0.1470488 0.1470488
0 0.5790541 0.8878776 0.1470488 0.1121224
0 0.5974365 0.7297894 0.1102841 0.1102841
0 0.5974365 0.9062600 0.1102841 0.0937400
0 0.6213335 0.6636129 0.2021959 0.2021959
0 0.6397159 0.6268482 0.2021959 0.2021959
0 0.6489071 0.6911865 0.1470488 0.1470488
0 0.6507453 0.8603041 0.2021959 0.1396959
0 0.6672894 0.6544218 0.1470488 0.1470488
0 0.6672894 0.7095688 0.1102841 0.1102841
0 0.6709659 0.7867747 0.2021959 0.2021959
0 0.6783188 0.8878776 0.1470488 0.1121224
0 0.6856718 0.6728041 0.1102841 0.1102841
0 0.6967012 0.9062600 0.1102841 0.0937400
0 0.6985394 0.8143482 0.1470488 0.1470488
0 0.7114071 0.5790541 0.2021959 0.2021959
0 0.7114071 0.6654512 0.2021959 0.2021959
0 0.7169218 0.8327306 0.1102841 0.1102841
0 0.7224365 0.8033188 0.2021959 0.1966812
0 0.7389806 0.6066276 0.1470488 0.1470488
0 0.7389806 0.6930247 0.1470488 0.1470488
0 0.7500100 0.7775835 0.2021959 0.2021959
0 0.7500100 0.8308924 0.1470488 0.1470488
0 0.7573629 0.6250100 0.1102841 0.1102841
0 0.7573629 0.7114071 0.1102841 0.1102841
0 0.7628776 0.8400835 0.2021959 0.1599165
0 0.7683924 0.8492747 0.1102841 0.1102841
0 0.7775835 0.8051571 0.1470488 0.1470488
0 0.7904512 0.8676571 0.1470488 0.1323429
0 0.7959659 0.8235394 0.1102841 0.1102841
0 0.7996424 0.5772159 0.2003576 0.2021959
0 0.8088335 0.8860394 0.1102841 0.1102841
0 0.8272159 0.6047894 0.1470488 0.1470488
0 0.8455982 0.6231718 0.1102841 0.1102841
0 0.8658188 0.5900835 0.1341812 0.2021959
0 0.8658188 0.7500100 0.1341812 0.2021959
0 0.8933924 0.6176571 0.1066076 0.1470488
0 0.8933924 0.7775835 0.1066076 0.1470488
0 0.9117747 0.6360394 0.0882253 0.1102841
0 0.9117747 0.7959659 0.0882253 0.1102841
