0 0.0202306 0.7757453 0.0919018 0.0919018
0 0.0220688 0.7224365 0.0919018 0.0919018
0 0.0404512 0.7978041 0.0919018 0.0919018
0 0.0569953 0.8180247 0.0919018 0.0919018
0 0.3235394 0.8952306 0.0919018 0.0919018
0 0.4154512 0.7739071 0.0919018 0.0919018
0 0.4742747 0.6636129 0.0919018 0.0919018
0 0.4761129 0.7775835 0.0919018 0.0919018
0 0.5349365 0.6084659 0.0919018 0.0919018
0 0.5661865 0.7610394 0.0919018 0.0919018
0 0.5992747 0.7536865 0.0919018 0.0919018
0 0.6286865 0.8768482 0.0919018 0.0919018
0 0.6397159 0.6654512 0.0919018 0.0919018
0 0.6728041 0.7702306 0.0919018 0.0919018
0 0.8327306 0.5588335 0.0919018 0.0919018
0 0.8639806 0.9301571 0.0919018 0.0698429
0 0.8658188 0.8455982 0.0919018 0.0919018
0 0.8713335 0.5441276 0.1286665 0.1470488
