0 0.0000100 0.1783188 0.1985194 0.2021959
0 0.0000100 0.2353041 0.1121224 0.2021959
0 0.0000100 0.2628776 0.0845488 0.1470488
0 0.0000100 0.2812600 0.0661665 0.1102841
0 0.0239071 0.2058924 0.1470488 0.1470488
0 0.0422894 0.2242747 0.1102841 0.1102841
0 0.1709659 0.4356718 0.2021959 0.2021959
0 0.1985394 0.4632453 0.1470488 0.1470488
0 0.2150835 0.1066276 0.2021959 0.2021959
0 0.2169218 0.4816276 0.1102841 0.1102841
0 0.2224365 0.2739071 0.2757253 0.2757253
0 0.2426571 0.1342012 0.1470488 0.1470488
0 0.2444953 0.1783188 0.2021959 0.2021959
0 0.2592012 0.3106718 0.2021959 0.2021959
0 0.2610394 0.1525835 0.1102841 0.1102841
0 0.2720688 0.2058924 0.1470488 0.1470488
0 0.2867747 0.3382453 0.1470488 0.1470488
0 0.2904512 0.2242747 0.1102841 0.1102841
0 0.4154512 0.2739071 0.2021959 0.2021959
0 0.4301571 0.1893482 0.2021959 0.2021959
0 0.4430247 0.3014806 0.1470488 0.1470488
0 0.4577306 0.2169218 0.1470488 0.1470488
0 0.4614071 0.3198629 0.1102841 0.1102841
0 0.4761129 0.2353041 0.1102841 0.1102841
0 0.5330982 0.1378776 0.2021959 0.2021959
0 0.5606718 0.1654512 0.1470488 0.1470488
0 0.5606718 0.2389806 0.2021959 0.2021959
0 0.5790541 0.1838335 0.1102841 0.1102841
0 0.5882453 0.2665541 0.1470488 0.1470488
0 0.6066276 0.2849365 0.1102841 0.1102841
