0 0.4025835 0.1636129 0.2021959 0.2021959
0 0.4301571 0.1911865 0.1470488 0.1470488
0 0.4485394 0.2095688 0.1102841 0.1102841
0 0.4485394 0.2114071 0.2021959 0.2021959
0 0.4761129 0.2389806 0.1470488 0.1470488
0 0.4944953 0.2573629 0.1102841 0.1102841
0 0.7592012 0.2114071 0.2021959 0.2021959
0 0.7867747 0.2389806 0.1470488 0.1470488
0 0.8051571 0.2573629 0.1102841 0.1102841
0 0.8217012 0.4853041 0.1782988 0.2021959
0 0.8492747 0.5128776 0.1470488 0.1470488
0 0.8676571 0.5312600 0.1102841 0.1102841
