0 0.0000100 0.5018482 0.1360194 0.2021959
0 0.0000100 0.5294218 0.1084459 0.1470488
0 0.0000100 0.5478041 0.0900635 0.1102841
0 0.1103041 0.0441276 0.2757253 0.2757253
0 0.1470688 0.0808924 0.2021959 0.2021959
0 0.1746424 0.1084659 0.1470488 0.1470488
0 0.3400835 0.0000100 0.2021959 0.1102841
0 0.3676571 0.0000100 0.1470488 0.0827106
0 0.3860394 0.0000100 0.1102841 0.0643282
0 0.5349365 0.0294218 0.2021959 0.2021959
0 0.5625100 0.0569953 0.1470488 0.1470488
0 0.5808924 0.0753776 0.1102841 0.1102841
