0 0.0000100 0.1121424 0.1635929 0.2021959
0 0.0000100 0.1397159 0.1360194 0.1470488
0 0.0000100 0.3235394 0.1856518 0.2021959
0 0.0055247 0.4007453 0.2021959 0.2021959
0 0.0073629 0.1580982 0.1102841 0.1102841
0 0.0110394 0.3511129 0.1470488 0.1470488
0 0.0294218 0.3694953 0.1102841 0.1102841
0 0.0330982 0.4283188 0.1470488 0.1470488
0 0.0514806 0.4467012 0.1102841 0.1102841
0 0.0680247 0.3897159 0.2021959 0.2021959
0 0.0790541 0.4503776 0.2021959 0.2021959
0 0.0937600 0.3272159 0.2021959 0.2021959
0 0.0955982 0.4172894 0.1470488 0.1470488
0 0.1066276 0.4779512 0.1470488 0.1470488
0 0.1139806 0.4356718 0.1102841 0.1102841
0 0.1213335 0.3547894 0.1470488 0.1470488
0 0.1231718 0.3860394 0.2021959 0.2021959
0 0.1250100 0.4963335 0.1102841 0.1102841
0 0.1397159 0.3731718 0.1102841 0.1102841
0 0.1489071 0.3382453 0.2757253 0.2757253
0 0.1489071 0.4319953 0.2021959 0.2021959
0 0.1507453 0.4136129 0.1470488 0.1470488
0 0.1507453 0.4742747 0.2021959 0.2021959
0 0.1691276 0.4319953 0.1102841 0.1102841
0 0.1764806 0.4595688 0.1470488 0.1470488
0 0.1783188 0.5018482 0.1470488 0.1470488
0 0.1856718 0.3750100 0.2021959 0.2021959
0 0.1948629 0.4779512 0.1102841 0.1102841
0 0.1967012 0.5202306 0.1102841 0.1102841
0 0.2132453 0.4025835 0.1470488 0.1470488
0 0.2334659 0.4650835 0.2021959 0.2021959
0 0.2334659 0.5147159 0.2021959 0.2021959
0 0.2371424 0.3272159 0.2021959 0.2021959
0 0.2518482 0.4136129 0.2021959 0.2021959
0 0.2610394 0.4926571 0.1470488 0.1470488
0 0.2610394 0.5422894 0.1470488 0.1470488
0 0.2647159 0.3547894 0.1470488 0.1470488
0 0.2665541 0.4375100 0.2021959 0.2021959
0 0.2739071 0.1691276 0.2021959 0.2021959
0 0.2775835 0.3492747 0.2021959 0.2021959
0 0.2794218 0.4411865 0.1470488 0.1470488
0 0.2794218 0.5110394 0.1102841 0.1102841
0 0.2794218 0.5606718 0.1102841 0.1102841
0 0.2830982 0.3731718 0.1102841 0.1102841
0 0.2941276 0.4650835 0.1470488 0.1470488
0 0.2959659 0.4779512 0.2021959 0.2021959
0 0.2978041 0.4595688 0.1102841 0.1102841
0 0.3014806 0.1967012 0.1470488 0.1470488
0 0.3033188 0.2022159 0.2021959 0.2021959
0 0.3033188 0.3842012 0.2021959 0.2021959
0 0.3051571 0.3768482 0.1470488 0.1470488
0 0.3125100 0.4834659 0.1102841 0.1102841
0 0.3143482 0.2279512 0.2021959 0.2021959
0 0.3198629 0.2150835 0.1102841 0.1102841
0 0.3235394 0.3952306 0.1102841 0.1102841
0 0.3235394 0.5055247 0.1470488 0.1470488
0 0.3308924 0.2297894 0.1470488 0.1470488
0 0.3308924 0.4117747 0.1470488 0.1470488
0 0.3327306 0.5294218 0.2021959 0.2021959
0 0.3364071 0.4338335 0.2021959 0.2021959
0 0.3419218 0.2555247 0.1470488 0.1470488
0 0.3419218 0.2812600 0.2021959 0.2021959
0 0.3419218 0.5239071 0.1102841 0.1102841
0 0.3455982 0.4154512 0.2021959 0.2021959
0 0.3492747 0.2481718 0.1102841 0.1102841
0 0.3492747 0.4301571 0.1102841 0.1102841
0 0.3603041 0.2739071 0.1102841 0.1102841
0 0.3603041 0.5569953 0.1470488 0.1470488
0 0.3639806 0.4614071 0.1470488 0.1470488
0 0.3676571 0.1728041 0.2757253 0.2757253
0 0.3694953 0.3088335 0.1470488 0.1470488
0 0.3731718 0.4430247 0.1470488 0.1470488
0 0.3786865 0.1489071 0.2021959 0.2021959
0 0.3786865 0.5753776 0.1102841 0.1102841
0 0.3823629 0.4797894 0.1102841 0.1102841
0 0.3878776 0.1176571 0.2021959 0.2021959
0 0.3878776 0.3272159 0.1102841 0.1102841
0 0.3915541 0.4614071 0.1102841 0.1102841
0 0.3970688 0.4908188 0.2021959 0.2021959
0 0.4044218 0.2095688 0.2021959 0.2021959
0 0.4062600 0.1764806 0.1470488 0.1470488
0 0.4099365 0.3878776 0.2021959 0.2021959
0 0.4154512 0.1452306 0.1470488 0.1470488
0 0.4154512 0.1691276 0.2021959 0.2021959
0 0.4172894 0.3492747 0.2021959 0.2021959
0 0.4246424 0.1948629 0.1102841 0.1102841
0 0.4246424 0.5183924 0.1470488 0.1470488
0 0.4319953 0.2371424 0.1470488 0.1470488
0 0.4338335 0.1544218 0.2021959 0.2021959
0 0.4338335 0.1636129 0.1102841 0.1102841
0 0.4375100 0.4154512 0.1470488 0.1470488
0 0.4430247 0.1967012 0.1470488 0.1470488
0 0.4430247 0.5367747 0.1102841 0.1102841
0 0.4448629 0.3768482 0.1470488 0.1470488
0 0.4558924 0.4338335 0.1102841 0.1102841
0 0.4558924 0.4687600 0.2021959 0.2021959
0 0.4614071 0.1819953 0.1470488 0.1470488
0 0.4614071 0.2150835 0.1102841 0.1102841
0 0.4632453 0.3952306 0.1102841 0.1102841
0 0.4669218 0.1562600 0.2021959 0.2021959
0 0.4797894 0.2003776 0.1102841 0.1102841
0 0.4834659 0.4963335 0.1470488 0.1470488
0 0.4908188 0.3823629 0.2021959 0.2021959
0 0.4944953 0.1838335 0.1470488 0.1470488
0 0.5018482 0.5147159 0.1102841 0.1102841
0 0.5128776 0.2022159 0.1102841 0.1102841
0 0.5183924 0.4099365 0.1470488 0.1470488
0 0.5367747 0.3051571 0.2021959 0.2021959
0 0.5367747 0.4283188 0.1102841 0.1102841
0 0.5514806 0.2297894 0.2021959 0.2021959
0 0.5533188 0.4540541 0.2021959 0.2021959
0 0.5551571 0.3584659 0.2021959 0.2021959
0 0.5625100 0.0569953 0.2021959 0.2021959
0 0.5643482 0.3327306 0.1470488 0.1470488
0 0.5790541 0.2573629 0.1470488 0.1470488
0 0.5808924 0.4816276 0.1470488 0.1470488
0 0.5827306 0.3511129 0.1102841 0.1102841
0 0.5827306 0.3860394 0.1470488 0.1470488
0 0.5864071 0.4062600 0.2021959 0.2021959
0 0.5900835 0.0845688 0.1470488 0.1470488
0 0.5974365 0.2757453 0.1102841 0.1102841
0 0.5992747 0.5000100 0.1102841 0.1102841
0 0.6011129 0.4044218 0.1102841 0.1102841
0 0.6066276 0.0900835 0.2021959 0.2021959
0 0.6084659 0.1029512 0.1102841 0.1102841
0 0.6139806 0.4338335 0.1470488 0.1470488
0 0.6268482 0.1617747 0.2021959 0.2021959
0 0.6323629 0.4522159 0.1102841 0.1102841
0 0.6342012 0.1176571 0.1470488 0.1470488
0 0.6525835 0.1360394 0.1102841 0.1102841
0 0.6544218 0.1893482 0.1470488 0.1470488
0 0.6654512 0.1985394 0.2021959 0.2021959
0 0.6728041 0.2077306 0.1102841 0.1102841
0 0.6764806 0.2665541 0.2021959 0.2021959
0 0.6930247 0.2261129 0.1470488 0.1470488
0 0.7040541 0.2941276 0.1470488 0.1470488
0 0.7114071 0.2444953 0.1102841 0.1102841
0 0.7150835 0.2316276 0.2021959 0.2021959
0 0.7224365 0.3125100 0.1102841 0.1102841
0 0.7426571 0.2592012 0.1470488 0.1470488
0 0.7610394 0.2775835 0.1102841 0.1102841
