0 0.7500100 0.1838335 0.2021959 0.2021959
0 0.7775835 0.2114071 0.1470488 0.1470488
0 0.7959659 0.2297894 0.1102841 0.1102841
0 0.8400835 0.2022159 0.1599165 0.2021959
0 0.8676571 0.2297894 0.1323429 0.1470488
0 0.8694953 0.3474365 0.1305047 0.2021959
0 0.8823629 0.1562600 0.1176371 0.2021959
0 0.8860394 0.2481718 0.1102841 0.1102841
0 0.8970688 0.3750100 0.1029312 0.1470488
0 0.9099365 0.1838335 0.0900635 0.1470488
0 0.9154512 0.3933924 0.0845488 0.1102841
0 0.9283188 0.2022159 0.0716812 0.1102841
