0 0.1764806 0.4944953 0.2021959 0.2021959
0 0.2040541 0.5220688 0.1470488 0.1470488
0 0.2224365 0.5404512 0.1102841 0.1102841
0 0.3069953 0.5845688 0.2021959 0.2021959
0 0.3345688 0.6121424 0.1470488 0.1470488
0 0.3529512 0.6305247 0.1102841 0.1102841
0 0.3731718 0.3419218 0.2021959 0.2021959
0 0.4007453 0.3694953 0.1470488 0.1470488
0 0.4154512 0.5036865 0.2021959 0.2021959
0 0.4191276 0.3878776 0.1102841 0.1102841
0 0.4246424 0.5588335 0.2021959 0.2021959
0 0.4430247 0.5312600 0.1470488 0.1470488
0 0.4522159 0.5864071 0.1470488 0.1470488
0 0.4614071 0.4430247 0.2021959 0.2021959
0 0.4614071 0.5496424 0.1102841 0.1102841
0 0.4705982 0.6047894 0.1102841 0.1102841
0 0.4889806 0.4705982 0.1470488 0.1470488
0 0.4963335 0.3566276 0.2021959 0.2021959
0 0.5073629 0.4889806 0.1102841 0.1102841
0 0.5239071 0.3842012 0.1470488 0.1470488
0 0.5422894 0.4025835 0.1102841 0.1102841
0 0.5661865 0.5717012 0.2021959 0.2021959
0 0.5937600 0.5992747 0.1470488 0.1470488
0 0.6121424 0.6176571 0.1102841 0.1102841
0 0.7647159 0.3161865 0.2021959 0.2021959
0 0.7922894 0.3437600 0.1470488 0.1470488
0 0.8106718 0.3621424 0.1102841 0.1102841
