0 0.0330982 0.3878776 0.2757253 0.2757253
0 0.0698629 0.4246424 0.2021959 0.2021959
0 0.0974365 0.4522159 0.1470488 0.1470488
0 0.1433924 0.0000100 0.2021959 0.1672694
0 0.1709659 0.0000100 0.1470488 0.1396959
0 0.1893482 0.0110394 0.1102841 0.1102841
0 0.2408188 0.0478041 0.2021959 0.2021959
0 0.2481718 0.5165541 0.2757253 0.2757253
0 0.2683924 0.0753776 0.1470488 0.1470488
0 0.2849365 0.5533188 0.2021959 0.2021959
0 0.2867747 0.0937600 0.1102841 0.1102841
0 0.3014806 0.0937600 0.2021959 0.2021959
0 0.3125100 0.5808924 0.1470488 0.1470488
0 0.3290541 0.1213335 0.1470488 0.1470488
0 0.3474365 0.1397159 0.1102841 0.1102841
0 0.4926571 0.4172894 0.2021959 0.2021959
0 0.5202306 0.4448629 0.1470488 0.1470488
0 0.5386129 0.4632453 0.1102841 0.1102841
0 0.6856718 0.6617747 0.2021959 0.2021959
0 0.7132453 0.6893482 0.1470488 0.1470488
0 0.7316276 0.7077306 0.1102841 0.1102841
