0 0.0000100 0.1360394 0.1378576 0.2021959
0 0.0000100 0.1636129 0.1102841 0.1470488
0 0.0000100 0.1819953 0.0919018 0.1102841
0 0.0000100 0.7205982 0.1727841 0.2021959
0 0.0000100 0.7481718 0.1452106 0.1470488
0 0.0165541 0.7665541 0.1102841 0.1102841
0 0.0625100 0.4099365 0.2021959 0.2021959
0 0.0790541 0.0000100 0.2021959 0.1157988
0 0.0864071 0.3217012 0.2021959 0.2021959
0 0.0900835 0.4375100 0.1470488 0.1470488
0 0.1066276 0.0000100 0.1470488 0.0882253
0 0.1084659 0.4558924 0.1102841 0.1102841
0 0.1139806 0.1084659 0.2021959 0.2021959
0 0.1139806 0.3492747 0.1470488 0.1470488
0 0.1250100 0.0000100 0.1102841 0.0698429
0 0.1323629 0.3676571 0.1102841 0.1102841
0 0.1415541 0.1360394 0.1470488 0.1470488
0 0.1599365 0.1544218 0.1102841 0.1102841
0 0.8731718 0.3878776 0.1268282 0.2021959
0 0.9007453 0.4154512 0.0992547 0.1470488
0 0.9191276 0.4338335 0.0808724 0.1102841
