0 0.2500100 0.2610394 0.2021959 0.2021959
0 0.2775835 0.2886129 0.1470488 0.1470488
0 0.2959659 0.3069953 0.1102841 0.1102841
0 0.2959659 0.4448629 0.2021959 0.2021959
0 0.3235394 0.0000100 0.2757253 0.2738871
0 0.3235394 0.4724365 0.1470488 0.1470488
0 0.3345688 0.7904512 0.2021959 0.2021959
0 0.3419218 0.4908188 0.1102841 0.1102841
0 0.3603041 0.0349365 0.2021959 0.2021959
0 0.3621424 0.8180247 0.1470488 0.1470488
0 0.3805247 0.8364071 0.1102841 0.1102841
0 0.3878776 0.0625100 0.1470488 0.1470488
0 0.5717012 0.5643482 0.2021959 0.2021959
0 0.5992747 0.5919218 0.1470488 0.1470488
0 0.6176571 0.6103041 0.1102841 0.1102841
0 0.6691276 0.6709659 0.2021959 0.2021959
0 0.6967012 0.6985394 0.1470488 0.1470488
0 0.7150835 0.7169218 0.1102841 0.1102841
0 0.7353041 0.4614071 0.2021959 0.2021959
0 0.7628776 0.4889806 0.1470488 0.1470488
0 0.7812600 0.5073629 0.1102841 0.1102841
0 0.7959659 0.8676571 0.2021959 0.1323429
0 0.8235394 0.8952306 0.1470488 0.1047694
0 0.8419218 0.9136129 0.1102841 0.0863871
0 0.8474365 0.2683924 0.1525635 0.2021959
0 0.8731718 0.4742747 0.1268282 0.2021959
0 0.8750100 0.2959659 0.1249900 0.1470488
0 0.8933924 0.3143482 0.1066076 0.1102841
0 0.9007453 0.5018482 0.0992547 0.1470488
0 0.9191276 0.5202306 0.0808724 0.1102841
