0 0.0000100 0.3235394 0.1874900 0.2021959
0 0.0128776 0.0735394 0.2021959 0.2021959
0 0.0128776 0.3511129 0.1470488 0.1470488
0 0.0312600 0.3694953 0.1102841 0.1102841
0 0.0404512 0.1011129 0.1470488 0.1470488
0 0.0588335 0.1194953 0.1102841 0.1102841
0 0.0606718 0.4669218 0.2021959 0.2021959
0 0.0882453 0.4944953 0.1470488 0.1470488
0 0.1066276 0.5128776 0.1102841 0.1102841
0 0.1783188 0.3272159 0.2021959 0.2021959
0 0.1911865 0.5717012 0.2021959 0.2021959
0 0.2058924 0.0974365 0.2021959 0.2021959
0 0.2058924 0.3547894 0.1470488 0.1470488
0 0.2187600 0.5992747 0.1470488 0.1470488
0 0.2242747 0.3731718 0.1102841 0.1102841
0 0.2334659 0.1250100 0.1470488 0.1470488
0 0.2371424 0.6176571 0.1102841 0.1102841
0 0.2518482 0.1433924 0.1102841 0.1102841
0 0.2757453 0.0000100 0.2021959 0.1727841
0 0.2757453 0.1415541 0.2757253 0.2757253
0 0.3033188 0.0000100 0.1470488 0.1452106
0 0.3125100 0.1783188 0.2021959 0.2021959
0 0.3217012 0.0165541 0.1102841 0.1102841
0 0.3253776 0.3933924 0.2021959 0.2021959
0 0.3400835 0.2058924 0.1470488 0.1470488
0 0.3529512 0.4209659 0.1470488 0.1470488
0 0.3713335 0.4393482 0.1102841 0.1102841
0 0.4522159 0.7150835 0.2757253 0.2757253
0 0.4889806 0.7518482 0.2021959 0.2021959
0 0.5165541 0.7794218 0.1470488 0.1470488
