0 0.0000100 0.5202306 0.1709459 0.2757253
0 0.0000100 0.5569953 0.1341812 0.2021959
0 0.0000100 0.5845688 0.1066076 0.1470488
0 0.0000100 0.8694953 0.1838135 0.1305047
0 0.0018482 0.7444953 0.2021959 0.2021959
0 0.0092012 0.8970688 0.1470488 0.1029312
0 0.0275835 0.9154512 0.1102841 0.0845488
0 0.0294218 0.7720688 0.1470488 0.1470488
0 0.0478041 0.7904512 0.1102841 0.1102841
0 0.1911865 0.1691276 0.2757253 0.2757253
0 0.2279512 0.2058924 0.2021959 0.2021959
0 0.2555247 0.2334659 0.1470488 0.1470488
0 0.3088335 0.3603041 0.2021959 0.2021959
0 0.3364071 0.3878776 0.1470488 0.1470488
0 0.3547894 0.4062600 0.1102841 0.1102841
