0 0.1672894 0.0312600 0.2021959 0.2021959
0 0.1948629 0.0588335 0.1470488 0.1470488
0 0.1948629 0.6507453 0.2021959 0.2021959
0 0.2022159 0.3952306 0.2021959 0.2021959
0 0.2132453 0.0772159 0.1102841 0.1102841
0 0.2224365 0.6783188 0.1470488 0.1470488
0 0.2297894 0.4228041 0.1470488 0.1470488
0 0.2408188 0.6967012 0.1102841 0.1102841
0 0.2481718 0.4411865 0.1102841 0.1102841
0 0.2720688 0.3051571 0.2021959 0.2021959
0 0.2996424 0.3327306 0.1470488 0.1470488
0 0.3180247 0.3511129 0.1102841 0.1102841
0 0.4062600 0.7205982 0.2021959 0.2021959
0 0.4338335 0.7481718 0.1470488 0.1470488
0 0.4522159 0.7665541 0.1102841 0.1102841
0 0.4779512 0.6746424 0.2021959 0.2021959
0 0.5055247 0.7022159 0.1470488 0.1470488
0 0.5239071 0.7205982 0.1102841 0.1102841
