0 0.3713335 0.1783188 0.2021959 0.2021959
0 0.3989071 0.2058924 0.1470488 0.1470488
0 0.4172894 0.2242747 0.1102841 0.1102841
0 0.5128776 0.1121424 0.2021959 0.2021959
0 0.5404512 0.1397159 0.1470488 0.1470488
0 0.5588335 0.1580982 0.1102841 0.1102841
0 0.8198629 0.0000100 0.1801371 0.1066076
0 0.8327306 0.0864071 0.1672694 0.2021959
0 0.8474365 0.0000100 0.1470488 0.0790341
0 0.8603041 0.1139806 0.1396959 0.1470488
0 0.8658188 0.0000100 0.1102841 0.0606518
0 0.8786865 0.1323629 0.1102841 0.1102841
