0 0.5478041 0.4411865 0.1470488 0.1470488
0 0.6250100 0.1415541 0.0919018 0.0919018
0 0.6286865 0.4705982 0.0919018 0.0919018
0 0.6323629 0.0000100 0.0919018 0.0808724
0 0.6342012 0.1158188 0.0919018 0.0919018
0 0.6360394 0.2040541 0.0919018 0.0919018
0 0.6452306 0.4540541 0.0919018 0.0919018
0 0.6489071 0.3345688 0.0919018 0.0919018
0 0.6525835 0.0753776 0.0919018 0.0919018
0 0.6525835 0.5239071 0.0919018 0.0919018
0 0.6580982 0.3915541 0.0919018 0.0919018
0 0.6709659 0.3584659 0.0919018 0.0919018
0 0.6783188 0.2775835 0.0919018 0.0919018
0 0.6893482 0.4411865 0.0919018 0.0919018
0 0.7095688 0.3639806 0.0919018 0.0919018
0 0.7665541 0.2536865 0.0919018 0.0919018
