0 0.0000100 0.1286865 0.1047694 0.1470488
0 0.0698629 0.0955982 0.0919018 0.0919018
0 0.0827306 0.5717012 0.0919018 0.0919018
0 0.0919218 0.1360394 0.0919018 0.0919018
0 0.1139806 0.4650835 0.0919018 0.0919018
0 0.1176571 0.5845688 0.0919018 0.0919018
0 0.1194953 0.1801571 0.0919018 0.0919018
0 0.1231718 0.4283188 0.0919018 0.0919018
0 0.1323629 0.5147159 0.0919018 0.0919018
0 0.1525835 0.1911865 0.0919018 0.0919018
0 0.1525835 0.6397159 0.0919018 0.0919018
0 0.1525835 0.7022159 0.0919018 0.0919018
0 0.1580982 0.5937600 0.0919018 0.0919018
0 0.1875100 0.4705982 0.0919018 0.0919018
0 0.1911865 0.7408188 0.0919018 0.0919018
0 0.2040541 0.7757453 0.0919018 0.0919018
0 0.2077306 0.2922894 0.0919018 0.0919018
0 0.2150835 0.1654512 0.0919018 0.0919018
0 0.2242747 0.0919218 0.0919018 0.0919018
0 0.2334659 0.5018482 0.0919018 0.0919018
0 0.2353041 0.4871424 0.0919018 0.0919018
0 0.2389806 0.1286865 0.0919018 0.0919018
0 0.2389806 0.4301571 0.0919018 0.0919018
0 0.2444953 0.3989071 0.0919018 0.0919018
0 0.2463335 0.7316276 0.0919018 0.0919018
0 0.2481718 0.2757453 0.0919018 0.0919018
0 0.2592012 0.4595688 0.0919018 0.0919018
0 0.2592012 0.7812600 0.0919018 0.0919018
0 0.2665541 0.3253776 0.0919018 0.0919018
0 0.2665541 0.5055247 0.0919018 0.0919018
0 0.2867747 0.5496424 0.1470488 0.1470488
0 0.2922894 0.2830982 0.0919018 0.0919018
0 0.3014806 0.4853041 0.0919018 0.0919018
0 0.3217012 0.2886129 0.0919018 0.0919018
0 0.3217012 0.4595688 0.0919018 0.0919018
0 0.3253776 0.0900835 0.0919018 0.0919018
0 0.3474365 0.3327306 0.0919018 0.0919018
0 0.3713335 0.0900835 0.0919018 0.0919018
0 0.3731718 0.2812600 0.0919018 0.0919018
0 0.3731718 0.4558924 0.0919018 0.0919018
0 0.3860394 0.4246424 0.0919018 0.0919018
0 0.3915541 0.2058924 0.0919018 0.0919018
0 0.3915541 0.4761129 0.0919018 0.0919018
0 0.3970688 0.2536865 0.0919018 0.0919018
0 0.4393482 0.3915541 0.0919018 0.0919018
0 0.4650835 0.1158188 0.0919018 0.0919018
0 0.4742747 0.3161865 0.0919018 0.0919018
0 0.4797894 0.0845688 0.0919018 0.0919018
0 0.4834659 0.2353041 0.0919018 0.0919018
0 0.4908188 0.2665541 0.0919018 0.0919018
0 0.5073629 0.1489071 0.0919018 0.0919018
0 0.5239071 0.2904512 0.0919018 0.0919018
0 0.5257453 0.9246424 0.0919018 0.0753576
0 0.5275835 0.3547894 0.0919018 0.0919018
0 0.5294218 0.3290541 0.0919018 0.0919018
0 0.5478041 0.1985394 0.0919018 0.0919018
0 0.5569953 0.3069953 0.0919018 0.0919018
0 0.6103041 0.2775835 0.0919018 0.0919018
0 0.6158188 0.1489071 0.0919018 0.0919018
0 0.6286865 0.3235394 0.0919018 0.0919018
0 0.6617747 0.1930247 0.0919018 0.0919018
0 0.6728041 0.2261129 0.0919018 0.0919018
0 0.7389806 0.2353041 0.0919018 0.0919018
0 0.8014806 0.1544218 0.0919018 0.0919018
0 0.8566276 0.2592012 0.0919018 0.0919018
0 0.9430247 0.2610394 0.0569753 0.0919018
