0 0.5772159 0.8088335 0.2021959 0.1911665
0 0.6047894 0.8364071 0.1470488 0.1470488
0 0.6084659 0.6985394 0.2757253 0.2757253
0 0.6231718 0.8547894 0.1102841 0.1102841
0 0.6452306 0.7353041 0.2021959 0.2021959
0 0.6728041 0.7628776 0.1470488 0.1470488
0 0.6967012 0.4117747 0.2021959 0.2021959
0 0.7242747 0.4393482 0.1470488 0.1470488
0 0.7279512 0.5533188 0.2021959 0.2021959
0 0.7316276 0.5110394 0.2021959 0.2021959
0 0.7426571 0.4577306 0.1102841 0.1102841
0 0.7444953 0.8492747 0.2021959 0.1507253
0 0.7555247 0.1194953 0.2021959 0.2021959
0 0.7555247 0.5808924 0.1470488 0.1470488
0 0.7592012 0.2022159 0.2021959 0.2021959
0 0.7592012 0.5386129 0.1470488 0.1470488
0 0.7720688 0.8768482 0.1470488 0.1231518
0 0.7739071 0.5992747 0.1102841 0.1102841
0 0.7775835 0.5569953 0.1102841 0.1102841
0 0.7830982 0.1470688 0.1470488 0.1470488
0 0.7867747 0.2297894 0.1470488 0.1470488
0 0.7904512 0.8952306 0.1102841 0.1047694
0 0.8014806 0.1654512 0.1102841 0.1102841
0 0.8051571 0.2481718 0.1102841 0.1102841
0 0.8308924 0.2408188 0.1691076 0.2021959
0 0.8584659 0.2683924 0.1415341 0.1470488
0 0.8768482 0.2867747 0.1102841 0.1102841
0 0.8878776 0.7739071 0.1121224 0.2021959
0 0.9154512 0.8014806 0.0845488 0.1470488
0 0.9338335 0.8198629 0.0661665 0.1102841
