0 0.2022159 0.0000100 0.2021959 0.1268282
0 0.2297894 0.0000100 0.1470488 0.0992547
0 0.2481718 0.0000100 0.1102841 0.0808724
0 0.6268482 0.3033188 0.2021959 0.2021959
0 0.6544218 0.3308924 0.1470488 0.1470488
0 0.6728041 0.3492747 0.1102841 0.1102841
0 0.7444953 0.4816276 0.2021959 0.2021959
0 0.7720688 0.5092012 0.1470488 0.1470488
0 0.7794218 0.0000100 0.2021959 0.1305047
0 0.7904512 0.5275835 0.1102841 0.1102841
0 0.8014806 0.1672894 0.1985194 0.2021959
0 0.8069953 0.0000100 0.1470488 0.1029312
0 0.8253776 0.0000100 0.1102841 0.0845488
0 0.8290541 0.1948629 0.1470488 0.1470488
0 0.8364071 0.1029512 0.1635929 0.2021959
0 0.8400835 0.3547894 0.1599165 0.2021959
0 0.8474365 0.2132453 0.1102841 0.1102841
0 0.8492747 0.2353041 0.1507253 0.2021959
0 0.8529512 0.1268482 0.1470488 0.2021959
0 0.8639806 0.1305247 0.1360194 0.1470488
0 0.8676571 0.3823629 0.1323429 0.1470488
0 0.8768482 0.2628776 0.1231518 0.1470488
0 0.8786865 0.2518482 0.1213135 0.2021959
0 0.8805247 0.1544218 0.1194753 0.1470488
0 0.8823629 0.1489071 0.1102841 0.1102841
0 0.8860394 0.4007453 0.1102841 0.1102841
0 0.8952306 0.2812600 0.1047694 0.1102841
0 0.8989071 0.1728041 0.1010929 0.1102841
0 0.9062600 0.2794218 0.0937400 0.1470488
0 0.9246424 0.2978041 0.0753576 0.1102841
