0 0.4283188 0.0478041 0.2021959 0.2021959
0 0.4558924 0.0753776 0.1470488 0.1470488
0 0.4724365 0.4264806 0.2021959 0.2021959
0 0.4742747 0.0937600 0.1102841 0.1102841
0 0.5000100 0.4540541 0.1470488 0.1470488
0 0.5183924 0.4724365 0.1102841 0.1102841
0 0.5275835 0.6452306 0.2021959 0.2021959
0 0.5386129 0.2978041 0.2021959 0.2021959
0 0.5551571 0.6728041 0.1470488 0.1470488
0 0.5661865 0.3253776 0.1470488 0.1470488
0 0.5735394 0.6911865 0.1102841 0.1102841
0 0.5845688 0.3437600 0.1102841 0.1102841
0 0.6011129 0.5183924 0.2021959 0.2021959
0 0.6286865 0.5459659 0.1470488 0.1470488
0 0.6323629 0.6213335 0.2021959 0.2021959
0 0.6470688 0.5643482 0.1102841 0.1102841
0 0.6544218 0.7169218 0.2021959 0.2021959
0 0.6599365 0.6489071 0.1470488 0.1470488
0 0.6783188 0.6672894 0.1102841 0.1102841
0 0.6819953 0.7444953 0.1470488 0.1470488
0 0.7003776 0.7628776 0.1102841 0.1102841
0 0.7389806 0.0092012 0.2021959 0.2021959
0 0.7573629 0.4025835 0.2021959 0.2021959
0 0.7665541 0.0367747 0.1470488 0.1470488
0 0.7849365 0.0551571 0.1102841 0.1102841
0 0.7849365 0.4301571 0.1470488 0.1470488
0 0.8033188 0.1691276 0.1966812 0.2021959
0 0.8033188 0.4485394 0.1102841 0.1102841
0 0.8308924 0.1967012 0.1470488 0.1470488
0 0.8492747 0.2150835 0.1102841 0.1102841
