0 0.0000100 0.0533188 0.1341812 0.2021959
0 0.0000100 0.0808924 0.1066076 0.1470488
0 0.0000100 0.0992747 0.0882253 0.1102841
0 0.0000100 0.3198629 0.1544018 0.2021959
0 0.0000100 0.3474365 0.1268282 0.1470488
0 0.0000100 0.3658188 0.1084459 0.1102841
0 0.0000100 0.6415541 0.1396959 0.2021959
0 0.0000100 0.6691276 0.1121224 0.1470488
0 0.0000100 0.6875100 0.0937400 0.1102841
0 0.0000100 0.8713335 0.1562400 0.1286665
0 0.0000100 0.8989071 0.1286665 0.1010929
0 0.0000100 0.9172894 0.1102841 0.0827106
0 0.0275835 0.0000100 0.2021959 0.1911665
0 0.0367747 0.6378776 0.2021959 0.2021959
0 0.0551571 0.0165541 0.1470488 0.1470488
0 0.0643482 0.6654512 0.1470488 0.1470488
0 0.0735394 0.0349365 0.1102841 0.1102841
0 0.0735394 0.7389806 0.2021959 0.2021959
0 0.0827306 0.6838335 0.1102841 0.1102841
0 0.1011129 0.7665541 0.1470488 0.1470488
0 0.1084659 0.1930247 0.2021959 0.2021959
0 0.1103041 0.3823629 0.2021959 0.2021959
0 0.1103041 0.5055247 0.2021959 0.2021959
0 0.1158188 0.0790541 0.2021959 0.2021959
0 0.1194953 0.7849365 0.1102841 0.1102841
0 0.1305247 0.3474365 0.2021959 0.2021959
0 0.1360394 0.2205982 0.1470488 0.1470488
0 0.1360394 0.4650835 0.2021959 0.2021959
0 0.1378776 0.4099365 0.1470488 0.1470488
0 0.1378776 0.5330982 0.1470488 0.1470488
0 0.1415541 0.1948629 0.2021959 0.2021959
0 0.1433924 0.1066276 0.1470488 0.1470488
0 0.1544218 0.2389806 0.1102841 0.1102841
0 0.1562600 0.4283188 0.1102841 0.1102841
0 0.1562600 0.5514806 0.1102841 0.1102841
0 0.1580982 0.3750100 0.1470488 0.1470488
0 0.1617747 0.1250100 0.1102841 0.1102841
0 0.1636129 0.4926571 0.1470488 0.1470488
0 0.1691276 0.2224365 0.1470488 0.1470488
0 0.1764806 0.3933924 0.1102841 0.1102841
0 0.1819953 0.5110394 0.1102841 0.1102841
0 0.1856718 0.0000100 0.2021959 0.1838135
0 0.1875100 0.2408188 0.1102841 0.1102841
0 0.2132453 0.0092012 0.1470488 0.1470488
0 0.2316276 0.0275835 0.1102841 0.1102841
0 0.2996424 0.4301571 0.2021959 0.2021959
0 0.3235394 0.1691276 0.2021959 0.2021959
0 0.3272159 0.4577306 0.1470488 0.1470488
0 0.3455982 0.4761129 0.1102841 0.1102841
0 0.3511129 0.1967012 0.1470488 0.1470488
0 0.3694953 0.2150835 0.1102841 0.1102841
0 0.4062600 0.0000100 0.2021959 0.1691076
0 0.4062600 0.4136129 0.2021959 0.2021959
0 0.4338335 0.0000100 0.1470488 0.1415341
0 0.4338335 0.4411865 0.1470488 0.1470488
0 0.4522159 0.0128776 0.1102841 0.1102841
0 0.4522159 0.4595688 0.1102841 0.1102841
0 0.4522159 0.6286865 0.2021959 0.2021959
0 0.4797894 0.6562600 0.1470488 0.1470488
0 0.4853041 0.5974365 0.2021959 0.2021959
0 0.4908188 0.6746424 0.2021959 0.2021959
0 0.4981718 0.6746424 0.1102841 0.1102841
0 0.5036865 0.3143482 0.2021959 0.2021959
0 0.5036865 0.7665541 0.2021959 0.2021959
0 0.5128776 0.6250100 0.1470488 0.1470488
0 0.5183924 0.7022159 0.1470488 0.1470488
0 0.5312600 0.3419218 0.1470488 0.1470488
0 0.5312600 0.6433924 0.1102841 0.1102841
0 0.5312600 0.7941276 0.1470488 0.1470488
0 0.5367747 0.7205982 0.1102841 0.1102841
0 0.5496424 0.3603041 0.1102841 0.1102841
0 0.5496424 0.8125100 0.1102841 0.1102841
0 0.5588335 0.1672894 0.2021959 0.2021959
0 0.5606718 0.0827306 0.2021959 0.2021959
0 0.5625100 0.0000100 0.2021959 0.1157988
0 0.5864071 0.1948629 0.1470488 0.1470488
0 0.5882453 0.1103041 0.1470488 0.1470488
0 0.5900835 0.0000100 0.1470488 0.0882253
0 0.6047894 0.2132453 0.1102841 0.1102841
0 0.6066276 0.1286865 0.1102841 0.1102841
0 0.6084659 0.0000100 0.1102841 0.0698429
