0 0.0000100 0.0000100 0.1360194 0.1194753
0 0.0000100 0.0000100 0.1084459 0.0919018
0 0.0000100 0.0000100 0.0900635 0.0735194
0 0.0000100 0.1875100 0.1249900 0.2021959
0 0.0000100 0.2150835 0.0974165 0.1470488
0 0.0000100 0.2334659 0.0790341 0.1102841
0 0.0000100 0.3860394 0.1010929 0.2021959
0 0.0000100 0.4136129 0.0735194 0.1470488
0 0.0000100 0.4319953 0.0551371 0.1102841
0 0.0000100 0.5845688 0.1599165 0.2021959
0 0.0000100 0.6121424 0.1323429 0.1470488
0 0.0036865 0.6305247 0.1102841 0.1102841
0 0.0147159 0.8897159 0.2021959 0.1102841
0 0.0422894 0.9172894 0.1470488 0.0827106
0 0.0606718 0.9356718 0.1102841 0.0643282
0 0.0735394 0.0625100 0.2757253 0.2757253
0 0.0753776 0.4356718 0.2021959 0.2021959
0 0.0808924 0.6489071 0.2021959 0.2021959
0 0.1029512 0.4632453 0.1470488 0.1470488
0 0.1084659 0.6764806 0.1470488 0.1470488
0 0.1103041 0.0992747 0.2021959 0.2021959
0 0.1213335 0.4816276 0.1102841 0.1102841
0 0.1268482 0.6948629 0.1102841 0.1102841
0 0.1378776 0.1268482 0.1470488 0.1470488
0 0.2592012 0.5036865 0.2021959 0.2021959
0 0.2757453 0.7867747 0.2021959 0.2021959
0 0.2775835 0.6856718 0.2021959 0.2021959
0 0.2867747 0.5312600 0.1470488 0.1470488
0 0.3033188 0.8143482 0.1470488 0.1470488
0 0.3051571 0.5496424 0.1102841 0.1102841
0 0.3051571 0.7132453 0.1470488 0.1470488
0 0.3217012 0.8327306 0.1102841 0.1102841
0 0.3235394 0.7316276 0.1102841 0.1102841
0 0.3272159 0.2996424 0.2021959 0.2021959
0 0.3547894 0.3272159 0.1470488 0.1470488
0 0.3731718 0.3455982 0.1102841 0.1102841
0 0.4025835 0.6415541 0.2021959 0.2021959
0 0.4117747 0.1194953 0.2757253 0.2757253
0 0.4301571 0.6691276 0.1470488 0.1470488
0 0.4485394 0.1562600 0.2021959 0.2021959
0 0.4485394 0.6875100 0.1102841 0.1102841
0 0.4650835 0.2720688 0.2021959 0.2021959
0 0.4761129 0.1838335 0.1470488 0.1470488
0 0.4926571 0.2996424 0.1470488 0.1470488
0 0.5110394 0.3180247 0.1102841 0.1102841
0 0.5183924 0.4614071 0.2021959 0.2021959
0 0.5459659 0.4889806 0.1470488 0.1470488
0 0.5643482 0.5073629 0.1102841 0.1102841
