0 0.0000100 0.7426571 0.1047694 0.2021959
0 0.0000100 0.7702306 0.0771959 0.1470488
0 0.0000100 0.7886129 0.0588135 0.1102841
0 0.1305247 0.4614071 0.2021959 0.2021959
0 0.1580982 0.4889806 0.1470488 0.1470488
0 0.1764806 0.5073629 0.1102841 0.1102841
0 0.2242747 0.7003776 0.2021959 0.2021959
0 0.2518482 0.7279512 0.1470488 0.1470488
0 0.2702306 0.7463335 0.1102841 0.1102841
0 0.2941276 0.8455982 0.2021959 0.1544018
0 0.3217012 0.8731718 0.1470488 0.1268282
0 0.3400835 0.8915541 0.1102841 0.1084459
