0 0.1066276 0.3272159 0.0919018 0.0919018
0 0.1948629 0.0864071 0.0919018 0.0919018
0 0.2040541 0.2849365 0.0919018 0.0919018
0 0.3106718 0.4319953 0.0919018 0.0919018
0 0.3511129 0.2150835 0.0919018 0.0919018
0 0.3768482 0.6967012 0.1102841 0.1102841
0 0.4540541 0.2279512 0.0919018 0.0919018
0 0.4614071 0.0000100 0.0919018 0.0551371
0 0.5349365 0.1893482 0.0919018 0.0919018
0 0.5606718 0.2739071 0.0919018 0.0919018
0 0.5955982 0.0441276 0.0919018 0.0919018
0 0.6305247 0.1985394 0.0919018 0.0919018
0 0.8290541 0.6323629 0.0919018 0.0919018
0 0.9503776 0.5514806 0.0496224 0.0919018
