0 0.0000100 0.0165541 0.1727841 0.2021959
0 0.0000100 0.0441276 0.1452106 0.1470488
0 0.0000100 0.1562600 0.1764606 0.2021959
0 0.0000100 0.3621424 0.1488871 0.2021959
0 0.0000100 0.3897159 0.1213135 0.1470488
0 0.0000100 0.4080982 0.1029312 0.1102841
0 0.0000100 0.5055247 0.1433724 0.2021959
0 0.0000100 0.5330982 0.1157988 0.1470488
0 0.0000100 0.5514806 0.0974165 0.1102841
0 0.0018482 0.1838335 0.1470488 0.1470488
0 0.0165541 0.0625100 0.1102841 0.1102841
0 0.0202306 0.2022159 0.1102841 0.1102841
0 0.0790541 0.6489071 0.2021959 0.2021959
0 0.1066276 0.6764806 0.1470488 0.1470488
0 0.1139806 0.7739071 0.2021959 0.2021959
0 0.1250100 0.6948629 0.1102841 0.1102841
0 0.1342012 0.6176571 0.2021959 0.2021959
0 0.1415541 0.8014806 0.1470488 0.1470488
0 0.1489071 0.4705982 0.2021959 0.2021959
0 0.1599365 0.8198629 0.1102841 0.1102841
0 0.1617747 0.6452306 0.1470488 0.1470488
0 0.1764806 0.4981718 0.1470488 0.1470488
0 0.1801571 0.6636129 0.1102841 0.1102841
0 0.1948629 0.5165541 0.1102841 0.1102841
0 0.2316276 0.1985394 0.2021959 0.2021959
0 0.2592012 0.2261129 0.1470488 0.1470488
0 0.2592012 0.3621424 0.2021959 0.2021959
0 0.2775835 0.2444953 0.1102841 0.1102841
0 0.2812600 0.5790541 0.2021959 0.2021959
0 0.2867747 0.3897159 0.1470488 0.1470488
0 0.2867747 0.7702306 0.2021959 0.2021959
0 0.3051571 0.4080982 0.1102841 0.1102841
0 0.3088335 0.6066276 0.1470488 0.1470488
0 0.3143482 0.7978041 0.1470488 0.1470488
0 0.3272159 0.6250100 0.1102841 0.1102841
0 0.3327306 0.8161865 0.1102841 0.1102841
0 0.4154512 0.4614071 0.2021959 0.2021959
0 0.4172894 0.1580982 0.2021959 0.2021959
0 0.4191276 0.8492747 0.2021959 0.1507253
0 0.4430247 0.4889806 0.1470488 0.1470488
0 0.4448629 0.1856718 0.1470488 0.1470488
0 0.4467012 0.8768482 0.1470488 0.1231518
0 0.4485394 0.0330982 0.2021959 0.2021959
0 0.4485394 0.3143482 0.2021959 0.2021959
0 0.4503776 0.4650835 0.2757253 0.2757253
0 0.4614071 0.5073629 0.1102841 0.1102841
0 0.4632453 0.2040541 0.1102841 0.1102841
0 0.4650835 0.8952306 0.1102841 0.1047694
0 0.4761129 0.0606718 0.1470488 0.1470488
0 0.4761129 0.3419218 0.1470488 0.1470488
0 0.4871424 0.5018482 0.2021959 0.2021959
0 0.4944953 0.0790541 0.1102841 0.1102841
0 0.4944953 0.3603041 0.1102841 0.1102841
0 0.5147159 0.5294218 0.1470488 0.1470488
0 0.5239071 0.6029512 0.2021959 0.2021959
0 0.5514806 0.6305247 0.1470488 0.1470488
0 0.5661865 0.3621424 0.2021959 0.2021959
0 0.5698629 0.6489071 0.1102841 0.1102841
0 0.5937600 0.3897159 0.1470488 0.1470488
0 0.6047894 0.0000100 0.2021959 0.1231518
0 0.6121424 0.4080982 0.1102841 0.1102841
0 0.6323629 0.0000100 0.1470488 0.0955782
0 0.6342012 0.4816276 0.2021959 0.2021959
0 0.6507453 0.0000100 0.1102841 0.0771959
0 0.6617747 0.5092012 0.1470488 0.1470488
0 0.6617747 0.7316276 0.2021959 0.2021959
0 0.6654512 0.6066276 0.2021959 0.2021959
0 0.6801571 0.5275835 0.1102841 0.1102841
0 0.6893482 0.7592012 0.1470488 0.1470488
0 0.6930247 0.6342012 0.1470488 0.1470488
0 0.7077306 0.7775835 0.1102841 0.1102841
0 0.7114071 0.6525835 0.1102841 0.1102841
0 0.7444953 0.4540541 0.2021959 0.2021959
0 0.7720688 0.4816276 0.1470488 0.1470488
0 0.7904512 0.5000100 0.1102841 0.1102841
0 0.8014806 0.8290541 0.1985194 0.1709459
0 0.8290541 0.8566276 0.1470488 0.1433724
0 0.8474365 0.8750100 0.1102841 0.1102841
0 0.8529512 0.7040541 0.1470488 0.2021959
0 0.8584659 0.0937600 0.1415341 0.2021959
0 0.8805247 0.7316276 0.1194753 0.1470488
0 0.8860394 0.1213335 0.1139606 0.1470488
0 0.8933924 0.2978041 0.1066076 0.2021959
0 0.8989071 0.7500100 0.1010929 0.1102841
0 0.9044218 0.1397159 0.0955782 0.1102841
0 0.9209659 0.3253776 0.0790341 0.1470488
0 0.9393482 0.3437600 0.0606518 0.1102841
