0 0.0000100 0.3970688 0.0680047 0.0919018
0 0.0000100 0.4724365 0.0698429 0.0919018
0 0.0000100 0.5202306 0.0735194 0.0919018
0 0.0000100 0.6911865 0.0588135 0.0919018
0 0.0000100 0.9411865 0.0845488 0.0588135
0 0.0018482 0.0000100 0.0919018 0.0735194
0 0.0018482 0.8161865 0.0919018 0.0919018
0 0.0092012 0.3051571 0.0919018 0.0919018
0 0.0239071 0.6360394 0.1470488 0.1470488
0 0.0330982 0.6011129 0.0919018 0.0919018
0 0.0422894 0.9485394 0.0919018 0.0514606
0 0.0643482 0.7353041 0.0919018 0.0919018
0 0.0698629 0.2665541 0.0919018 0.0919018
0 0.0790541 0.5864071 0.0919018 0.0919018
0 0.0827306 0.4025835 0.0919018 0.0919018
0 0.1011129 0.4558924 0.0919018 0.0919018
0 0.1084659 0.5036865 0.0919018 0.0919018
0 0.1103041 0.6525835 0.0919018 0.0919018
0 0.1213335 0.6158188 0.0919018 0.0919018
0 0.1360394 0.5680247 0.0919018 0.0919018
0 0.1415541 0.1654512 0.0919018 0.0919018
0 0.1415541 0.3033188 0.0919018 0.0919018
0 0.1415541 0.3658188 0.1102841 0.1102841
0 0.1452306 0.4467012 0.0919018 0.0919018
0 0.1489071 0.7169218 0.0919018 0.0919018
0 0.1507453 0.8750100 0.0919018 0.0919018
0 0.1654512 0.0496424 0.0919018 0.0919018
0 0.1672894 0.7647159 0.0919018 0.0919018
0 0.1746424 0.0000100 0.0919018 0.0496224
0 0.1746424 0.0055247 0.0919018 0.0919018
0 0.1911865 0.0900835 0.0919018 0.0919018
0 0.1948629 0.1819953 0.1102841 0.1102841
0 0.1967012 0.4467012 0.0919018 0.0919018
0 0.2242747 0.4375100 0.0919018 0.0919018
0 0.2261129 0.5312600 0.0919018 0.0919018
0 0.2353041 0.3860394 0.0919018 0.0919018
0 0.2426571 0.7628776 0.0919018 0.0919018
0 0.2444953 0.8547894 0.0919018 0.0919018
0 0.2463335 0.2205982 0.0919018 0.0919018
0 0.2555247 0.1525835 0.0919018 0.0919018
0 0.2683924 0.1194953 0.0919018 0.0919018
0 0.2867747 0.2775835 0.0919018 0.0919018
0 0.3161865 0.1764806 0.0919018 0.0919018
0 0.3180247 0.7022159 0.0919018 0.0919018
0 0.3419218 0.2573629 0.0919018 0.0919018
0 0.3492747 0.8842012 0.0919018 0.0919018
0 0.3547894 0.2022159 0.1470488 0.1470488
0 0.3621424 0.8529512 0.0919018 0.0919018
0 0.3786865 0.2775835 0.0919018 0.0919018
0 0.3842012 0.7536865 0.0919018 0.0919018
0 0.3878776 0.8106718 0.0919018 0.0919018
0 0.4411865 0.7114071 0.1102841 0.1102841
0 0.4540541 0.4908188 0.0919018 0.0919018
0 0.4742747 0.3455982 0.0919018 0.0919018
0 0.5036865 0.5404512 0.0919018 0.0919018
0 0.5110394 0.6856718 0.1102841 0.1102841
0 0.5275835 0.2592012 0.0919018 0.0919018
0 0.5386129 0.1911865 0.0919018 0.0919018
0 0.5551571 0.3437600 0.1102841 0.1102841
0 0.5661865 0.3033188 0.0919018 0.0919018
0 0.5808924 0.7922894 0.0919018 0.0919018
0 0.5937600 0.7444953 0.0919018 0.0919018
0 0.6011129 0.2665541 0.0919018 0.0919018
0 0.6029512 0.5937600 0.0919018 0.0919018
0 0.6084659 0.1286865 0.0919018 0.0919018
0 0.6323629 0.0937600 0.1102841 0.1102841
0 0.6378776 0.7886129 0.0919018 0.0919018
0 0.6580982 0.8805247 0.1102841 0.1102841
0 0.6599365 0.5569953 0.0919018 0.0919018
0 0.6728041 0.6856718 0.0919018 0.0919018
0 0.7114071 0.6525835 0.0919018 0.0919018
0 0.7334659 0.7205982 0.0919018 0.0919018
0 0.7353041 0.8455982 0.0919018 0.0919018
0 0.7408188 0.7978041 0.0919018 0.0919018
0 0.7739071 0.9117747 0.0919018 0.0882253
0 0.8308924 0.8327306 0.1102841 0.1102841
0 0.8492747 0.7849365 0.0919018 0.0919018
0 0.8731718 0.9209659 0.0919018 0.0790341
0 0.8970688 0.9522159 0.0919018 0.0477841
0 0.9375100 0.8584659 0.0624900 0.0919018
0 0.9430247 0.7867747 0.0569753 0.0919018
