0 0.0018482 0.8768482 0.0919018 0.0919018
0 0.0018482 0.9264806 0.0919018 0.0735194
0 0.0036865 0.7463335 0.0919018 0.0919018
0 0.0055247 0.2518482 0.0919018 0.0919018
0 0.0128776 0.7242747 0.0919018 0.0919018
0 0.0220688 0.8474365 0.0919018 0.0919018
0 0.0459659 0.6691276 0.0919018 0.0919018
0 0.0625100 0.5147159 0.1470488 0.1470488
0 0.0900835 0.8345688 0.0919018 0.0919018
0 0.1047894 0.7371424 0.0919018 0.0919018
0 0.1066276 0.4228041 0.0919018 0.0919018
0 0.1286865 0.3658188 0.0919018 0.0919018
0 0.1323629 0.2058924 0.1102841 0.1102841
0 0.1470688 0.6415541 0.0919018 0.0919018
0 0.1654512 0.8014806 0.0919018 0.0919018
0 0.1746424 0.5992747 0.0919018 0.0919018
0 0.1875100 0.4963335 0.0919018 0.0919018
0 0.1911865 0.4558924 0.0919018 0.0919018
0 0.1930247 0.5349365 0.0919018 0.0919018
0 0.2077306 0.3878776 0.0919018 0.0919018
0 0.2169218 0.8750100 0.0919018 0.0919018
0 0.2279512 0.7481718 0.0919018 0.0919018
0 0.2812600 0.3345688 0.1470488 0.1470488
0 0.2904512 0.4632453 0.0919018 0.0919018
0 0.3051571 0.5330982 0.0919018 0.0919018
0 0.3051571 0.9154512 0.0919018 0.0845488
0 0.3217012 0.8694953 0.0919018 0.0919018
0 0.3253776 0.9338335 0.0919018 0.0661665
0 0.3272159 0.4908188 0.0919018 0.0919018
0 0.3272159 0.5919218 0.0919018 0.0919018
0 0.3419218 0.8106718 0.0919018 0.0919018
0 0.3492747 0.4522159 0.0919018 0.0919018
0 0.3511129 0.4889806 0.0919018 0.0919018
0 0.3805247 0.3933924 0.0919018 0.0919018
0 0.3860394 0.8033188 0.0919018 0.0919018
0 0.3878776 0.5128776 0.0919018 0.0919018
0 0.3970688 0.7279512 0.0919018 0.0919018
0 0.4191276 0.9467012 0.0919018 0.0532988
0 0.4632453 0.7518482 0.0919018 0.0919018
0 0.4650835 0.5000100 0.0919018 0.0919018
0 0.4742747 0.8584659 0.0919018 0.0919018
0 0.5661865 0.4908188 0.0919018 0.0919018
0 0.5698629 0.6158188 0.0919018 0.0919018
0 0.5790541 0.5533188 0.0919018 0.0919018
0 0.5900835 0.5275835 0.0919018 0.0919018
0 0.6139806 0.3364071 0.0919018 0.0919018
0 0.6360394 0.4797894 0.0919018 0.0919018
