0 0.2389806 0.0533188 0.2021959 0.2021959
0 0.2665541 0.0808924 0.1470488 0.1470488
0 0.2849365 0.0992747 0.1102841 0.1102841
0 0.3253776 0.0000100 0.2021959 0.2003576
0 0.3529512 0.0257453 0.1470488 0.1470488
0 0.3566276 0.0422894 0.2021959 0.2021959
0 0.3713335 0.0441276 0.1102841 0.1102841
0 0.3842012 0.0698629 0.1470488 0.1470488
0 0.4025835 0.0882453 0.1102841 0.1102841
0 0.4540541 0.0000100 0.2021959 0.1452106
0 0.4705982 0.3860394 0.2021959 0.2021959
0 0.4816276 0.0000100 0.1470488 0.1176371
0 0.4981718 0.4136129 0.1470488 0.1470488
0 0.5000100 0.0000100 0.1102841 0.0992547
0 0.5165541 0.4319953 0.1102841 0.1102841
0 0.5367747 0.2444953 0.2757253 0.2757253
0 0.5588335 0.6047894 0.2021959 0.2021959
0 0.5735394 0.2812600 0.2021959 0.2021959
0 0.5772159 0.3805247 0.2021959 0.2021959
0 0.5864071 0.6323629 0.1470488 0.1470488
0 0.6011129 0.3088335 0.1470488 0.1470488
0 0.6047894 0.4080982 0.1470488 0.1470488
0 0.6047894 0.6507453 0.1102841 0.1102841
0 0.6231718 0.4264806 0.1102841 0.1102841
0 0.6323629 0.5569953 0.2021959 0.2021959
0 0.6415541 0.6139806 0.2021959 0.2021959
0 0.6599365 0.5845688 0.1470488 0.1470488
0 0.6691276 0.6415541 0.1470488 0.1470488
0 0.6783188 0.6029512 0.1102841 0.1102841
0 0.6875100 0.6599365 0.1102841 0.1102841
0 0.8033188 0.3878776 0.1966812 0.2021959
0 0.8308924 0.4154512 0.1470488 0.1470488
0 0.8492747 0.4338335 0.1102841 0.1102841
