0 0.0000100 0.2922894 0.1911665 0.2021959
0 0.0000100 0.3327306 0.1672694 0.2021959
0 0.0000100 0.3603041 0.1396959 0.1470488
0 0.0000100 0.4209659 0.1507253 0.2021959
0 0.0000100 0.4485394 0.1231518 0.1470488
0 0.0000100 0.4669218 0.1047694 0.1102841
0 0.0110394 0.3786865 0.1102841 0.1102841
0 0.0165541 0.3198629 0.1470488 0.1470488
0 0.0349365 0.3382453 0.1102841 0.1102841
0 0.0386129 0.1819953 0.2021959 0.2021959
0 0.0478041 0.4356718 0.2021959 0.2021959
0 0.0496424 0.0478041 0.2021959 0.2021959
0 0.0514806 0.1360394 0.2021959 0.2021959
0 0.0606718 0.2224365 0.2021959 0.2021959
0 0.0661865 0.0808924 0.2021959 0.2021959
0 0.0661865 0.2095688 0.1470488 0.1470488
0 0.0753776 0.4632453 0.1470488 0.1470488
0 0.0772159 0.0753776 0.1470488 0.1470488
0 0.0790541 0.1636129 0.1470488 0.1470488
0 0.0790541 0.3253776 0.2021959 0.2021959
0 0.0845688 0.0000100 0.2021959 0.1617547
0 0.0845688 0.2279512 0.1102841 0.1102841
0 0.0882453 0.2500100 0.1470488 0.1470488
0 0.0919218 0.0000100 0.2021959 0.1966812
0 0.0937600 0.1084659 0.1470488 0.1470488
0 0.0937600 0.4816276 0.1102841 0.1102841
0 0.0955982 0.0937600 0.1102841 0.1102841
0 0.0974365 0.1819953 0.1102841 0.1102841
0 0.1066276 0.2683924 0.1102841 0.1102841
0 0.1066276 0.3529512 0.1470488 0.1470488
0 0.1121424 0.0000100 0.1470488 0.1341812
0 0.1121424 0.1268482 0.1102841 0.1102841
0 0.1194953 0.0220688 0.1470488 0.1470488
0 0.1250100 0.3713335 0.1102841 0.1102841
0 0.1305247 0.0055247 0.1102841 0.1102841
0 0.1360394 0.0588335 0.2021959 0.2021959
0 0.1378776 0.0404512 0.1102841 0.1102841
0 0.1525835 0.4595688 0.2021959 0.2021959
0 0.1580982 0.1819953 0.2021959 0.2021959
0 0.1636129 0.0864071 0.1470488 0.1470488
0 0.1636129 0.3805247 0.2021959 0.2021959
0 0.1801571 0.4871424 0.1470488 0.1470488
0 0.1819953 0.1047894 0.1102841 0.1102841
0 0.1856718 0.2095688 0.1470488 0.1470488
0 0.1911865 0.4080982 0.1470488 0.1470488
0 0.1948629 0.0000100 0.2021959 0.1488871
0 0.1985394 0.5055247 0.1102841 0.1102841
0 0.2040541 0.2279512 0.1102841 0.1102841
0 0.2095688 0.4264806 0.1102841 0.1102841
0 0.2224365 0.0000100 0.1470488 0.1213135
0 0.2408188 0.0000100 0.1102841 0.1029312
0 0.2481718 0.0000100 0.2021959 0.1213135
0 0.2757453 0.0000100 0.1470488 0.0937400
0 0.2941276 0.0000100 0.1102841 0.0753576
0 0.3897159 0.3033188 0.2757253 0.2757253
0 0.4264806 0.3400835 0.2021959 0.2021959
0 0.4540541 0.3676571 0.1470488 0.1470488
0 0.4853041 0.0018482 0.2021959 0.2021959
0 0.5110394 0.1047894 0.2021959 0.2021959
0 0.5128776 0.0294218 0.1470488 0.1470488
0 0.5312600 0.0478041 0.1102841 0.1102841
0 0.5386129 0.1323629 0.1470488 0.1470488
0 0.5422894 0.0000100 0.2021959 0.1966812
0 0.5569953 0.1507453 0.1102841 0.1102841
0 0.5698629 0.0220688 0.1470488 0.1470488
0 0.5845688 0.1360394 0.2021959 0.2021959
0 0.5882453 0.0404512 0.1102841 0.1102841
0 0.6121424 0.1636129 0.1470488 0.1470488
0 0.6139806 0.1268482 0.2021959 0.2021959
0 0.6305247 0.1819953 0.1102841 0.1102841
0 0.6415541 0.1544218 0.1470488 0.1470488
0 0.6599365 0.1728041 0.1102841 0.1102841
