0 0.0000100 0.1967012 0.1176371 0.2021959
0 0.0000100 0.2242747 0.0900635 0.1470488
0 0.0000100 0.2426571 0.0716812 0.1102841
0 0.1856718 0.5330982 0.2021959 0.2021959
0 0.2132453 0.5606718 0.1470488 0.1470488
0 0.2224365 0.1746424 0.2021959 0.2021959
0 0.2316276 0.5790541 0.1102841 0.1102841
0 0.2500100 0.2022159 0.1470488 0.1470488
0 0.2500100 0.2904512 0.2021959 0.2021959
0 0.2683924 0.2205982 0.1102841 0.1102841
0 0.2775835 0.3180247 0.1470488 0.1470488
0 0.2941276 0.1967012 0.2021959 0.2021959
0 0.2959659 0.3364071 0.1102841 0.1102841
0 0.3106718 0.3198629 0.2021959 0.2021959
0 0.3217012 0.2242747 0.1470488 0.1470488
0 0.3382453 0.3474365 0.1470488 0.1470488
0 0.3400835 0.2426571 0.1102841 0.1102841
0 0.3566276 0.3658188 0.1102841 0.1102841
0 0.6305247 0.6268482 0.2021959 0.2021959
0 0.6580982 0.6544218 0.1470488 0.1470488
0 0.6764806 0.6728041 0.1102841 0.1102841
