0 0.0000100 0.5294218 0.0661665 0.0919018
0 0.0000100 0.6415541 0.0919018 0.0919018
0 0.0257453 0.2555247 0.0919018 0.0919018
0 0.0404512 0.2978041 0.0919018 0.0919018
0 0.0661865 0.5128776 0.0919018 0.0919018
0 0.0661865 0.5625100 0.0919018 0.0919018
0 0.0680247 0.5367747 0.0919018 0.0919018
0 0.0808924 0.4761129 0.0919018 0.0919018
0 0.0808924 0.6139806 0.0919018 0.0919018
0 0.0827306 0.2886129 0.0919018 0.0919018
0 0.1029512 0.4908188 0.0919018 0.0919018
0 0.1194953 0.2739071 0.0919018 0.0919018
0 0.1231718 0.4687600 0.0919018 0.0919018
0 0.1250100 0.5312600 0.0919018 0.0919018
0 0.2040541 0.5110394 0.0919018 0.0919018
0 0.2114071 0.4264806 0.0919018 0.0919018
0 0.2334659 0.4614071 0.0919018 0.0919018
0 0.3823629 0.3989071 0.0919018 0.0919018
