0 0.0000100 0.6194953 0.0771959 0.0919018
0 0.0036865 0.4044218 0.0919018 0.0919018
0 0.0367747 0.3878776 0.0919018 0.0919018
0 0.0496424 0.8713335 0.0919018 0.0919018
0 0.0772159 0.8014806 0.0919018 0.0919018
0 0.0974365 0.9136129 0.0919018 0.0863871
0 0.1250100 0.3198629 0.0919018 0.0919018
0 0.1250100 0.9448629 0.0919018 0.0551371
0 0.1323629 0.3731718 0.0919018 0.0919018
0 0.1709659 0.2022159 0.0919018 0.0919018
0 0.1746424 0.3014806 0.0919018 0.0919018
0 0.1911865 0.3400835 0.0919018 0.0919018
0 0.2022159 0.1764806 0.0919018 0.0919018
0 0.2187600 0.3933924 0.0919018 0.0919018
0 0.2592012 0.7187600 0.0919018 0.0919018
0 0.2775835 0.0625100 0.0919018 0.0919018
0 0.2830982 0.3952306 0.0919018 0.0919018
0 0.2922894 0.7261129 0.0919018 0.0919018
0 0.3051571 0.4044218 0.0919018 0.0919018
0 0.3290541 0.2279512 0.0919018 0.0919018
0 0.3345688 0.1011129 0.0919018 0.0919018
0 0.3382453 0.1599365 0.0919018 0.0919018
0 0.3713335 0.1856718 0.0919018 0.0919018
0 0.3731718 0.0955982 0.0919018 0.0919018
0 0.3933924 0.0900835 0.0919018 0.0919018
0 0.4025835 0.1452306 0.0919018 0.0919018
0 0.4099365 0.3805247 0.0919018 0.0919018
0 0.4136129 0.9191276 0.0919018 0.0808724
0 0.4319953 0.4816276 0.0919018 0.0919018
0 0.4558924 0.7261129 0.0919018 0.0919018
0 0.4742747 0.1599365 0.0919018 0.0919018
0 0.5073629 0.7095688 0.0919018 0.0919018
0 0.5165541 0.2592012 0.0919018 0.0919018
0 0.5349365 0.7334659 0.0919018 0.0919018
0 0.5680247 0.5000100 0.0919018 0.0919018
0 0.5753776 0.3253776 0.0919018 0.0919018
0 0.5753776 0.8272159 0.0919018 0.0919018
0 0.6213335 0.8272159 0.0919018 0.0919018
0 0.6378776 0.7371424 0.0919018 0.0919018
0 0.6489071 0.6470688 0.0919018 0.0919018
0 0.7205982 0.6967012 0.0919018 0.0919018
0 0.7959659 0.5459659 0.0919018 0.0919018
0 0.8364071 0.8051571 0.0919018 0.0919018
0 0.8658188 0.6599365 0.0919018 0.0919018
0 0.9319953 0.7812600 0.0680047 0.0919018
