0 0.0000100 0.3933924 0.1709459 0.2021959
0 0.0000100 0.4209659 0.1433724 0.1470488
0 0.0147159 0.4393482 0.1102841 0.1102841
0 0.0257453 0.0000100 0.2021959 0.1084459
0 0.0386129 0.2941276 0.2021959 0.2021959
0 0.0533188 0.0000100 0.1470488 0.0808724
0 0.0551571 0.6691276 0.2021959 0.2021959
0 0.0606718 0.3419218 0.2021959 0.2021959
0 0.0661865 0.3217012 0.1470488 0.1470488
0 0.0717012 0.0000100 0.1102841 0.0624900
0 0.0827306 0.6967012 0.1470488 0.1470488
0 0.0845688 0.3400835 0.1102841 0.1102841
0 0.0882453 0.3694953 0.1470488 0.1470488
0 0.1011129 0.7150835 0.1102841 0.1102841
0 0.1047894 0.4577306 0.2021959 0.2021959
0 0.1066276 0.3878776 0.1102841 0.1102841
0 0.1139806 0.2536865 0.2021959 0.2021959
0 0.1139806 0.3253776 0.2021959 0.2021959
0 0.1323629 0.4853041 0.1470488 0.1470488
0 0.1415541 0.2812600 0.1470488 0.1470488
0 0.1415541 0.3529512 0.1470488 0.1470488
0 0.1507453 0.5036865 0.1102841 0.1102841
0 0.1599365 0.2996424 0.1102841 0.1102841
0 0.1599365 0.3713335 0.1102841 0.1102841
0 0.1599365 0.8161865 0.2021959 0.1838135
0 0.1856718 0.3584659 0.2021959 0.2021959
0 0.1875100 0.8437600 0.1470488 0.1470488
0 0.2058924 0.6305247 0.2021959 0.2021959
0 0.2058924 0.8621424 0.1102841 0.1102841
0 0.2132453 0.3860394 0.1470488 0.1470488
0 0.2316276 0.4044218 0.1102841 0.1102841
0 0.2334659 0.6580982 0.1470488 0.1470488
0 0.2518482 0.6764806 0.1102841 0.1102841
0 0.2555247 0.7849365 0.2021959 0.2021959
0 0.2830982 0.8125100 0.1470488 0.1470488
0 0.3014806 0.8308924 0.1102841 0.1102841
0 0.3033188 0.6139806 0.2021959 0.2021959
0 0.3143482 0.7003776 0.2021959 0.2021959
0 0.3198629 0.2592012 0.2021959 0.2021959
0 0.3235394 0.2922894 0.2021959 0.2021959
0 0.3308924 0.6415541 0.1470488 0.1470488
0 0.3400835 0.5772159 0.2757253 0.2757253
0 0.3419218 0.7279512 0.1470488 0.1470488
0 0.3474365 0.2867747 0.1470488 0.1470488
0 0.3492747 0.6599365 0.1102841 0.1102841
0 0.3511129 0.3198629 0.1470488 0.1470488
0 0.3603041 0.7463335 0.1102841 0.1102841
0 0.3658188 0.3051571 0.1102841 0.1102841
0 0.3694953 0.3382453 0.1102841 0.1102841
0 0.3768482 0.6139806 0.2021959 0.2021959
0 0.3989071 0.8088335 0.2021959 0.1911665
0 0.4044218 0.6415541 0.1470488 0.1470488
0 0.4264806 0.8364071 0.1470488 0.1470488
0 0.4448629 0.8547894 0.1102841 0.1102841
0 0.4650835 0.3566276 0.2021959 0.2021959
0 0.4834659 0.5239071 0.2021959 0.2021959
0 0.4926571 0.3842012 0.1470488 0.1470488
0 0.5110394 0.4025835 0.1102841 0.1102841
0 0.5110394 0.5514806 0.1470488 0.1470488
0 0.5220688 0.6452306 0.2021959 0.2021959
0 0.5294218 0.5698629 0.1102841 0.1102841
0 0.5496424 0.6728041 0.1470488 0.1470488
0 0.5680247 0.6911865 0.1102841 0.1102841
