0 0.0000100 0.0661865 0.1341812 0.2021959
0 0.0000100 0.0937600 0.1066076 0.1470488
0 0.0000100 0.1121424 0.0882253 0.1102841
0 0.0000100 0.7683924 0.1157988 0.2021959
0 0.0000100 0.7959659 0.0882253 0.1470488
0 0.0000100 0.8143482 0.0698429 0.1102841
0 0.0055247 0.2426571 0.2021959 0.2021959
0 0.0330982 0.2702306 0.1470488 0.1470488
0 0.0514806 0.2886129 0.1102841 0.1102841
0 0.0992747 0.5036865 0.2021959 0.2021959
0 0.1268482 0.5312600 0.1470488 0.1470488
0 0.1452306 0.5496424 0.1102841 0.1102841
0 0.1544218 0.1397159 0.2021959 0.2021959
0 0.1819953 0.1672894 0.1470488 0.1470488
0 0.1911865 0.5257453 0.2021959 0.2021959
0 0.1967012 0.0220688 0.2021959 0.2021959
0 0.2003776 0.1856718 0.1102841 0.1102841
0 0.2095688 0.7610394 0.2021959 0.2021959
0 0.2187600 0.5533188 0.1470488 0.1470488
0 0.2242747 0.0496424 0.1470488 0.1470488
0 0.2371424 0.5717012 0.1102841 0.1102841
0 0.2371424 0.7886129 0.1470488 0.1470488
0 0.2426571 0.0680247 0.1102841 0.1102841
0 0.2555247 0.8069953 0.1102841 0.1102841
0 0.2849365 0.7573629 0.2757253 0.2426371
0 0.2922894 0.2022159 0.2757253 0.2757253
0 0.3217012 0.7941276 0.2021959 0.2021959
0 0.3290541 0.2389806 0.2021959 0.2021959
0 0.3492747 0.8217012 0.1470488 0.1470488
0 0.3566276 0.2665541 0.1470488 0.1470488
0 0.3805247 0.5257453 0.2021959 0.2021959
0 0.4080982 0.5533188 0.1470488 0.1470488
0 0.4264806 0.5717012 0.1102841 0.1102841
0 0.4632453 0.2297894 0.2021959 0.2021959
0 0.4889806 0.7169218 0.2021959 0.2021959
0 0.4908188 0.2573629 0.1470488 0.1470488
0 0.5055247 0.3382453 0.2021959 0.2021959
0 0.5092012 0.2757453 0.1102841 0.1102841
0 0.5165541 0.7444953 0.1470488 0.1470488
0 0.5330982 0.3658188 0.1470488 0.1470488
0 0.5349365 0.7628776 0.1102841 0.1102841
0 0.5367747 0.5239071 0.2021959 0.2021959
0 0.5514806 0.1875100 0.2021959 0.2021959
0 0.5514806 0.3842012 0.1102841 0.1102841
0 0.5643482 0.5514806 0.1470488 0.1470488
0 0.5790541 0.2150835 0.1470488 0.1470488
0 0.5827306 0.5698629 0.1102841 0.1102841
0 0.5974365 0.2334659 0.1102841 0.1102841
0 0.6213335 0.7573629 0.2021959 0.2021959
0 0.6489071 0.7849365 0.1470488 0.1470488
0 0.6580982 0.5533188 0.2021959 0.2021959
0 0.6672894 0.8033188 0.1102841 0.1102841
0 0.6856718 0.5808924 0.1470488 0.1470488
0 0.7040541 0.5992747 0.1102841 0.1102841
0 0.7334659 0.0827306 0.2021959 0.2021959
0 0.7610394 0.1103041 0.1470488 0.1470488
0 0.7647159 0.6489071 0.2021959 0.2021959
0 0.7794218 0.1286865 0.1102841 0.1102841
0 0.7922894 0.6764806 0.1470488 0.1470488
0 0.8014806 0.2187600 0.1985194 0.2757253
0 0.8033188 0.5147159 0.1966812 0.2021959
0 0.8106718 0.6948629 0.1102841 0.1102841
0 0.8308924 0.5422894 0.1470488 0.1470488
0 0.8364071 0.0422894 0.1635929 0.2021959
0 0.8382453 0.2555247 0.1617547 0.2021959
0 0.8492747 0.5606718 0.1102841 0.1102841
0 0.8639806 0.0698629 0.1360194 0.1470488
0 0.8639806 0.3364071 0.1360194 0.2021959
0 0.8658188 0.2830982 0.1341812 0.1470488
0 0.8823629 0.0882453 0.1102841 0.1102841
0 0.8915541 0.3639806 0.1084459 0.1470488
0 0.9099365 0.3823629 0.0900635 0.1102841
