0 0.0202306 0.4797894 0.2757253 0.2757253
0 0.0569953 0.5165541 0.2021959 0.2021959
0 0.0845688 0.5441276 0.1470488 0.1470488
0 0.2353041 0.5845688 0.2757253 0.2757253
0 0.2720688 0.6213335 0.2021959 0.2021959
0 0.2996424 0.6489071 0.1470488 0.1470488
0 0.4742747 0.4908188 0.2021959 0.2021959
0 0.5018482 0.5183924 0.1470488 0.1470488
0 0.5202306 0.5367747 0.1102841 0.1102841
0 0.7132453 0.0386129 0.2021959 0.2021959
0 0.7408188 0.0661865 0.1470488 0.1470488
0 0.7592012 0.0845688 0.1102841 0.1102841
