0 0.2830982 0.7077306 0.2757253 0.2757253
0 0.3198629 0.7444953 0.2021959 0.2021959
0 0.3474365 0.7720688 0.1470488 0.1470488
0 0.4834659 0.3952306 0.2021959 0.2021959
0 0.5110394 0.4228041 0.1470488 0.1470488
0 0.5294218 0.4411865 0.1102841 0.1102841
0 0.6305247 0.4485394 0.2021959 0.2021959
0 0.6580982 0.4761129 0.1470488 0.1470488
0 0.6764806 0.4944953 0.1102841 0.1102841
0 0.6893482 0.2610394 0.2021959 0.2021959
0 0.7022159 0.4246424 0.2021959 0.2021959
0 0.7169218 0.2886129 0.1470488 0.1470488
0 0.7297894 0.4522159 0.1470488 0.1470488
0 0.7353041 0.3069953 0.1102841 0.1102841
0 0.7481718 0.4705982 0.1102841 0.1102841
0 0.8253776 0.8970688 0.1746224 0.1029312
0 0.8529512 0.9246424 0.1470488 0.0753576
0 0.8547894 0.3290541 0.1452106 0.2021959
0 0.8547894 0.8713335 0.1452106 0.1286665
0 0.8713335 0.9430247 0.1102841 0.0569753
0 0.8823629 0.3566276 0.1176371 0.1470488
0 0.8823629 0.3676571 0.1176371 0.2021959
0 0.8823629 0.8989071 0.1176371 0.1010929
0 0.8915541 0.6158188 0.1084459 0.2021959
0 0.9007453 0.3750100 0.0992547 0.1102841
0 0.9007453 0.9172894 0.0992547 0.0827106
0 0.9099365 0.3952306 0.0900635 0.1470488
0 0.9191276 0.6433924 0.0808724 0.1470488
0 0.9283188 0.4136129 0.0716812 0.1102841
0 0.9375100 0.6617747 0.0624900 0.1102841
