0 0.2132453 0.7739071 0.2021959 0.2021959
0 0.2408188 0.8014806 0.1470488 0.1470488
0 0.2592012 0.8198629 0.1102841 0.1102841
0 0.3437600 0.5735394 0.2021959 0.2021959
0 0.3713335 0.6011129 0.1470488 0.1470488
0 0.3897159 0.6194953 0.1102841 0.1102841
0 0.4485394 0.6985394 0.2021959 0.2021959
0 0.4761129 0.7261129 0.1470488 0.1470488
0 0.4944953 0.7444953 0.1102841 0.1102841
0 0.5606718 0.7867747 0.2757253 0.2132253
0 0.5974365 0.8235394 0.2021959 0.1764606
0 0.6250100 0.8511129 0.1470488 0.1470488
