0 0.0000100 0.8786865 0.1213135 0.1213135
0 0.0000100 0.9062600 0.0937400 0.0937400
0 0.0000100 0.9246424 0.0753576 0.0753576
0 0.0239071 0.6691276 0.2021959 0.2021959
0 0.0514806 0.6967012 0.1470488 0.1470488
0 0.0698629 0.7150835 0.1102841 0.1102841
0 0.1194953 0.1029512 0.2021959 0.2021959
0 0.1470688 0.1305247 0.1470488 0.1470488
0 0.1654512 0.1489071 0.1102841 0.1102841
0 0.3915541 0.6893482 0.2021959 0.2021959
0 0.4191276 0.7169218 0.1470488 0.1470488
0 0.4375100 0.7353041 0.1102841 0.1102841
0 0.4448629 0.6342012 0.2021959 0.2021959
0 0.4724365 0.6617747 0.1470488 0.1470488
0 0.4908188 0.6801571 0.1102841 0.1102841
