0 0.0312600 0.8639806 0.2021959 0.1360194
0 0.0588335 0.8915541 0.1470488 0.1084459
0 0.0772159 0.9099365 0.1102841 0.0900635
0 0.2702306 0.7978041 0.2021959 0.2021959
0 0.2794218 0.8437600 0.2021959 0.1562400
0 0.2978041 0.8253776 0.1470488 0.1470488
0 0.3069953 0.8713335 0.1470488 0.1286665
0 0.3161865 0.8437600 0.1102841 0.1102841
0 0.3253776 0.8897159 0.1102841 0.1102841
0 0.6911865 0.7720688 0.2021959 0.2021959
0 0.7022159 0.2224365 0.2021959 0.2021959
0 0.7187600 0.7996424 0.1470488 0.1470488
0 0.7297894 0.2500100 0.1470488 0.1470488
0 0.7371424 0.8180247 0.1102841 0.1102841
0 0.7426571 0.4375100 0.2021959 0.2021959
0 0.7481718 0.2683924 0.1102841 0.1102841
0 0.7702306 0.4650835 0.1470488 0.1470488
0 0.7886129 0.2959659 0.2021959 0.2021959
0 0.7886129 0.4834659 0.1102841 0.1102841
0 0.8161865 0.3235394 0.1470488 0.1470488
0 0.8345688 0.3419218 0.1102841 0.1102841
0 0.8694953 0.3603041 0.1305047 0.2021959
0 0.8970688 0.3878776 0.1029312 0.1470488
0 0.9154512 0.4062600 0.0845488 0.1102841
