0 0.4981718 0.1286865 0.0919018 0.0919018
0 0.5073629 0.1746424 0.1102841 0.1102841
0 0.5092012 0.0882453 0.0919018 0.0919018
0 0.5404512 0.0000100 0.0919018 0.0882253
0 0.5753776 0.2665541 0.0919018 0.0919018
0 0.6268482 0.1047894 0.0919018 0.0919018
0 0.6415541 0.5698629 0.0919018 0.0919018
0 0.6728041 0.2481718 0.0919018 0.0919018
0 0.6783188 0.5275835 0.0919018 0.0919018
0 0.7022159 0.2941276 0.0919018 0.0919018
0 0.7500100 0.4981718 0.0919018 0.0919018
0 0.7518482 0.6158188 0.0919018 0.0919018
0 0.8235394 0.1617747 0.0919018 0.0919018
0 0.9062600 0.1930247 0.0919018 0.0919018
0 0.9154512 0.1433924 0.0845488 0.0919018
