0 0.3364071 0.6838335 0.2757253 0.2757253
0 0.3731718 0.7205982 0.2021959 0.2021959
0 0.4007453 0.7481718 0.1470488 0.1470488
0 0.7481718 0.1893482 0.2021959 0.2021959
0 0.7647159 0.2242747 0.2352841 0.2757253
0 0.7757453 0.2169218 0.1470488 0.1470488
0 0.7941276 0.2353041 0.1102841 0.1102841
0 0.8014806 0.2610394 0.1985194 0.2021959
0 0.8290541 0.2886129 0.1470488 0.1470488
0 0.8878776 0.0735394 0.1121224 0.2021959
0 0.9154512 0.1011129 0.0845488 0.1470488
0 0.9338335 0.1194953 0.0661665 0.1102841
