0 0.0000100 0.3382453 0.1323429 0.2021959
0 0.0000100 0.3658188 0.1047694 0.1470488
0 0.0000100 0.3842012 0.0863871 0.1102841
0 0.3308924 0.4871424 0.2757253 0.2757253
0 0.3676571 0.5239071 0.2021959 0.2021959
0 0.3952306 0.5514806 0.1470488 0.1470488
0 0.4080982 0.8970688 0.2021959 0.1029312
0 0.4356718 0.9246424 0.1470488 0.0753576
0 0.4540541 0.9430247 0.1102841 0.0569753
0 0.4724365 0.5717012 0.2021959 0.2021959
0 0.5000100 0.5992747 0.1470488 0.1470488
0 0.5183924 0.6176571 0.1102841 0.1102841
