0 0.0036865 0.2978041 0.2021959 0.2021959
0 0.0312600 0.3253776 0.1470488 0.1470488
0 0.0496424 0.3437600 0.1102841 0.1102841
0 0.2886129 0.3308924 0.2021959 0.2021959
0 0.3161865 0.3584659 0.1470488 0.1470488
0 0.3345688 0.3768482 0.1102841 0.1102841
0 0.3639806 0.5239071 0.2021959 0.2021959
0 0.3915541 0.5514806 0.1470488 0.1470488
0 0.4099365 0.5698629 0.1102841 0.1102841
0 0.4650835 0.7941276 0.2021959 0.2021959
0 0.4926571 0.8217012 0.1470488 0.1470488
0 0.5110394 0.8400835 0.1102841 0.1102841
0 0.5900835 0.4540541 0.2021959 0.2021959
0 0.6176571 0.4816276 0.1470488 0.1470488
0 0.6360394 0.5000100 0.1102841 0.1102841
