0 0.1930247 0.6011129 0.2021959 0.2021959
0 0.2205982 0.6286865 0.1470488 0.1470488
0 0.2389806 0.6470688 0.1102841 0.1102841
0 0.4099365 0.5808924 0.2021959 0.2021959
0 0.4375100 0.6084659 0.1470488 0.1470488
0 0.4558924 0.6268482 0.1102841 0.1102841
0 0.4963335 0.0422894 0.2021959 0.2021959
0 0.5018482 0.3106718 0.2021959 0.2021959
0 0.5239071 0.0698629 0.1470488 0.1470488
0 0.5294218 0.3382453 0.1470488 0.1470488
0 0.5422894 0.0882453 0.1102841 0.1102841
0 0.5478041 0.3566276 0.1102841 0.1102841
0 0.7408188 0.0000100 0.2021959 0.1893282
0 0.7408188 0.2261129 0.2021959 0.2021959
0 0.7683924 0.0147159 0.1470488 0.1470488
0 0.7683924 0.2536865 0.1470488 0.1470488
0 0.7867747 0.0330982 0.1102841 0.1102841
0 0.7867747 0.2720688 0.1102841 0.1102841
