0 0.0000100 0.0000100 0.2021959 0.1764606
0 0.0000100 0.4430247 0.1010929 0.2021959
0 0.0000100 0.4705982 0.0735194 0.1470488
0 0.0000100 0.4889806 0.0551371 0.1102841
0 0.0275835 0.0018482 0.1470488 0.1470488
0 0.0459659 0.0202306 0.1102841 0.1102841
0 0.0514806 0.1047894 0.2021959 0.2021959
0 0.0790541 0.1323629 0.1470488 0.1470488
0 0.0974365 0.1507453 0.1102841 0.1102841
0 0.1378776 0.8161865 0.2757253 0.1838135
0 0.1746424 0.8529512 0.2021959 0.1470488
0 0.2022159 0.8805247 0.1470488 0.1194753
0 0.2941276 0.7849365 0.2021959 0.2021959
0 0.3217012 0.8125100 0.1470488 0.1470488
0 0.3400835 0.8308924 0.1102841 0.1102841
0 0.4338335 0.5790541 0.2021959 0.2021959
0 0.4614071 0.6066276 0.1470488 0.1470488
0 0.4797894 0.6250100 0.1102841 0.1102841
0 0.5533188 0.0073629 0.2021959 0.2021959
0 0.5808924 0.0349365 0.1470488 0.1470488
0 0.5992747 0.0533188 0.1102841 0.1102841
0 0.7408188 0.3474365 0.2021959 0.2021959
0 0.7683924 0.3750100 0.1470488 0.1470488
0 0.7867747 0.3933924 0.1102841 0.1102841
0 0.8180247 0.1066276 0.1819753 0.2021959
0 0.8364071 0.6764806 0.1635929 0.2021959
0 0.8455982 0.1342012 0.1470488 0.1470488
0 0.8639806 0.1525835 0.1102841 0.1102841
0 0.8639806 0.7040541 0.1360194 0.1470488
0 0.8823629 0.7224365 0.1102841 0.1102841
