0 0.0000100 0.7187600 0.2591812 0.2757253
0 0.0110394 0.1378776 0.2021959 0.2021959
0 0.0165541 0.0000100 0.2021959 0.1911665
0 0.0202306 0.7555247 0.2021959 0.2021959
0 0.0386129 0.1654512 0.1470488 0.1470488
0 0.0441276 0.0165541 0.1470488 0.1470488
0 0.0478041 0.7830982 0.1470488 0.1470488
0 0.0569953 0.1838335 0.1102841 0.1102841
0 0.0625100 0.0349365 0.1102841 0.1102841
0 0.1783188 0.5312600 0.2021959 0.2021959
0 0.2058924 0.5588335 0.1470488 0.1470488
0 0.2242747 0.5772159 0.1102841 0.1102841
0 0.2444953 0.7500100 0.2021959 0.2021959
0 0.2592012 0.0680247 0.2021959 0.2021959
0 0.2720688 0.7775835 0.1470488 0.1470488
0 0.2867747 0.0955982 0.1470488 0.1470488
0 0.2904512 0.7959659 0.1102841 0.1102841
0 0.3051571 0.1139806 0.1102841 0.1102841
0 0.4209659 0.3198629 0.2021959 0.2021959
0 0.4228041 0.8603041 0.2021959 0.1396959
0 0.4485394 0.3474365 0.1470488 0.1470488
0 0.4503776 0.8878776 0.1470488 0.1121224
0 0.4669218 0.3658188 0.1102841 0.1102841
0 0.4687600 0.6819953 0.2757253 0.2757253
0 0.4687600 0.9062600 0.1102841 0.0937400
0 0.5055247 0.7187600 0.2021959 0.2021959
0 0.5330982 0.7463335 0.1470488 0.1470488
