0 0.3731718 0.0000100 0.2021959 0.1231518
0 0.4007453 0.0000100 0.1470488 0.0955782
0 0.4025835 0.1654512 0.2021959 0.2021959
0 0.4191276 0.0000100 0.1102841 0.0771959
0 0.4301571 0.1930247 0.1470488 0.1470488
0 0.4485394 0.2114071 0.1102841 0.1102841
0 0.4871424 0.7830982 0.2021959 0.2021959
0 0.5147159 0.8106718 0.1470488 0.1470488
0 0.5330982 0.8290541 0.1102841 0.1102841
0 0.6268482 0.2261129 0.2021959 0.2021959
0 0.6544218 0.2536865 0.1470488 0.1470488
0 0.6728041 0.2720688 0.1102841 0.1102841
