0 0.2610394 0.8823629 0.0919018 0.0919018
0 0.5036865 0.3952306 0.1470488 0.1470488
0 0.6029512 0.8290541 0.0919018 0.0919018
0 0.6029512 0.9044218 0.0919018 0.0919018
0 0.6194953 0.8033188 0.0919018 0.0919018
0 0.6525835 0.9338335 0.0919018 0.0661665
0 0.7040541 0.8676571 0.0919018 0.0919018
0 0.7058924 0.7702306 0.1102841 0.1102841
0 0.7683924 0.2555247 0.0919018 0.0919018
0 0.7794218 0.9264806 0.0919018 0.0735194
0 0.8511129 0.3492747 0.0919018 0.0919018
0 0.8989071 0.2592012 0.0919018 0.0919018
