0 0.3069953 0.9411865 0.0919018 0.0588135
0 0.3805247 0.7224365 0.0919018 0.0919018
0 0.5606718 0.7389806 0.0919018 0.0919018
0 0.5643482 0.8069953 0.0919018 0.0919018
0 0.5992747 0.8217012 0.1102841 0.1102841
0 0.6121424 0.8768482 0.0919018 0.0919018
0 0.6213335 0.9025835 0.0919018 0.0919018
0 0.6415541 0.8492747 0.0919018 0.0919018
0 0.6856718 0.7518482 0.0919018 0.0919018
0 0.7040541 0.7849365 0.0919018 0.0919018
0 0.7886129 0.8272159 0.0919018 0.0919018
0 0.8253776 0.4246424 0.1470488 0.1470488
0 0.8400835 0.1709659 0.0919018 0.0919018
0 0.8639806 0.3878776 0.0919018 0.0919018
0 0.8676571 0.8933924 0.0919018 0.0919018
0 0.8989071 0.3713335 0.0919018 0.0919018
0 0.9025835 0.1544218 0.0919018 0.0919018
0 0.9025835 0.9117747 0.0974165 0.0882253
