0 0.0000100 0.1342012 0.1341812 0.2021959
0 0.0000100 0.1617747 0.1066076 0.1470488
0 0.0000100 0.1801571 0.0882253 0.1102841
0 0.0000100 0.3400835 0.1396959 0.2021959
0 0.0000100 0.3676571 0.1121224 0.1470488
0 0.0000100 0.3860394 0.0937400 0.1102841
0 0.0882453 0.7683924 0.2021959 0.2021959
0 0.0937600 0.4926571 0.2021959 0.2021959
0 0.1158188 0.7959659 0.1470488 0.1470488
0 0.1213335 0.5202306 0.1470488 0.1470488
0 0.1231718 0.6029512 0.2021959 0.2021959
0 0.1342012 0.8143482 0.1102841 0.1102841
0 0.1397159 0.5386129 0.1102841 0.1102841
0 0.1507453 0.6305247 0.1470488 0.1470488
0 0.1691276 0.6489071 0.1102841 0.1102841
0 0.1783188 0.0661865 0.2021959 0.2021959
0 0.2058924 0.0937600 0.1470488 0.1470488
0 0.2242747 0.1121424 0.1102841 0.1102841
0 0.2757453 0.0459659 0.2021959 0.2021959
0 0.3014806 0.1470688 0.2021959 0.2021959
0 0.3014806 0.8088335 0.2021959 0.1911665
0 0.3033188 0.0735394 0.1470488 0.1470488
0 0.3217012 0.0919218 0.1102841 0.1102841
0 0.3253776 0.6139806 0.2021959 0.2021959
0 0.3290541 0.1746424 0.1470488 0.1470488
0 0.3290541 0.8364071 0.1470488 0.1470488
0 0.3474365 0.1930247 0.1102841 0.1102841
0 0.3474365 0.8547894 0.1102841 0.1102841
0 0.3529512 0.6415541 0.1470488 0.1470488
0 0.3713335 0.6599365 0.1102841 0.1102841
0 0.3731718 0.7334659 0.2021959 0.2021959
0 0.3842012 0.4669218 0.2021959 0.2021959
0 0.4007453 0.7610394 0.1470488 0.1470488
0 0.4117747 0.3492747 0.2021959 0.2021959
0 0.4117747 0.4944953 0.1470488 0.1470488
0 0.4191276 0.7794218 0.1102841 0.1102841
0 0.4301571 0.5128776 0.1102841 0.1102841
0 0.4393482 0.3768482 0.1470488 0.1470488
0 0.4577306 0.3952306 0.1102841 0.1102841
0 0.4724365 0.4558924 0.2021959 0.2021959
0 0.5000100 0.4834659 0.1470488 0.1470488
0 0.5183924 0.5018482 0.1102841 0.1102841
0 0.7077306 0.0000100 0.2021959 0.1157988
0 0.7353041 0.0000100 0.1470488 0.0882253
0 0.7518482 0.3272159 0.2481518 0.2757253
0 0.7536865 0.0000100 0.1102841 0.0698429
0 0.7720688 0.0698629 0.2021959 0.2021959
0 0.7886129 0.3639806 0.2021959 0.2021959
0 0.7922894 0.0000100 0.2021959 0.1249900
0 0.7996424 0.0974365 0.1470488 0.1470488
0 0.8106718 0.0000100 0.1893282 0.1819753
0 0.8161865 0.3915541 0.1470488 0.1470488
0 0.8180247 0.1158188 0.1102841 0.1102841
0 0.8198629 0.0000100 0.1470488 0.0974165
0 0.8382453 0.0000100 0.1102841 0.0790341
0 0.8382453 0.0073629 0.1470488 0.1470488
0 0.8566276 0.0257453 0.1102841 0.1102841
