0 0.0000100 0.6231718 0.1580782 0.2021959
0 0.0000100 0.6507453 0.1305047 0.1470488
0 0.0018482 0.6691276 0.1102841 0.1102841
0 0.1507453 0.2978041 0.2021959 0.2021959
0 0.1783188 0.3253776 0.1470488 0.1470488
0 0.1967012 0.3437600 0.1102841 0.1102841
0 0.4467012 0.3566276 0.2021959 0.2021959
0 0.4742747 0.3842012 0.1470488 0.1470488
0 0.4926571 0.4025835 0.1102841 0.1102841
0 0.5183924 0.8915541 0.2021959 0.1084459
0 0.5459659 0.9191276 0.1470488 0.0808724
0 0.5643482 0.9375100 0.1102841 0.0624900
0 0.7095688 0.7794218 0.2021959 0.2021959
0 0.7371424 0.8069953 0.1470488 0.1470488
0 0.7555247 0.8253776 0.1102841 0.1102841
0 0.8125100 0.5882453 0.1874900 0.2021959
0 0.8400835 0.6158188 0.1470488 0.1470488
0 0.8584659 0.6342012 0.1102841 0.1102841
