0 0.0000100 0.0496424 0.0496224 0.0919018
0 0.0000100 0.8970688 0.0827106 0.0919018
0 0.0036865 0.1360394 0.0919018 0.0919018
0 0.0294218 0.2077306 0.1470488 0.1470488
0 0.0294218 0.3235394 0.0919018 0.0919018
0 0.0312600 0.7058924 0.0919018 0.0919018
0 0.0422894 0.1194953 0.0919018 0.0919018
0 0.1286865 0.4117747 0.0919018 0.0919018
0 0.1305247 0.1544218 0.0919018 0.0919018
0 0.1415541 0.7794218 0.0919018 0.0919018
0 0.1525835 0.6654512 0.0919018 0.0919018
0 0.1599365 0.2739071 0.0919018 0.0919018
0 0.1599365 0.8915541 0.0919018 0.0919018
0 0.1819953 0.5404512 0.0919018 0.0919018
0 0.2058924 0.7959659 0.0919018 0.0919018
0 0.2592012 0.2904512 0.0919018 0.0919018
0 0.2775835 0.0845688 0.0919018 0.0919018
0 0.2812600 0.3897159 0.0919018 0.0919018
0 0.3069953 0.0000100 0.1470488 0.0974165
0 0.3069953 0.4908188 0.0919018 0.0919018
0 0.3125100 0.1930247 0.0919018 0.0919018
0 0.3180247 0.7408188 0.0919018 0.0919018
0 0.3474365 0.5680247 0.0919018 0.0919018
0 0.4080982 0.8235394 0.0919018 0.0919018
0 0.4117747 0.2702306 0.0919018 0.0919018
0 0.4136129 0.4779512 0.0919018 0.0919018
0 0.4191276 0.6636129 0.0919018 0.0919018
0 0.4338335 0.4154512 0.0919018 0.0919018
0 0.4926571 0.3603041 0.0919018 0.0919018
0 0.5147159 0.8621424 0.0919018 0.0919018
0 0.5239071 0.6452306 0.0919018 0.0919018
0 0.5312600 0.0275835 0.0919018 0.0919018
0 0.5478041 0.1470688 0.0919018 0.0919018
0 0.5514806 0.7794218 0.0919018 0.0919018
0 0.5551571 0.2702306 0.0919018 0.0919018
0 0.5790541 0.2536865 0.0919018 0.0919018
0 0.5864071 0.5239071 0.0919018 0.0919018
0 0.6066276 0.9246424 0.0919018 0.0753576
0 0.6231718 0.0514806 0.0919018 0.0919018
0 0.6525835 0.0735394 0.0919018 0.0919018
0 0.6580982 0.4154512 0.0919018 0.0919018
0 0.6599365 0.6103041 0.0919018 0.0919018
0 0.6709659 0.4797894 0.1470488 0.1470488
0 0.7114071 0.8290541 0.0919018 0.0919018
0 0.7316276 0.5312600 0.0919018 0.0919018
0 0.7389806 0.2389806 0.0919018 0.0919018
0 0.7518482 0.7408188 0.0919018 0.0919018
0 0.7573629 0.4558924 0.0919018 0.0919018
0 0.7830982 0.0000100 0.0919018 0.0845488
0 0.7849365 0.1489071 0.0919018 0.0919018
0 0.8033188 0.4154512 0.0919018 0.0919018
0 0.8308924 0.0000100 0.1470488 0.0735194
0 0.8400835 0.6452306 0.0919018 0.0919018
0 0.8511129 0.4926571 0.0919018 0.0919018
0 0.8584659 0.1967012 0.0919018 0.0919018
0 0.8915541 0.3584659 0.0919018 0.0919018
0 0.8933924 0.7794218 0.0919018 0.0919018
0 0.9264806 0.1875100 0.0735194 0.0919018
0 0.9283188 0.9044218 0.0716812 0.0919018
