0 0.0753776 0.2150835 0.0919018 0.0919018
0 0.1452306 0.0955982 0.0919018 0.0919018
0 0.1691276 0.2132453 0.0919018 0.0919018
0 0.1875100 0.0717012 0.0919018 0.0919018
0 0.3235394 0.0992747 0.0919018 0.0919018
0 0.3713335 0.3290541 0.1470488 0.1470488
0 0.3989071 0.2665541 0.0919018 0.0919018
0 0.4264806 0.0000100 0.1470488 0.1231518
0 0.4430247 0.1470688 0.0919018 0.0919018
0 0.6139806 0.1893482 0.0919018 0.0919018
0 0.6470688 0.3897159 0.1470488 0.1470488
0 0.7242747 0.1672894 0.0919018 0.0919018
0 0.7481718 0.0643482 0.0919018 0.0919018
0 0.8217012 0.2389806 0.1470488 0.1470488
0 0.8823629 0.0000100 0.0919018 0.0551371
0 0.9448629 0.0772159 0.0551371 0.0919018
