0 0.1158188 0.5900835 0.0919018 0.0919018
0 0.2187600 0.6158188 0.0919018 0.0919018
0 0.2720688 0.8327306 0.0919018 0.0919018
0 0.4319953 0.9375100 0.0919018 0.0624900
0 0.4558924 0.8106718 0.0919018 0.0919018
0 0.4816276 0.6985394 0.0919018 0.0919018
0 0.4981718 0.5073629 0.0919018 0.0919018
0 0.5202306 0.6544218 0.0919018 0.0919018
0 0.5422894 0.4301571 0.1470488 0.1470488
0 0.5422894 0.9375100 0.0919018 0.0624900
0 0.5533188 0.6709659 0.0919018 0.0919018
0 0.5661865 0.8419218 0.0919018 0.0919018
0 0.6084659 0.5717012 0.0919018 0.0919018
0 0.6268482 0.6856718 0.0919018 0.0919018
0 0.6856718 0.9154512 0.0919018 0.0845488
0 0.6967012 0.3842012 0.0919018 0.0919018
0 0.7040541 0.6084659 0.0919018 0.0919018
0 0.7592012 0.5036865 0.0919018 0.0919018
0 0.7647159 0.3970688 0.0919018 0.0919018
0 0.7794218 0.6121424 0.0919018 0.0919018
0 0.8125100 0.7500100 0.0919018 0.0919018
0 0.8327306 0.4136129 0.0919018 0.0919018
0 0.8364071 0.6672894 0.0919018 0.0919018
0 0.9025835 0.8198629 0.0919018 0.0919018
0 0.9246424 0.9025835 0.0753576 0.0919018
0 0.9467012 0.5036865 0.0532988 0.0919018
