0 0.0735394 0.0845688 0.0919018 0.0919018
0 0.2334659 0.0000100 0.0919018 0.0827106
0 0.2757453 0.0790541 0.0919018 0.0919018
0 0.2867747 0.2426571 0.0919018 0.0919018
0 0.3125100 0.0000100 0.0919018 0.0790341
0 0.3658188 0.0514806 0.0919018 0.0919018
0 0.3786865 0.1911865 0.0919018 0.0919018
0 0.4540541 0.0845688 0.0919018 0.0919018
0 0.4595688 0.0000100 0.0919018 0.0680047
0 0.4650835 0.3364071 0.1470488 0.1470488
0 0.4742747 0.2077306 0.0919018 0.0919018
0 0.5055247 0.0110394 0.0919018 0.0919018
0 0.5183924 0.1783188 0.0919018 0.0919018
0 0.5257453 0.2775835 0.0919018 0.0919018
0 0.5827306 0.3511129 0.0919018 0.0919018
0 0.5900835 0.3786865 0.0919018 0.0919018
0 0.6158188 0.4301571 0.0919018 0.0919018
0 0.6176571 0.1176571 0.0919018 0.0919018
0 0.6213335 0.0000100 0.0919018 0.0698429
0 0.6250100 0.2628776 0.0919018 0.0919018
0 0.6323629 0.3088335 0.0919018 0.0919018
0 0.6342012 0.2003776 0.0919018 0.0919018
0 0.6599365 0.3970688 0.0919018 0.0919018
0 0.7058924 0.3014806 0.0919018 0.0919018
0 0.7261129 0.4154512 0.0919018 0.0919018
0 0.7518482 0.4246424 0.1470488 0.1470488
0 0.7536865 0.1893482 0.0919018 0.0919018
0 0.7665541 0.0900835 0.0919018 0.0919018
0 0.8400835 0.0110394 0.0919018 0.0919018
0 0.8989071 0.3217012 0.0919018 0.0919018
0 0.9025835 0.0000100 0.0919018 0.0698429
0 0.9044218 0.4705982 0.0919018 0.0919018
0 0.9154512 0.0827306 0.0845488 0.0919018
