0 0.0000100 0.5661865 0.0827106 0.0919018
0 0.0000100 0.6801571 0.0827106 0.0919018
0 0.0000100 0.8180247 0.0919018 0.0919018
0 0.0625100 0.4448629 0.0919018 0.0919018
0 0.0753776 0.9191276 0.1470488 0.0808724
0 0.0992747 0.8437600 0.0919018 0.0919018
0 0.1139806 0.6691276 0.0919018 0.0919018
0 0.1323629 0.7408188 0.0919018 0.0919018
0 0.1544218 0.4834659 0.0919018 0.0919018
0 0.1801571 0.6029512 0.0919018 0.0919018
0 0.2169218 0.3658188 0.0919018 0.0919018
0 0.2389806 0.7628776 0.0919018 0.0919018
0 0.2444953 0.6378776 0.0919018 0.0919018
0 0.2463335 0.9172894 0.0919018 0.0827106
0 0.2904512 0.8345688 0.0919018 0.0919018
0 0.3217012 0.6103041 0.0919018 0.0919018
0 0.3290541 0.2647159 0.0919018 0.0919018
0 0.3345688 0.5220688 0.0919018 0.0919018
0 0.3400835 0.7297894 0.0919018 0.0919018
0 0.3658188 0.9301571 0.0919018 0.0698429
0 0.3933924 0.4025835 0.0919018 0.0919018
0 0.4705982 0.7812600 0.0919018 0.0919018
0 0.4926571 0.5937600 0.0919018 0.0919018
0 0.5404512 0.4283188 0.0919018 0.0919018
0 0.5551571 0.8768482 0.0919018 0.0919018
0 0.5661865 0.5147159 0.0919018 0.0919018
0 0.5919218 0.7353041 0.0919018 0.0919018
0 0.5974365 0.6029512 0.0919018 0.0919018
0 0.6728041 0.8474365 0.0919018 0.0919018
0 0.7058924 0.7279512 0.0919018 0.0919018
0 0.7077306 0.4871424 0.0919018 0.0919018
0 0.7150835 0.1783188 0.0919018 0.0919018
0 0.7205982 0.9301571 0.0919018 0.0698429
0 0.7316276 0.6231718 0.0919018 0.0919018
0 0.7408188 0.3878776 0.0919018 0.0919018
0 0.7886129 0.2922894 0.0919018 0.0919018
0 0.8106718 0.7610394 0.0919018 0.0919018
0 0.8290541 0.6029512 0.0919018 0.0919018
0 0.8382453 0.8529512 0.0919018 0.0919018
0 0.8639806 0.1728041 0.0919018 0.0919018
0 0.9080982 0.4485394 0.0919018 0.0919018
0 0.9411865 0.5110394 0.0588135 0.0919018
0 0.9485394 0.6470688 0.0514606 0.0919018
