0 0.0000100 0.8731718 0.1157988 0.1268282
0 0.0000100 0.9007453 0.0882253 0.0992547
0 0.0000100 0.9191276 0.0698429 0.0808724
0 0.0147159 0.4228041 0.2021959 0.2021959
0 0.0422894 0.4503776 0.1470488 0.1470488
0 0.0606718 0.4687600 0.1102841 0.1102841
0 0.0625100 0.5147159 0.2021959 0.2021959
0 0.0698629 0.0386129 0.2021959 0.2021959
0 0.0900835 0.5422894 0.1470488 0.1470488
0 0.0974365 0.0661865 0.1470488 0.1470488
0 0.1084659 0.5606718 0.1102841 0.1102841
0 0.1158188 0.0845688 0.1102841 0.1102841
0 0.1875100 0.2444953 0.2021959 0.2021959
0 0.2150835 0.2720688 0.1470488 0.1470488
0 0.2334659 0.2904512 0.1102841 0.1102841
0 0.2739071 0.8161865 0.2757253 0.1838135
0 0.3106718 0.8529512 0.2021959 0.1470488
0 0.3143482 0.4264806 0.2021959 0.2021959
0 0.3235394 0.3272159 0.2021959 0.2021959
0 0.3382453 0.8805247 0.1470488 0.1194753
0 0.3400835 0.3547894 0.2021959 0.2021959
0 0.3419218 0.4540541 0.1470488 0.1470488
0 0.3511129 0.3547894 0.1470488 0.1470488
0 0.3547894 0.7297894 0.2021959 0.2021959
0 0.3603041 0.4724365 0.1102841 0.1102841
0 0.3676571 0.3823629 0.1470488 0.1470488
0 0.3694953 0.3731718 0.1102841 0.1102841
0 0.3823629 0.7573629 0.1470488 0.1470488
0 0.3842012 0.4889806 0.2021959 0.2021959
0 0.3860394 0.4007453 0.1102841 0.1102841
0 0.3897159 0.5183924 0.2021959 0.2021959
0 0.3970688 0.6893482 0.2021959 0.2021959
0 0.4007453 0.7757453 0.1102841 0.1102841
0 0.4117747 0.3547894 0.2757253 0.2757253
0 0.4117747 0.5165541 0.1470488 0.1470488
0 0.4172894 0.5459659 0.1470488 0.1470488
0 0.4191276 0.2978041 0.2021959 0.2021959
0 0.4191276 0.5808924 0.2021959 0.2021959
0 0.4246424 0.7169218 0.1470488 0.1470488
0 0.4301571 0.5349365 0.1102841 0.1102841
0 0.4356718 0.5643482 0.1102841 0.1102841
0 0.4430247 0.7353041 0.1102841 0.1102841
0 0.4467012 0.3253776 0.1470488 0.1470488
0 0.4467012 0.6084659 0.1470488 0.1470488
0 0.4485394 0.3915541 0.2021959 0.2021959
0 0.4614071 0.5588335 0.2021959 0.2021959
0 0.4650835 0.3437600 0.1102841 0.1102841
0 0.4650835 0.6268482 0.1102841 0.1102841
0 0.4761129 0.4191276 0.1470488 0.1470488
0 0.4889806 0.5864071 0.1470488 0.1470488
0 0.5073629 0.6047894 0.1102841 0.1102841
0 0.5110394 0.7426571 0.2021959 0.2021959
0 0.5386129 0.7702306 0.1470488 0.1470488
0 0.5569953 0.7886129 0.1102841 0.1102841
