0 0.0000100 0.1231718 0.1341812 0.2021959
0 0.0000100 0.1507453 0.1066076 0.1470488
0 0.0000100 0.1691276 0.0882253 0.1102841
0 0.5753776 0.7794218 0.2021959 0.2021959
0 0.6029512 0.8069953 0.1470488 0.1470488
0 0.6213335 0.8253776 0.1102841 0.1102841
0 0.6856718 0.4926571 0.2021959 0.2021959
0 0.7022159 0.5330982 0.2021959 0.2021959
0 0.7132453 0.5202306 0.1470488 0.1470488
0 0.7132453 0.5864071 0.2021959 0.2021959
0 0.7297894 0.5606718 0.1470488 0.1470488
0 0.7316276 0.5386129 0.1102841 0.1102841
0 0.7408188 0.6139806 0.1470488 0.1470488
0 0.7481718 0.5790541 0.1102841 0.1102841
0 0.7592012 0.5606718 0.2021959 0.2021959
0 0.7592012 0.6323629 0.1102841 0.1102841
0 0.7830982 0.6121424 0.2021959 0.2021959
0 0.7867747 0.5882453 0.1470488 0.1470488
0 0.7922894 0.5275835 0.2021959 0.2021959
0 0.8051571 0.6066276 0.1102841 0.1102841
0 0.8106718 0.6397159 0.1470488 0.1470488
0 0.8198629 0.5551571 0.1470488 0.1470488
0 0.8290541 0.6580982 0.1102841 0.1102841
0 0.8308924 0.5220688 0.1691076 0.2021959
0 0.8382453 0.5735394 0.1102841 0.1102841
0 0.8584659 0.5496424 0.1415341 0.1470488
0 0.8768482 0.5680247 0.1102841 0.1102841
0 0.8897159 0.1489071 0.1102841 0.2021959
0 0.9172894 0.1764806 0.0827106 0.1470488
0 0.9356718 0.1948629 0.0643282 0.1102841
