0 0.0000100 0.5533188 0.1102841 0.2021959
0 0.0000100 0.5808924 0.0827106 0.1470488
0 0.0000100 0.5864071 0.1286665 0.2021959
0 0.0000100 0.5992747 0.0643282 0.1102841
0 0.0000100 0.6139806 0.1010929 0.1470488
0 0.0000100 0.6323629 0.1139606 0.2021959
0 0.0000100 0.6323629 0.0827106 0.1102841
0 0.0000100 0.6599365 0.0863871 0.1470488
0 0.0000100 0.6783188 0.0680047 0.1102841
0 0.0018482 0.6213335 0.2757253 0.2757253
0 0.0386129 0.6580982 0.2021959 0.2021959
0 0.0661865 0.6856718 0.1470488 0.1470488
0 0.0808924 0.8051571 0.2021959 0.1948429
0 0.1084659 0.8327306 0.1470488 0.1470488
0 0.1268482 0.8511129 0.1102841 0.1102841
0 0.1544218 0.5680247 0.2021959 0.2021959
0 0.1819953 0.5955982 0.1470488 0.1470488
0 0.1875100 0.4044218 0.2021959 0.2021959
0 0.2003776 0.6139806 0.1102841 0.1102841
0 0.2150835 0.4319953 0.1470488 0.1470488
0 0.2334659 0.4503776 0.1102841 0.1102841
0 0.2481718 0.6231718 0.2021959 0.2021959
0 0.2757453 0.6507453 0.1470488 0.1470488
0 0.2941276 0.6691276 0.1102841 0.1102841
0 0.3327306 0.4981718 0.2021959 0.2021959
0 0.3603041 0.5257453 0.1470488 0.1470488
0 0.3713335 0.8603041 0.2021959 0.1396959
0 0.3786865 0.5441276 0.1102841 0.1102841
0 0.3842012 0.4430247 0.2021959 0.2021959
0 0.3989071 0.8878776 0.1470488 0.1121224
0 0.4117747 0.4705982 0.1470488 0.1470488
0 0.4172894 0.9062600 0.1102841 0.0937400
0 0.4283188 0.8603041 0.2021959 0.1396959
0 0.4301571 0.4889806 0.1102841 0.1102841
0 0.4503776 0.7996424 0.2021959 0.2003576
0 0.4558924 0.8878776 0.1470488 0.1121224
0 0.4742747 0.9062600 0.1102841 0.0937400
0 0.4779512 0.8272159 0.1470488 0.1470488
0 0.4889806 0.8786865 0.2021959 0.1213135
0 0.4963335 0.8455982 0.1102841 0.1102841
0 0.5165541 0.9062600 0.1470488 0.0937400
0 0.5239071 0.6580982 0.2021959 0.2021959
0 0.5349365 0.9246424 0.1102841 0.0753576
0 0.5367747 0.3603041 0.2021959 0.2021959
0 0.5514806 0.6856718 0.1470488 0.1470488
0 0.5643482 0.3878776 0.1470488 0.1470488
0 0.5698629 0.7040541 0.1102841 0.1102841
0 0.5698629 0.7187600 0.2021959 0.2021959
0 0.5827306 0.4062600 0.1102841 0.1102841
0 0.5974365 0.7463335 0.1470488 0.1470488
0 0.6158188 0.7647159 0.1102841 0.1102841
