0 0.0000100 0.3088335 0.1378576 0.2021959
0 0.0000100 0.3364071 0.1102841 0.1470488
0 0.0000100 0.3547894 0.0919018 0.1102841
0 0.0128776 0.8621424 0.2021959 0.1378576
0 0.0220688 0.2316276 0.2021959 0.2021959
0 0.0404512 0.8897159 0.1470488 0.1102841
0 0.0478041 0.6489071 0.2021959 0.2021959
0 0.0496424 0.2592012 0.1470488 0.1470488
0 0.0551571 0.8235394 0.2021959 0.1764606
0 0.0588335 0.9080982 0.1102841 0.0919018
0 0.0680247 0.2775835 0.1102841 0.1102841
0 0.0753776 0.6764806 0.1470488 0.1470488
0 0.0827306 0.8511129 0.1470488 0.1470488
0 0.0845688 0.5165541 0.2021959 0.2021959
0 0.0845688 0.8455982 0.2021959 0.1544018
0 0.0937600 0.6948629 0.1102841 0.1102841
0 0.1011129 0.8694953 0.1102841 0.1102841
0 0.1103041 0.3051571 0.2021959 0.2021959
0 0.1103041 0.6985394 0.2021959 0.2021959
0 0.1121424 0.5441276 0.1470488 0.1470488
0 0.1121424 0.8731718 0.1470488 0.1268282
0 0.1139806 0.4191276 0.2021959 0.2021959
0 0.1194953 0.4503776 0.2021959 0.2021959
0 0.1231718 0.6029512 0.2021959 0.2021959
0 0.1305247 0.5625100 0.1102841 0.1102841
0 0.1305247 0.8915541 0.1102841 0.1084459
0 0.1360394 0.8474365 0.2021959 0.1525635
0 0.1378776 0.3327306 0.1470488 0.1470488
0 0.1378776 0.7261129 0.1470488 0.1470488
0 0.1415541 0.4467012 0.1470488 0.1470488
0 0.1470688 0.4779512 0.1470488 0.1470488
0 0.1507453 0.6305247 0.1470488 0.1470488
0 0.1544218 0.4981718 0.2021959 0.2021959
0 0.1544218 0.5404512 0.2021959 0.2021959
0 0.1562600 0.3511129 0.1102841 0.1102841
0 0.1562600 0.7444953 0.1102841 0.1102841
0 0.1599365 0.4650835 0.1102841 0.1102841
0 0.1599365 0.6250100 0.2021959 0.2021959
0 0.1636129 0.5864071 0.2021959 0.2021959
0 0.1636129 0.8750100 0.1470488 0.1249900
0 0.1654512 0.4963335 0.1102841 0.1102841
0 0.1691276 0.6489071 0.1102841 0.1102841
0 0.1728041 0.4577306 0.2021959 0.2021959
0 0.1819953 0.5257453 0.1470488 0.1470488
0 0.1819953 0.5496424 0.2021959 0.2021959
0 0.1819953 0.5680247 0.1470488 0.1470488
0 0.1819953 0.8933924 0.1102841 0.1066076
0 0.1875100 0.6525835 0.1470488 0.1470488
0 0.1911865 0.6139806 0.1470488 0.1470488
0 0.1985394 0.6599365 0.2021959 0.2021959
0 0.2003776 0.4853041 0.1470488 0.1470488
0 0.2003776 0.5441276 0.1102841 0.1102841
0 0.2003776 0.5864071 0.1102841 0.1102841
0 0.2058924 0.5165541 0.2021959 0.2021959
0 0.2058924 0.6709659 0.1102841 0.1102841
0 0.2095688 0.5772159 0.1470488 0.1470488
0 0.2095688 0.6323629 0.1102841 0.1102841
0 0.2187600 0.5036865 0.1102841 0.1102841
0 0.2205982 0.3474365 0.2021959 0.2021959
0 0.2224365 0.6930247 0.2021959 0.2021959
0 0.2261129 0.6875100 0.1470488 0.1470488
0 0.2279512 0.5955982 0.1102841 0.1102841
0 0.2334659 0.5441276 0.1470488 0.1470488
0 0.2371424 0.3731718 0.2021959 0.2021959
0 0.2444953 0.7058924 0.1102841 0.1102841
0 0.2481718 0.3750100 0.1470488 0.1470488
0 0.2500100 0.7205982 0.1470488 0.1470488
0 0.2518482 0.5625100 0.1102841 0.1102841
0 0.2573629 0.0000100 0.2021959 0.1746224
0 0.2647159 0.4007453 0.1470488 0.1470488
0 0.2647159 0.4228041 0.2021959 0.2021959
0 0.2665541 0.3933924 0.1102841 0.1102841
0 0.2683924 0.7389806 0.1102841 0.1102841
0 0.2683924 0.7812600 0.2021959 0.2021959
0 0.2702306 0.0000100 0.2021959 0.1102841
0 0.2830982 0.4191276 0.1102841 0.1102841
0 0.2849365 0.0000100 0.1470488 0.1470488
0 0.2922894 0.4503776 0.1470488 0.1470488
0 0.2922894 0.5955982 0.2021959 0.2021959
0 0.2959659 0.8088335 0.1470488 0.1470488
0 0.2978041 0.0000100 0.1470488 0.0827106
0 0.3033188 0.0183924 0.1102841 0.1102841
0 0.3106718 0.4687600 0.1102841 0.1102841
0 0.3143482 0.8272159 0.1102841 0.1102841
0 0.3161865 0.0000100 0.1102841 0.0643282
0 0.3198629 0.6231718 0.1470488 0.1470488
0 0.3235394 0.0275835 0.2021959 0.2021959
0 0.3235394 0.3382453 0.2021959 0.2021959
0 0.3345688 0.0000100 0.2021959 0.1396959
0 0.3382453 0.6415541 0.1102841 0.1102841
0 0.3511129 0.0551571 0.1470488 0.1470488
0 0.3511129 0.3658188 0.1470488 0.1470488
0 0.3547894 0.4632453 0.2021959 0.2021959
0 0.3603041 0.7665541 0.2021959 0.2021959
0 0.3621424 0.0000100 0.1470488 0.1121224
0 0.3694953 0.0735394 0.1102841 0.1102841
0 0.3694953 0.3842012 0.1102841 0.1102841
0 0.3805247 0.0000100 0.1102841 0.0937400
0 0.3823629 0.4908188 0.1470488 0.1470488
0 0.3878776 0.7941276 0.1470488 0.1470488
0 0.3897159 0.3860394 0.2021959 0.2021959
0 0.4007453 0.5092012 0.1102841 0.1102841
0 0.4025835 0.4908188 0.2021959 0.2021959
0 0.4062600 0.8125100 0.1102841 0.1102841
0 0.4172894 0.0000100 0.2757253 0.2426371
0 0.4172894 0.4136129 0.1470488 0.1470488
0 0.4191276 0.6360394 0.2021959 0.2021959
0 0.4246424 0.0422894 0.2021959 0.2021959
0 0.4246424 0.7720688 0.2021959 0.2021959
0 0.4301571 0.5183924 0.1470488 0.1470488
0 0.4338335 0.0000100 0.2021959 0.1010929
0 0.4356718 0.4319953 0.1102841 0.1102841
0 0.4375100 0.0919218 0.2021959 0.2021959
0 0.4411865 0.6967012 0.2021959 0.2021959
0 0.4467012 0.6636129 0.1470488 0.1470488
0 0.4485394 0.5367747 0.1102841 0.1102841
0 0.4522159 0.0698629 0.1470488 0.1470488
0 0.4522159 0.7996424 0.1470488 0.1470488
0 0.4540541 0.0036865 0.2021959 0.2021959
0 0.4614071 0.0000100 0.1470488 0.0735194
0 0.4650835 0.1194953 0.1470488 0.1470488
0 0.4650835 0.6819953 0.1102841 0.1102841
0 0.4687600 0.7242747 0.1470488 0.1470488
0 0.4705982 0.0882453 0.1102841 0.1102841
0 0.4705982 0.8180247 0.1102841 0.1102841
0 0.4724365 0.5753776 0.2021959 0.2021959
0 0.4742747 0.6709659 0.2021959 0.2021959
0 0.4779512 0.7463335 0.2021959 0.2021959
0 0.4797894 0.0000100 0.1102841 0.0551371
0 0.4797894 0.5422894 0.2021959 0.2021959
0 0.4816276 0.0312600 0.1470488 0.1470488
0 0.4834659 0.1378776 0.1102841 0.1102841
0 0.4871424 0.7426571 0.1102841 0.1102841
0 0.5000100 0.6029512 0.1470488 0.1470488
0 0.5018482 0.6985394 0.1470488 0.1470488
0 0.5036865 0.8621424 0.2021959 0.1378576
0 0.5055247 0.7739071 0.1470488 0.1470488
0 0.5073629 0.5698629 0.1470488 0.1470488
0 0.5110394 0.0000100 0.2021959 0.1580782
0 0.5183924 0.6213335 0.1102841 0.1102841
0 0.5202306 0.7169218 0.1102841 0.1102841
0 0.5239071 0.7922894 0.1102841 0.1102841
0 0.5257453 0.5882453 0.1102841 0.1102841
0 0.5312600 0.8897159 0.1470488 0.1102841
0 0.5386129 0.0000100 0.1470488 0.1305047
0 0.5496424 0.9080982 0.1102841 0.0919018
0 0.5569953 0.0018482 0.1102841 0.1102841
0 0.6194953 0.0680247 0.2021959 0.2021959
0 0.6470688 0.0955982 0.1470488 0.1470488
0 0.6654512 0.1139806 0.1102841 0.1102841
0 0.7169218 0.0000100 0.2021959 0.1066076
0 0.7444953 0.0000100 0.1470488 0.0790341
0 0.7628776 0.0000100 0.1102841 0.0606518
