0 0.7003776 0.8161865 0.2021959 0.1838135
0 0.7279512 0.8437600 0.1470488 0.1470488
0 0.7463335 0.8621424 0.1102841 0.1102841
0 0.7555247 0.7665541 0.2021959 0.2021959
0 0.7830982 0.7941276 0.1470488 0.1470488
0 0.7867747 0.7757453 0.2021959 0.2021959
0 0.7941276 0.8253776 0.2021959 0.1746224
0 0.8014806 0.8125100 0.1102841 0.1102841
0 0.8051571 0.7114071 0.1948429 0.2021959
0 0.8143482 0.8033188 0.1470488 0.1470488
0 0.8217012 0.8529512 0.1470488 0.1470488
0 0.8272159 0.6544218 0.1727841 0.2021959
0 0.8327306 0.7389806 0.1470488 0.1470488
0 0.8327306 0.8217012 0.1102841 0.1102841
0 0.8400835 0.8713335 0.1102841 0.1102841
0 0.8511129 0.7573629 0.1102841 0.1102841
0 0.8547894 0.6819953 0.1452106 0.1470488
0 0.8547894 0.8492747 0.1452106 0.1507253
0 0.8694953 0.6819953 0.1305047 0.2021959
0 0.8731718 0.7003776 0.1102841 0.1102841
0 0.8823629 0.8768482 0.1176371 0.1231518
0 0.8970688 0.7095688 0.1029312 0.1470488
0 0.9007453 0.8952306 0.0992547 0.1047694
0 0.9154512 0.7279512 0.0845488 0.1102841
