0 0.0000100 0.0000100 0.1782988 0.1856518
0 0.0000100 0.0459659 0.1194753 0.2021959
0 0.0000100 0.0514806 0.1635929 0.2021959
0 0.0000100 0.0735394 0.0919018 0.1470488
0 0.0000100 0.0790541 0.1360194 0.1470488
0 0.0000100 0.0919218 0.0735194 0.1102841
0 0.0036865 0.0110394 0.1470488 0.1470488
0 0.0073629 0.0974365 0.1102841 0.1102841
0 0.0183924 0.0349365 0.2021959 0.2021959
0 0.0220688 0.0294218 0.1102841 0.1102841
0 0.0459659 0.0625100 0.1470488 0.1470488
0 0.0643482 0.0808924 0.1102841 0.1102841
0 0.1029512 0.0000100 0.2021959 0.1911665
0 0.1305247 0.0165541 0.1470488 0.1470488
0 0.1397159 0.0147159 0.2021959 0.2021959
0 0.1489071 0.0349365 0.1102841 0.1102841
0 0.1599365 0.0000100 0.2021959 0.1231518
0 0.1672894 0.0422894 0.1470488 0.1470488
0 0.1856718 0.0606718 0.1102841 0.1102841
0 0.1875100 0.0000100 0.1470488 0.0955782
0 0.2058924 0.0000100 0.1102841 0.0771959
0 0.2536865 0.0000100 0.2021959 0.1507253
0 0.2812600 0.0000100 0.1470488 0.1231518
0 0.2996424 0.0000100 0.1102841 0.1047694
