0 0.3860394 0.2371424 0.0919018 0.0919018
0 0.4025835 0.2095688 0.0919018 0.0919018
0 0.4264806 0.2058924 0.0919018 0.0919018
0 0.4283188 0.1856718 0.0919018 0.0919018
0 0.4503776 0.2408188 0.0919018 0.0919018
0 0.4558924 0.0974365 0.0919018 0.0919018
0 0.4577306 0.2150835 0.0919018 0.0919018
0 0.4595688 0.3290541 0.0919018 0.0919018
0 0.4614071 0.2573629 0.0919018 0.0919018
0 0.4926571 0.1562600 0.0919018 0.0919018
0 0.5000100 0.0551571 0.0919018 0.0919018
0 0.5183924 0.2904512 0.0919018 0.0919018
0 0.5202306 0.2371424 0.0919018 0.0919018
0 0.5220688 0.1544218 0.0919018 0.0919018
0 0.5257453 0.0569953 0.0919018 0.0919018
0 0.5459659 0.1783188 0.0919018 0.0919018
0 0.5478041 0.2114071 0.0919018 0.0919018
0 0.5937600 0.1783188 0.0919018 0.0919018
0 0.6691276 0.0000100 0.0919018 0.0735194
0 0.6875100 0.0147159 0.0919018 0.0919018
0 0.6985394 0.0790541 0.0919018 0.0919018
0 0.7095688 0.0386129 0.0919018 0.0919018
