0 0.0000100 0.0367747 0.0680047 0.0919018
0 0.0000100 0.7003776 0.0735194 0.0919018
0 0.1194953 0.8419218 0.0919018 0.0919018
0 0.1525835 0.3897159 0.0919018 0.0919018
0 0.1856718 0.0000100 0.1470488 0.0827106
0 0.2518482 0.5900835 0.0919018 0.0919018
0 0.2628776 0.3842012 0.0919018 0.0919018
0 0.2647159 0.6783188 0.0919018 0.0919018
0 0.2830982 0.7683924 0.0919018 0.0919018
0 0.3952306 0.5478041 0.0919018 0.0919018
0 0.5018482 0.9448629 0.0919018 0.0551371
0 0.5165541 0.4540541 0.0919018 0.0919018
0 0.5827306 0.5478041 0.1470488 0.1470488
0 0.6599365 0.1433924 0.0919018 0.0919018
0 0.7647159 0.2261129 0.0919018 0.0919018
0 0.7978041 0.9209659 0.0919018 0.0790341
0 0.8676571 0.0808924 0.0919018 0.0919018
0 0.8694953 0.6286865 0.0919018 0.0919018
