0 0.0000100 0.0000100 0.1415341 0.1764606
0 0.0000100 0.0018482 0.1139606 0.1470488
0 0.0000100 0.0202306 0.0955782 0.1102841
0 0.1066276 0.0000100 0.2021959 0.1782988
0 0.1342012 0.0036865 0.1470488 0.1470488
0 0.1525835 0.0220688 0.1102841 0.1102841
0 0.1838335 0.2224365 0.2021959 0.2021959
0 0.2114071 0.2500100 0.1470488 0.1470488
0 0.2297894 0.2683924 0.1102841 0.1102841
0 0.2389806 0.1764806 0.2021959 0.2021959
0 0.2665541 0.2040541 0.1470488 0.1470488
0 0.2849365 0.2224365 0.1102841 0.1102841
