0 0.0000100 0.3970688 0.0827106 0.0919018
0 0.0386129 0.3529512 0.0919018 0.0919018
0 0.0992747 0.2316276 0.0919018 0.0919018
0 0.1764806 0.0000100 0.0919018 0.0606518
0 0.3952306 0.0000100 0.0919018 0.0588135
0 0.6103041 0.1525835 0.0919018 0.0919018
0 0.6562600 0.5459659 0.0919018 0.0919018
0 0.6746424 0.3290541 0.0919018 0.0919018
0 0.7518482 0.7592012 0.0919018 0.0919018
0 0.7702306 0.6011129 0.0919018 0.0919018
0 0.8014806 0.2996424 0.0919018 0.0919018
0 0.8143482 0.4191276 0.0919018 0.0919018
0 0.8382453 0.2996424 0.1470488 0.1470488
0 0.8437600 0.1562600 0.0919018 0.0919018
0 0.9228041 0.8033188 0.0771959 0.0919018
0 0.9301571 0.9154512 0.0698429 0.0845488
