0 0.0000100 0.0000100 0.2499900 0.1415341
0 0.0110394 0.0000100 0.2021959 0.1047694
0 0.0386129 0.0000100 0.1470488 0.0771959
0 0.4650835 0.7297894 0.2021959 0.2021959
0 0.4889806 0.8051571 0.2021959 0.1948429
0 0.4926571 0.7573629 0.1470488 0.1470488
0 0.5110394 0.7757453 0.1102841 0.1102841
0 0.5165541 0.8327306 0.1470488 0.1470488
0 0.5349365 0.8511129 0.1102841 0.1102841
0 0.8088335 0.0772159 0.1911665 0.2021959
0 0.8364071 0.1047894 0.1470488 0.1470488
0 0.8364071 0.2886129 0.1635929 0.2021959
0 0.8547894 0.1231718 0.1102841 0.1102841
0 0.8639806 0.3161865 0.1360194 0.1470488
0 0.8823629 0.3345688 0.1102841 0.1102841
