0 0.0000100 0.6194953 0.0698429 0.0919018
0 0.0018482 0.0717012 0.0919018 0.0919018
0 0.0128776 0.7573629 0.0919018 0.0919018
0 0.0459659 0.9522159 0.0919018 0.0477841
0 0.1066276 0.1948629 0.0919018 0.0919018
0 0.1286865 0.3731718 0.0919018 0.0919018
0 0.1323629 0.7996424 0.0919018 0.0919018
0 0.1525835 0.4687600 0.0919018 0.0919018
0 0.1856718 0.6176571 0.0919018 0.0919018
0 0.1893482 0.6305247 0.0919018 0.0919018
0 0.2169218 0.7242747 0.0919018 0.0919018
0 0.2224365 0.2408188 0.0919018 0.0919018
0 0.2279512 0.4375100 0.1470488 0.1470488
0 0.2978041 0.9246424 0.0919018 0.0753576
0 0.3603041 0.2867747 0.0919018 0.0919018
0 0.3786865 0.6194953 0.0919018 0.0919018
0 0.3915541 0.8566276 0.0919018 0.0919018
0 0.4172894 0.1783188 0.0919018 0.0919018
0 0.4264806 0.4853041 0.0919018 0.0919018
0 0.4393482 0.0000100 0.0919018 0.0863871
0 0.4448629 0.4044218 0.0919018 0.0919018
0 0.4448629 0.9283188 0.0919018 0.0716812
0 0.4687600 0.0000100 0.0919018 0.0477841
0 0.5386129 0.7297894 0.0919018 0.0919018
0 0.5588335 0.5790541 0.0919018 0.0919018
0 0.5680247 0.8860394 0.0919018 0.0919018
0 0.6286865 0.3970688 0.0919018 0.0919018
0 0.6360394 0.0937600 0.0919018 0.0919018
0 0.6709659 0.4301571 0.1470488 0.1470488
0 0.7150835 0.6084659 0.0919018 0.0919018
0 0.7592012 0.7757453 0.0919018 0.0919018
0 0.7922894 0.8786865 0.0919018 0.0919018
0 0.8198629 0.7114071 0.0919018 0.0919018
0 0.8676571 0.1691276 0.0919018 0.0919018
0 0.8694953 0.5606718 0.0919018 0.0919018
0 0.9191276 0.0294218 0.0808724 0.0919018
0 0.9191276 0.8161865 0.0808724 0.0919018
0 0.9393482 0.3033188 0.0606518 0.0919018
