0 0.0000100 0.5441276 0.0532988 0.0919018
0 0.0000100 0.6103041 0.0771959 0.0919018
0 0.0036865 0.5588335 0.0919018 0.0919018
0 0.0128776 0.6305247 0.0919018 0.0919018
0 0.0386129 0.5919218 0.0919018 0.0919018
0 0.0441276 0.6176571 0.0919018 0.0919018
0 0.0533188 0.5404512 0.0919018 0.0919018
0 0.0827306 0.6158188 0.0919018 0.0919018
0 0.0827306 0.6415541 0.0919018 0.0919018
0 0.1029512 0.5202306 0.0919018 0.0919018
0 0.1286865 0.4944953 0.0919018 0.0919018
0 0.1323629 0.7720688 0.1470488 0.1470488
0 0.1342012 0.6139806 0.0919018 0.0919018
0 0.1360394 0.5643482 0.0919018 0.0919018
0 0.2536865 0.6029512 0.0919018 0.0919018
0 0.2683924 0.6047894 0.0919018 0.0919018
0 0.4172894 0.6875100 0.0919018 0.0919018
0 0.4761129 0.8198629 0.0919018 0.0919018
0 0.4871424 0.5514806 0.1470488 0.1470488
0 0.5073629 0.8088335 0.0919018 0.0919018
0 0.5459659 0.7886129 0.0919018 0.0919018
0 0.5661865 0.6783188 0.0919018 0.0919018
0 0.5900835 0.7279512 0.0919018 0.0919018
0 0.6011129 0.4246424 0.0919018 0.0919018
0 0.6066276 0.8455982 0.0919018 0.0919018
0 0.6158188 0.5533188 0.0919018 0.0919018
