0 0.0000100 0.6433924 0.0606518 0.0919018
0 0.0055247 0.4981718 0.0919018 0.0919018
0 0.0202306 0.8033188 0.0919018 0.0919018
0 0.0275835 0.2481718 0.0919018 0.0919018
0 0.0496424 0.6452306 0.0919018 0.0919018
0 0.1121424 0.3566276 0.0919018 0.0919018
0 0.1268482 0.5036865 0.0919018 0.0919018
0 0.1342012 0.6268482 0.0919018 0.0919018
0 0.1580982 0.8566276 0.0919018 0.0919018
0 0.2334659 0.3878776 0.0919018 0.0919018
0 0.2849365 0.8713335 0.0919018 0.0919018
0 0.3125100 0.5790541 0.0919018 0.0919018
0 0.3400835 0.4687600 0.0919018 0.0919018
0 0.3492747 0.7353041 0.0919018 0.0919018
0 0.3511129 0.2040541 0.0919018 0.0919018
0 0.4099365 0.2040541 0.0919018 0.0919018
0 0.4375100 0.3658188 0.0919018 0.0919018
0 0.4871424 0.9246424 0.0919018 0.0753576
0 0.5422894 0.4522159 0.0919018 0.0919018
0 0.5422894 0.6305247 0.0919018 0.0919018
0 0.5533188 0.7279512 0.0919018 0.0919018
0 0.5919218 0.3088335 0.0919018 0.0919018
0 0.6194953 0.3842012 0.0919018 0.0919018
0 0.6470688 0.5643482 0.0919018 0.0919018
0 0.6562600 0.0330982 0.0919018 0.0919018
0 0.6819953 0.7867747 0.0919018 0.0919018
0 0.7592012 0.1194953 0.0919018 0.0919018
0 0.7592012 0.1985394 0.0919018 0.0919018
0 0.7628776 0.3253776 0.0919018 0.0919018
0 0.7959659 0.7904512 0.0919018 0.0919018
0 0.8069953 0.4246424 0.0919018 0.0919018
0 0.8455982 0.6617747 0.0919018 0.0919018
0 0.8603041 0.2720688 0.0919018 0.0919018
0 0.8860394 0.1213335 0.0919018 0.0919018
0 0.8952306 0.8125100 0.0919018 0.0919018
0 0.8970688 0.4154512 0.0919018 0.0919018
0 0.9283188 0.5974365 0.0716812 0.0919018
0 0.9411865 0.3621424 0.0588135 0.0919018
