0 0.0000100 0.7132453 0.0753576 0.0919018
0 0.0092012 0.1342012 0.0919018 0.0919018
0 0.0992747 0.7500100 0.0919018 0.0919018
0 0.1194953 0.4632453 0.0919018 0.0919018
0 0.1525835 0.0551571 0.0919018 0.0919018
0 0.1691276 0.5625100 0.0919018 0.0919018
0 0.1838335 0.9411865 0.0919018 0.0588135
0 0.2150835 0.7665541 0.0919018 0.0919018
0 0.2205982 0.4080982 0.0919018 0.0919018
0 0.2555247 0.2720688 0.0919018 0.0919018
0 0.2610394 0.1415541 0.0919018 0.0919018
0 0.2683924 0.4687600 0.0919018 0.0919018
0 0.3033188 0.3143482 0.0919018 0.0919018
0 0.3235394 0.1911865 0.0919018 0.0919018
0 0.3327306 0.0680247 0.0919018 0.0919018
0 0.4080982 0.4228041 0.1470488 0.1470488
