0 0.0000100 0.3658188 0.1360194 0.2021959
0 0.0000100 0.3933924 0.1084459 0.1470488
0 0.0000100 0.4117747 0.0900635 0.1102841
0 0.0000100 0.4981718 0.1268282 0.2021959
0 0.0000100 0.5257453 0.0992547 0.1470488
0 0.0000100 0.5441276 0.0808724 0.1102841
0 0.0220688 0.4834659 0.2021959 0.2021959
0 0.0312600 0.4044218 0.2021959 0.2021959
0 0.0496424 0.5110394 0.1470488 0.1470488
0 0.0588335 0.4283188 0.2021959 0.2021959
0 0.0588335 0.4319953 0.1470488 0.1470488
0 0.0606718 0.4669218 0.2757253 0.2757253
0 0.0680247 0.5294218 0.1102841 0.1102841
0 0.0772159 0.4503776 0.1102841 0.1102841
0 0.0864071 0.4558924 0.1470488 0.1470488
0 0.0974365 0.5036865 0.2021959 0.2021959
0 0.1047894 0.4742747 0.1102841 0.1102841
0 0.1250100 0.5312600 0.1470488 0.1470488
