0 0.0000100 0.0000100 0.0569753 0.0496224
0 0.0000100 0.0000100 0.0496224 0.0716812
0 0.0055247 0.0000100 0.0919018 0.0624900
0 0.0073629 0.0588335 0.0919018 0.0919018
0 0.0202306 0.0000100 0.0919018 0.0845488
0 0.0275835 0.2555247 0.0919018 0.0919018
0 0.0643482 0.2444953 0.0919018 0.0919018
0 0.0661865 0.0955982 0.0919018 0.0919018
0 0.0919218 0.0845688 0.0919018 0.0919018
0 0.1047894 0.3069953 0.0919018 0.0919018
0 0.1084659 0.2536865 0.0919018 0.0919018
0 0.1139806 0.0625100 0.0919018 0.0919018
0 0.1286865 0.0919218 0.0919018 0.0919018
0 0.1415541 0.2812600 0.0919018 0.0919018
0 0.1525835 0.3272159 0.0919018 0.0919018
0 0.1728041 0.0496424 0.0919018 0.0919018
0 0.1764806 0.3308924 0.0919018 0.0919018
0 0.1819953 0.0000100 0.0919018 0.0735194
0 0.2003776 0.1066276 0.1470488 0.1470488
0 0.2205982 0.0000100 0.0919018 0.0882253
0 0.2316276 0.3658188 0.0919018 0.0919018
0 0.2389806 0.2058924 0.0919018 0.0919018
0 0.2389806 0.2518482 0.0919018 0.0919018
0 0.2959659 0.0000100 0.0919018 0.0771959
0 0.3253776 0.2095688 0.0919018 0.0919018
0 0.3308924 0.0000100 0.0919018 0.0808724
0 0.3308924 0.0257453 0.0919018 0.0919018
0 0.3437600 0.2444953 0.0919018 0.0919018
0 0.3529512 0.0073629 0.0919018 0.0919018
0 0.3584659 0.2022159 0.0919018 0.0919018
0 0.3768482 0.0257453 0.0919018 0.0919018
0 0.3786865 0.0000100 0.0919018 0.0790341
0 0.3897159 0.0919218 0.0919018 0.0919018
0 0.3897159 0.3860394 0.0919018 0.0919018
0 0.4025835 0.0459659 0.0919018 0.0919018
0 0.4025835 0.1139806 0.0919018 0.0919018
0 0.4025835 0.2592012 0.0919018 0.0919018
0 0.4099365 0.0000100 0.0919018 0.0514606
0 0.4154512 0.2150835 0.0919018 0.0919018
0 0.4246424 0.1875100 0.0919018 0.0919018
0 0.4338335 0.0661865 0.0919018 0.0919018
0 0.4338335 0.2500100 0.0919018 0.0919018
0 0.4393482 0.0183924 0.0919018 0.0919018
0 0.4467012 0.1709659 0.0919018 0.0919018
0 0.4485394 0.2978041 0.0919018 0.0919018
0 0.4595688 0.2334659 0.0919018 0.0919018
0 0.4779512 0.2592012 0.0919018 0.0919018
0 0.4834659 0.2040541 0.0919018 0.0919018
0 0.4889806 0.1433924 0.0919018 0.0919018
0 0.4908188 0.4283188 0.0919018 0.0919018
0 0.4944953 0.0000100 0.0919018 0.0661665
0 0.5055247 0.2224365 0.0919018 0.0919018
0 0.5275835 0.0073629 0.0919018 0.0919018
0 0.5275835 0.1103041 0.0919018 0.0919018
0 0.5330982 0.0220688 0.0919018 0.0919018
0 0.5349365 0.0643482 0.0919018 0.0919018
0 0.5698629 0.1507453 0.0919018 0.0919018
0 0.5735394 0.1967012 0.0919018 0.0919018
0 0.5955982 0.0790541 0.0919018 0.0919018
0 0.6029512 0.1728041 0.0919018 0.0919018
0 0.6084659 0.0000100 0.0919018 0.0514606
0 0.6121424 0.1213335 0.0919018 0.0919018
0 0.6139806 0.2959659 0.0919018 0.0919018
0 0.6415541 0.2297894 0.0919018 0.0919018
0 0.6525835 0.3253776 0.0919018 0.0919018
0 0.6636129 0.4908188 0.0919018 0.0919018
0 0.6672894 0.2536865 0.0919018 0.0919018
0 0.6801571 0.5330982 0.0919018 0.0919018
0 0.6838335 0.1470688 0.0919018 0.0919018
0 0.6856718 0.0514806 0.0919018 0.0919018
0 0.6893482 0.3161865 0.0919018 0.0919018
0 0.7022159 0.4540541 0.0919018 0.0919018
0 0.7279512 0.2812600 0.0919018 0.0919018
0 0.7297894 0.2169218 0.0919018 0.0919018
0 0.7316276 0.0514806 0.0919018 0.0919018
0 0.7426571 0.1654512 0.0919018 0.0919018
0 0.7647159 0.2830982 0.0919018 0.0919018
0 0.7757453 0.0900835 0.0919018 0.0919018
0 0.8014806 0.5569953 0.1470488 0.1470488
0 0.8327306 0.3272159 0.0919018 0.0919018
0 0.8603041 0.2536865 0.0919018 0.0919018
0 0.8786865 0.0000100 0.0919018 0.0698429
0 0.9062600 0.0625100 0.0919018 0.0919018
0 0.9301571 0.0000100 0.0698429 0.0459459
0 0.9411865 0.0808924 0.0588135 0.0919018
0 0.9467012 0.6231718 0.0532988 0.0919018
