0 0.7941276 0.5386129 0.0919018 0.0919018
0 0.8217012 0.8217012 0.0919018 0.0919018
0 0.8235394 0.7334659 0.0919018 0.0919018
0 0.8345688 0.7775835 0.0919018 0.0919018
0 0.8364071 0.7040541 0.0919018 0.0919018
0 0.8400835 0.8511129 0.0919018 0.0919018
0 0.8419218 0.5294218 0.0919018 0.0919018
0 0.8529512 0.6783188 0.0919018 0.0919018
0 0.8547894 0.5551571 0.0919018 0.0919018
0 0.8547894 0.6286865 0.0919018 0.0919018
0 0.8547894 0.8713335 0.0919018 0.0919018
0 0.8639806 0.6580982 0.0919018 0.0919018
0 0.8676571 0.5900835 0.0919018 0.0919018
0 0.8713335 0.7224365 0.0919018 0.0919018
0 0.8731718 0.7867747 0.0919018 0.0919018
0 0.8731718 0.8915541 0.0919018 0.0919018
0 0.8768482 0.8345688 0.0919018 0.0919018
0 0.8842012 0.4393482 0.0919018 0.0919018
0 0.8860394 0.6250100 0.0919018 0.0919018
0 0.8915541 0.9136129 0.0919018 0.0863871
0 0.8933924 0.0974365 0.1066076 0.1470488
0 0.9025835 0.6654512 0.0919018 0.0919018
0 0.9044218 0.7224365 0.0919018 0.0919018
0 0.9154512 0.8474365 0.0845488 0.0919018
0 0.9264806 0.7647159 0.0735194 0.0919018
0 0.9264806 0.8658188 0.0735194 0.0919018
0 0.9283188 0.6139806 0.0716812 0.0919018
0 0.9485394 0.8786865 0.0514606 0.0919018
