0 0.0717012 0.8584659 0.2021959 0.1415341
0 0.0753776 0.8933924 0.2021959 0.1066076
0 0.0992747 0.8860394 0.1470488 0.1139606
0 0.1029512 0.9209659 0.1470488 0.0790341
0 0.1139806 0.6967012 0.2021959 0.2021959
0 0.1176571 0.9044218 0.1102841 0.0955782
0 0.1213335 0.9393482 0.1102841 0.0606518
0 0.1415541 0.7242747 0.1470488 0.1470488
0 0.1599365 0.7426571 0.1102841 0.1102841
0 0.1617747 0.7095688 0.2021959 0.2021959
0 0.1801571 0.6893482 0.2021959 0.2021959
0 0.1893482 0.7371424 0.1470488 0.1470488
0 0.2077306 0.7169218 0.1470488 0.1470488
0 0.2077306 0.7555247 0.1102841 0.1102841
0 0.2261129 0.7353041 0.1102841 0.1102841
0 0.2500100 0.6268482 0.2021959 0.2021959
0 0.2610394 0.8584659 0.2021959 0.1415341
0 0.2775835 0.6544218 0.1470488 0.1470488
0 0.2886129 0.8860394 0.1470488 0.1139606
0 0.2941276 0.6709659 0.2021959 0.2021959
0 0.2959659 0.6728041 0.1102841 0.1102841
0 0.3069953 0.9044218 0.1102841 0.0955782
0 0.3217012 0.4650835 0.2021959 0.2021959
0 0.3217012 0.6985394 0.1470488 0.1470488
0 0.3400835 0.7169218 0.1102841 0.1102841
0 0.3455982 0.5036865 0.2021959 0.2021959
0 0.3492747 0.4926571 0.1470488 0.1470488
0 0.3676571 0.5110394 0.1102841 0.1102841
0 0.3731718 0.5312600 0.1470488 0.1470488
0 0.3915541 0.5496424 0.1102841 0.1102841
0 0.4099365 0.5753776 0.2021959 0.2021959
0 0.4375100 0.6029512 0.1470488 0.1470488
0 0.4558924 0.6213335 0.1102841 0.1102841
0 0.5753776 0.4724365 0.2021959 0.2021959
0 0.6029512 0.5000100 0.1470488 0.1470488
0 0.6121424 0.4319953 0.2021959 0.2021959
0 0.6213335 0.5183924 0.1102841 0.1102841
0 0.6268482 0.3989071 0.2021959 0.2021959
0 0.6397159 0.4595688 0.1470488 0.1470488
0 0.6544218 0.4264806 0.1470488 0.1470488
0 0.6562600 0.7040541 0.2021959 0.2021959
0 0.6580982 0.4779512 0.1102841 0.1102841
0 0.6580982 0.6819953 0.2021959 0.2021959
0 0.6617747 0.2169218 0.2021959 0.2021959
0 0.6728041 0.1764806 0.2021959 0.2021959
0 0.6728041 0.4448629 0.1102841 0.1102841
0 0.6838335 0.7316276 0.1470488 0.1470488
0 0.6856718 0.7095688 0.1470488 0.1470488
0 0.6893482 0.2444953 0.1470488 0.1470488
0 0.6985394 0.3382453 0.2021959 0.2021959
0 0.7003776 0.2040541 0.1470488 0.1470488
0 0.7022159 0.7500100 0.1102841 0.1102841
0 0.7040541 0.7279512 0.1102841 0.1102841
0 0.7077306 0.2628776 0.1102841 0.1102841
0 0.7187600 0.2224365 0.1102841 0.1102841
0 0.7205982 0.3492747 0.2021959 0.2021959
0 0.7261129 0.3658188 0.1470488 0.1470488
0 0.7334659 0.2463335 0.2021959 0.2021959
0 0.7444953 0.3842012 0.1102841 0.1102841
0 0.7481718 0.3235394 0.2021959 0.2021959
0 0.7481718 0.3768482 0.1470488 0.1470488
0 0.7610394 0.2739071 0.1470488 0.1470488
0 0.7665541 0.3952306 0.1102841 0.1102841
0 0.7720688 0.5202306 0.2021959 0.2021959
0 0.7757453 0.3511129 0.1470488 0.1470488
0 0.7794218 0.2922894 0.1102841 0.1102841
0 0.7830982 0.2518482 0.2021959 0.2021959
0 0.7867747 0.3529512 0.2021959 0.2021959
0 0.7941276 0.3694953 0.1102841 0.1102841
0 0.7978041 0.2371424 0.2021959 0.2021959
0 0.7996424 0.5478041 0.1470488 0.1470488
0 0.8051571 0.3731718 0.1948429 0.2021959
0 0.8106718 0.2794218 0.1470488 0.1470488
0 0.8143482 0.3805247 0.1470488 0.1470488
0 0.8180247 0.5661865 0.1102841 0.1102841
0 0.8253776 0.2647159 0.1470488 0.1470488
0 0.8290541 0.2978041 0.1102841 0.1102841
0 0.8327306 0.2610394 0.1672694 0.2021959
0 0.8327306 0.3989071 0.1102841 0.1102841
0 0.8327306 0.4007453 0.1470488 0.1470488
0 0.8437600 0.2830982 0.1102841 0.1102841
0 0.8511129 0.4191276 0.1102841 0.1102841
0 0.8603041 0.2886129 0.1396959 0.1470488
0 0.8786865 0.3069953 0.1102841 0.1102841
0 0.8823629 0.1746424 0.1176371 0.2021959
0 0.8842012 0.2812600 0.1157988 0.2021959
0 0.9099365 0.2022159 0.0900635 0.1470488
0 0.9117747 0.3088335 0.0882253 0.1470488
0 0.9283188 0.2205982 0.0716812 0.1102841
0 0.9301571 0.3272159 0.0698429 0.1102841
