0 0.4044218 0.7757453 0.2021959 0.2021959
0 0.4319953 0.8033188 0.1470488 0.1470488
0 0.4503776 0.8217012 0.1102841 0.1102841
0 0.6250100 0.6783188 0.2021959 0.2021959
0 0.6525835 0.7058924 0.1470488 0.1470488
0 0.6709659 0.7242747 0.1102841 0.1102841
0 0.7739071 0.7941276 0.2021959 0.2021959
0 0.8014806 0.8217012 0.1470488 0.1470488
0 0.8198629 0.8400835 0.1102841 0.1102841
0 0.8694953 0.8069953 0.1305047 0.1930047
0 0.8970688 0.8345688 0.1029312 0.1470488
0 0.9154512 0.8529512 0.0845488 0.1102841
