0 0.0000100 0.1948629 0.2169018 0.2757253
0 0.0000100 0.2316276 0.1801371 0.2021959
0 0.0055247 0.2592012 0.1470488 0.1470488
0 0.0441276 0.0000100 0.2021959 0.1911665
0 0.0717012 0.0165541 0.1470488 0.1470488
0 0.0900835 0.0349365 0.1102841 0.1102841
0 0.1911865 0.4853041 0.2021959 0.2021959
0 0.2187600 0.5128776 0.1470488 0.1470488
0 0.2371424 0.5312600 0.1102841 0.1102841
0 0.2518482 0.0000100 0.2021959 0.1948429
0 0.2794218 0.0202306 0.1470488 0.1470488
0 0.2978041 0.0386129 0.1102841 0.1102841
0 0.3915541 0.5882453 0.2021959 0.2021959
0 0.4191276 0.6158188 0.1470488 0.1470488
0 0.4375100 0.6342012 0.1102841 0.1102841
0 0.5422894 0.3878776 0.2021959 0.2021959
0 0.5698629 0.4154512 0.1470488 0.1470488
0 0.5882453 0.4338335 0.1102841 0.1102841
0 0.6139806 0.8676571 0.2021959 0.1323429
0 0.6415541 0.8952306 0.1470488 0.1047694
0 0.6470688 0.0128776 0.2757253 0.2757253
0 0.6599365 0.9136129 0.1102841 0.0863871
0 0.6838335 0.0496424 0.2021959 0.2021959
0 0.7114071 0.0772159 0.1470488 0.1470488
0 0.7610394 0.6231718 0.2021959 0.2021959
0 0.7794218 0.3970688 0.2021959 0.2021959
0 0.7886129 0.6507453 0.1470488 0.1470488
0 0.8069953 0.4246424 0.1470488 0.1470488
0 0.8069953 0.6691276 0.1102841 0.1102841
0 0.8253776 0.4430247 0.1102841 0.1102841
