0 0.0000100 0.6231718 0.1066076 0.2021959
0 0.0000100 0.6507453 0.0790341 0.1470488
0 0.0000100 0.6691276 0.0606518 0.1102841
0 0.3069953 0.6433924 0.2021959 0.2021959
0 0.3345688 0.6709659 0.1470488 0.1470488
0 0.3529512 0.6893482 0.1102841 0.1102841
0 0.5625100 0.7040541 0.2021959 0.2021959
0 0.5900835 0.7316276 0.1470488 0.1470488
0 0.6084659 0.7500100 0.1102841 0.1102841
0 0.8768482 0.3290541 0.1231518 0.2021959
0 0.9044218 0.3566276 0.0955782 0.1470488
0 0.9228041 0.3750100 0.0771959 0.1102841
