0 0.1691276 0.0955982 0.2021959 0.2021959
0 0.1967012 0.1231718 0.1470488 0.1470488
0 0.2150835 0.1415541 0.1102841 0.1102841
0 0.2316276 0.0000100 0.2021959 0.1047694
0 0.2592012 0.0000100 0.1470488 0.0771959
0 0.2775835 0.0000100 0.1102841 0.0588135
0 0.3455982 0.0000100 0.2757253 0.2352841
0 0.3823629 0.0000100 0.2021959 0.1985194
0 0.4099365 0.0239071 0.1470488 0.1470488
0 0.6764806 0.2665541 0.2021959 0.2021959
0 0.7040541 0.2941276 0.1470488 0.1470488
0 0.7224365 0.3125100 0.1102841 0.1102841
