0 0.1397159 0.5919218 0.0919018 0.0919018
0 0.1452306 0.6544218 0.0919018 0.0919018
0 0.1525835 0.5294218 0.0919018 0.0919018
0 0.1636129 0.4632453 0.0919018 0.0919018
0 0.1728041 0.5275835 0.0919018 0.0919018
0 0.1764806 0.5680247 0.0919018 0.0919018
0 0.1875100 0.5882453 0.1470488 0.1470488
0 0.1911865 0.7316276 0.0919018 0.0919018
0 0.2077306 0.5000100 0.0919018 0.0919018
0 0.2187600 0.5459659 0.0919018 0.0919018
0 0.2224365 0.7224365 0.0919018 0.0919018
0 0.2297894 0.4981718 0.0919018 0.0919018
0 0.2334659 0.6856718 0.0919018 0.0919018
0 0.2463335 0.7150835 0.0919018 0.0919018
0 0.2518482 0.4301571 0.0919018 0.0919018
0 0.2610394 0.6709659 0.0919018 0.0919018
0 0.2665541 0.7297894 0.0919018 0.0919018
0 0.2720688 0.6342012 0.0919018 0.0919018
0 0.3069953 0.6948629 0.0919018 0.0919018
0 0.3474365 0.7187600 0.0919018 0.0919018
0 0.3658188 0.7077306 0.0919018 0.0919018
0 0.4007453 0.7224365 0.0919018 0.0919018
0 0.6029512 0.8364071 0.0919018 0.0919018
