0 0.0514806 0.6360394 0.0919018 0.0919018
0 0.1433924 0.4136129 0.0919018 0.0919018
0 0.1525835 0.7297894 0.0919018 0.0919018
0 0.1911865 0.3272159 0.0919018 0.0919018
0 0.2077306 0.1783188 0.0919018 0.0919018
0 0.2077306 0.4595688 0.0919018 0.0919018
0 0.2077306 0.6875100 0.0919018 0.0919018
0 0.2242747 0.4375100 0.0919018 0.0919018
0 0.2408188 0.2224365 0.0919018 0.0919018
0 0.2463335 0.3952306 0.0919018 0.0919018
0 0.2518482 0.2592012 0.0919018 0.0919018
0 0.2555247 0.7536865 0.0919018 0.0919018
0 0.2610394 0.0937600 0.0919018 0.0919018
0 0.2647159 0.3676571 0.0919018 0.0919018
0 0.2665541 0.2426571 0.0919018 0.0919018
0 0.2720688 0.3419218 0.0919018 0.0919018
0 0.2830982 0.1911865 0.0919018 0.0919018
0 0.2830982 0.3106718 0.0919018 0.0919018
0 0.3014806 0.7628776 0.0919018 0.0919018
0 0.3088335 0.1194953 0.0919018 0.0919018
0 0.3088335 0.3952306 0.0919018 0.0919018
0 0.3088335 0.7941276 0.0919018 0.0919018
0 0.3345688 0.2922894 0.0919018 0.0919018
0 0.3419218 0.1654512 0.0919018 0.0919018
0 0.3529512 0.8437600 0.0919018 0.0919018
0 0.3603041 0.7481718 0.0919018 0.0919018
0 0.3639806 0.5459659 0.0919018 0.0919018
0 0.3823629 0.2022159 0.0919018 0.0919018
0 0.3952306 0.5680247 0.0919018 0.0919018
0 0.3970688 0.9117747 0.0919018 0.0882253
0 0.4099365 0.1176571 0.0919018 0.0919018
0 0.4154512 0.7353041 0.0919018 0.0919018
0 0.4172894 0.8143482 0.0919018 0.0919018
0 0.4228041 0.4044218 0.0919018 0.0919018
0 0.4246424 0.5974365 0.0919018 0.0919018
0 0.4264806 0.0367747 0.0919018 0.0919018
0 0.4283188 0.7022159 0.0919018 0.0919018
0 0.4338335 0.5202306 0.0919018 0.0919018
0 0.4338335 0.8805247 0.0919018 0.0919018
0 0.4448629 0.6231718 0.0919018 0.0919018
0 0.4558924 0.2904512 0.0919018 0.0919018
0 0.4595688 0.9467012 0.0919018 0.0532988
0 0.4669218 0.8878776 0.0919018 0.0919018
0 0.4724365 0.0937600 0.0919018 0.0919018
0 0.4761129 0.6967012 0.0919018 0.0919018
0 0.4834659 0.5717012 0.0919018 0.0919018
0 0.5000100 0.5294218 0.0919018 0.0919018
0 0.5073629 0.8125100 0.0919018 0.0919018
0 0.5110394 0.6415541 0.0919018 0.0919018
0 0.5110394 0.8970688 0.0919018 0.0919018
0 0.5606718 0.5018482 0.1470488 0.1470488
0 0.5827306 0.7371424 0.0919018 0.0919018
0 0.5882453 0.8033188 0.1470488 0.1470488
0 0.5974365 0.7683924 0.0919018 0.0919018
0 0.6011129 0.7941276 0.0919018 0.0919018
0 0.6194953 0.3290541 0.0919018 0.0919018
0 0.6783188 0.7886129 0.0919018 0.0919018
0 0.7114071 0.8915541 0.0919018 0.0919018
0 0.7353041 0.7886129 0.0919018 0.0919018
0 0.7573629 0.9338335 0.0919018 0.0661665
0 0.7886129 0.4356718 0.1470488 0.1470488
0 0.8143482 0.8345688 0.0919018 0.0919018
0 0.8198629 0.9319953 0.0919018 0.0680047
0 0.8713335 0.9338335 0.0919018 0.0661665
0 0.9062600 0.8658188 0.0919018 0.0919018
0 0.9448629 0.9503776 0.0551371 0.0496224
