0 0.3547894 0.3713335 0.0919018 0.0919018
0 0.4669218 0.2775835 0.0919018 0.0919018
0 0.4853041 0.5569953 0.0919018 0.0919018
0 0.4889806 0.3933924 0.0919018 0.0919018
0 0.5018482 0.3639806 0.0919018 0.0919018
0 0.5220688 0.4669218 0.0919018 0.0919018
0 0.5680247 0.3235394 0.0919018 0.0919018
0 0.5772159 0.2500100 0.0919018 0.0919018
0 0.6066276 0.4117747 0.0919018 0.0919018
0 0.6139806 0.7757453 0.0919018 0.0919018
0 0.6397159 0.3272159 0.0919018 0.0919018
0 0.6599365 0.6286865 0.0919018 0.0919018
0 0.6672894 0.5680247 0.0919018 0.0919018
0 0.6948629 0.7812600 0.1470488 0.1470488
0 0.7114071 0.7187600 0.0919018 0.0919018
0 0.7205982 0.5220688 0.0919018 0.0919018
0 0.7334659 0.1985394 0.0919018 0.0919018
0 0.7426571 0.2408188 0.0919018 0.0919018
0 0.7886129 0.6489071 0.0919018 0.0919018
0 0.7978041 0.3235394 0.0919018 0.0919018
0 0.8125100 0.8014806 0.0919018 0.0919018
0 0.8364071 0.5239071 0.0919018 0.0919018
0 0.8474365 0.7408188 0.0919018 0.0919018
0 0.8511129 0.5955982 0.0919018 0.0919018
0 0.8566276 0.7150835 0.0919018 0.0919018
0 0.8603041 0.5496424 0.0919018 0.0919018
0 0.8970688 0.9246424 0.1029312 0.0753576
0 0.9099365 0.7426571 0.0900635 0.0919018
0 0.9209659 0.5735394 0.0790341 0.1470488
0 0.9375100 0.2536865 0.0624900 0.0919018
0 0.9467012 0.3805247 0.0532988 0.0919018
0 0.9467012 0.7739071 0.0532988 0.0919018
