0 0.8106718 0.3952306 0.1893282 0.2021959
0 0.8290541 0.4136129 0.1709459 0.2021959
0 0.8382453 0.4228041 0.1470488 0.1470488
0 0.8547894 0.4264806 0.1452106 0.2021959
0 0.8566276 0.4411865 0.1433724 0.1470488
0 0.8566276 0.4411865 0.1102841 0.1102841
0 0.8621424 0.3731718 0.1378576 0.2021959
0 0.8676571 0.3364071 0.1323429 0.2021959
0 0.8750100 0.4595688 0.1102841 0.1102841
0 0.8823629 0.4540541 0.1176371 0.1470488
0 0.8897159 0.4007453 0.1102841 0.1470488
0 0.8897159 0.4117747 0.1102841 0.2021959
0 0.8952306 0.3639806 0.1047694 0.1470488
0 0.9007453 0.4724365 0.0992547 0.1102841
0 0.9080982 0.4191276 0.0919018 0.1102841
0 0.9136129 0.3823629 0.0863871 0.1102841
0 0.9172894 0.4393482 0.0827106 0.1470488
0 0.9356718 0.4577306 0.0643282 0.1102841
