0 0.0000100 0.0000100 0.1213135 0.1488871
0 0.0000100 0.0000100 0.0937400 0.1213135
0 0.0000100 0.0000100 0.0753576 0.1029312
0 0.0000100 0.0018482 0.1268282 0.2021959
0 0.0000100 0.0294218 0.0992547 0.1470488
0 0.0000100 0.0478041 0.0808724 0.1102841
0 0.0000100 0.1176571 0.1635929 0.2021959
0 0.0000100 0.1452306 0.1360194 0.1470488
0 0.0000100 0.1856718 0.1433724 0.2021959
0 0.0000100 0.2132453 0.1157988 0.1470488
0 0.0000100 0.2316276 0.0974165 0.1102841
0 0.0000100 0.2573629 0.1635929 0.2021959
0 0.0000100 0.2849365 0.1360194 0.1470488
0 0.0000100 0.3125100 0.1801371 0.2021959
0 0.0000100 0.3474365 0.1213135 0.2021959
0 0.0000100 0.3750100 0.0937400 0.1470488
0 0.0000100 0.3933924 0.0753576 0.1102841
0 0.0055247 0.3400835 0.1470488 0.1470488
0 0.0073629 0.1636129 0.1102841 0.1102841
0 0.0073629 0.3033188 0.1102841 0.1102841
0 0.0110394 0.0367747 0.2021959 0.2021959
0 0.0239071 0.3584659 0.1102841 0.1102841
0 0.0386129 0.0643482 0.1470488 0.1470488
0 0.0422894 0.2426571 0.2021959 0.2021959
0 0.0569953 0.0827306 0.1102841 0.1102841
0 0.0698629 0.2702306 0.1470488 0.1470488
0 0.0790541 0.0349365 0.2021959 0.2021959
0 0.0882453 0.2886129 0.1102841 0.1102841
0 0.0974365 0.3235394 0.2021959 0.2021959
0 0.1066276 0.0625100 0.1470488 0.1470488
0 0.1250100 0.0808924 0.1102841 0.1102841
0 0.1250100 0.3511129 0.1470488 0.1470488
0 0.1378776 0.1617747 0.2021959 0.2021959
0 0.1433924 0.3694953 0.1102841 0.1102841
0 0.1654512 0.1893482 0.1470488 0.1470488
0 0.1838335 0.2077306 0.1102841 0.1102841
0 0.3180247 0.0000100 0.2021959 0.1066076
0 0.3364071 0.5845688 0.2021959 0.2021959
0 0.3455982 0.0000100 0.1470488 0.0790341
0 0.3584659 0.6176571 0.2021959 0.2021959
0 0.3603041 0.6654512 0.2021959 0.2021959
0 0.3639806 0.0000100 0.1102841 0.0606518
0 0.3639806 0.6121424 0.1470488 0.1470488
0 0.3823629 0.6305247 0.1102841 0.1102841
0 0.3860394 0.6452306 0.1470488 0.1470488
0 0.3878776 0.6930247 0.1470488 0.1470488
0 0.4044218 0.6636129 0.1102841 0.1102841
0 0.4062600 0.7114071 0.1102841 0.1102841
0 0.4191276 0.5735394 0.2021959 0.2021959
0 0.4467012 0.6011129 0.1470488 0.1470488
0 0.4485394 0.5625100 0.2021959 0.2021959
0 0.4650835 0.6194953 0.1102841 0.1102841
0 0.4761129 0.5900835 0.1470488 0.1470488
0 0.4944953 0.6084659 0.1102841 0.1102841
0 0.4944953 0.6544218 0.2021959 0.2021959
0 0.5036865 0.8106718 0.2021959 0.1893282
0 0.5220688 0.6819953 0.1470488 0.1470488
0 0.5312600 0.8382453 0.1470488 0.1470488
0 0.5330982 0.5110394 0.2021959 0.2021959
0 0.5404512 0.7003776 0.1102841 0.1102841
0 0.5496424 0.8566276 0.1102841 0.1102841
0 0.5606718 0.5386129 0.1470488 0.1470488
0 0.5606718 0.5478041 0.2021959 0.2021959
0 0.5790541 0.5569953 0.1102841 0.1102841
0 0.5882453 0.5753776 0.1470488 0.1470488
0 0.6047894 0.6507453 0.2021959 0.2021959
0 0.6066276 0.5937600 0.1102841 0.1102841
0 0.6121424 0.8180247 0.2757253 0.1819753
0 0.6323629 0.6783188 0.1470488 0.1470488
0 0.6489071 0.8547894 0.2021959 0.1452106
0 0.6507453 0.6967012 0.1102841 0.1102841
0 0.6599365 0.4375100 0.2021959 0.2021959
0 0.6764806 0.8823629 0.1470488 0.1176371
0 0.6875100 0.4650835 0.1470488 0.1470488
0 0.7058924 0.4834659 0.1102841 0.1102841
0 0.7224365 0.5441276 0.2021959 0.2021959
0 0.7261129 0.3253776 0.2021959 0.2021959
0 0.7353041 0.6930247 0.2021959 0.2021959
0 0.7500100 0.5717012 0.1470488 0.1470488
0 0.7536865 0.3529512 0.1470488 0.1470488
0 0.7628776 0.7205982 0.1470488 0.1470488
0 0.7683924 0.5900835 0.1102841 0.1102841
0 0.7720688 0.3713335 0.1102841 0.1102841
0 0.7739071 0.0900835 0.2021959 0.2021959
0 0.7812600 0.7389806 0.1102841 0.1102841
0 0.7904512 0.1489071 0.2021959 0.2021959
0 0.7904512 0.7610394 0.2021959 0.2021959
0 0.8014806 0.1176571 0.1470488 0.1470488
0 0.8088335 0.5349365 0.1911665 0.2021959
0 0.8180247 0.1764806 0.1470488 0.1470488
0 0.8180247 0.7886129 0.1470488 0.1470488
0 0.8198629 0.1360394 0.1102841 0.1102841
0 0.8364071 0.1948629 0.1102841 0.1102841
0 0.8364071 0.5625100 0.1470488 0.1470488
0 0.8364071 0.8069953 0.1102841 0.1102841
0 0.8547894 0.5808924 0.1102841 0.1102841
