0 0.5937600 0.3069953 0.0919018 0.0919018
0 0.6029512 0.3400835 0.0919018 0.0919018
0 0.6213335 0.8897159 0.0919018 0.0919018
0 0.6397159 0.8437600 0.0919018 0.0919018
0 0.6415541 0.4650835 0.0919018 0.0919018
0 0.6489071 0.3786865 0.0919018 0.0919018
0 0.6672894 0.4246424 0.0919018 0.0919018
0 0.6746424 0.3290541 0.0919018 0.0919018
0 0.6783188 0.8088335 0.0919018 0.0919018
0 0.7058924 0.4614071 0.0919018 0.0919018
0 0.7077306 0.8272159 0.0919018 0.0919018
0 0.8621424 0.3014806 0.0919018 0.0919018
0 0.8786865 0.1305247 0.0919018 0.0919018
0 0.9356718 0.3823629 0.0643282 0.0919018
0 0.9430247 0.4871424 0.0569753 0.0919018
0 0.9485394 0.1544218 0.0514606 0.0919018
0 0.9485394 0.2904512 0.0514606 0.0919018
