0 0.1415541 0.6617747 0.2021959 0.2021959
0 0.1691276 0.6893482 0.1470488 0.1470488
0 0.1875100 0.7077306 0.1102841 0.1102841
0 0.2444953 0.7095688 0.2021959 0.2021959
0 0.2720688 0.7371424 0.1470488 0.1470488
0 0.2904512 0.7555247 0.1102841 0.1102841
0 0.3106718 0.4650835 0.2021959 0.2021959
0 0.3382453 0.4926571 0.1470488 0.1470488
0 0.3566276 0.5110394 0.1102841 0.1102841
0 0.3860394 0.6875100 0.2021959 0.2021959
0 0.4136129 0.7150835 0.1470488 0.1470488
0 0.4319953 0.7334659 0.1102841 0.1102841
0 0.6360394 0.6728041 0.2021959 0.2021959
0 0.6636129 0.7003776 0.1470488 0.1470488
0 0.6819953 0.7187600 0.1102841 0.1102841
0 0.7187600 0.5257453 0.2021959 0.2021959
0 0.7463335 0.5533188 0.1470488 0.1470488
0 0.7647159 0.5717012 0.1102841 0.1102841
0 0.7794218 0.6636129 0.2021959 0.2021959
0 0.7978041 0.5312600 0.2021959 0.2021959
0 0.8069953 0.6911865 0.1470488 0.1470488
0 0.8253776 0.5588335 0.1470488 0.1470488
0 0.8253776 0.7095688 0.1102841 0.1102841
0 0.8437600 0.5772159 0.1102841 0.1102841
0 0.8584659 0.3694953 0.1415341 0.2021959
0 0.8731718 0.4540541 0.1268282 0.2021959
0 0.8823629 0.6746424 0.1176371 0.2021959
0 0.8860394 0.3970688 0.1139606 0.1470488
0 0.8970688 0.7665541 0.1029312 0.2021959
0 0.9007453 0.4816276 0.0992547 0.1470488
0 0.9044218 0.4154512 0.0955782 0.1102841
0 0.9099365 0.7022159 0.0900635 0.1470488
0 0.9191276 0.5000100 0.0808724 0.1102841
0 0.9246424 0.7941276 0.0753576 0.1470488
0 0.9283188 0.7205982 0.0716812 0.1102841
0 0.9430247 0.8125100 0.0569753 0.1102841
