0 0.6433924 0.8492747 0.2021959 0.1507253
0 0.6691276 0.7996424 0.2021959 0.2003576
0 0.6709659 0.8768482 0.1470488 0.1231518
0 0.6893482 0.8952306 0.1102841 0.1047694
0 0.6948629 0.8345688 0.2021959 0.1654312
0 0.6967012 0.8272159 0.1470488 0.1470488
0 0.6967012 0.8603041 0.2021959 0.1396959
0 0.7150835 0.8455982 0.1102841 0.1102841
0 0.7224365 0.8621424 0.1470488 0.1378576
0 0.7242747 0.8878776 0.1470488 0.1121224
0 0.7297894 0.6967012 0.2021959 0.2021959
0 0.7408188 0.8805247 0.1102841 0.1102841
0 0.7426571 0.9062600 0.1102841 0.0937400
0 0.7573629 0.7242747 0.1470488 0.1470488
0 0.7720688 0.6489071 0.2021959 0.2021959
0 0.7757453 0.7426571 0.1102841 0.1102841
0 0.7794218 0.7628776 0.2205782 0.2371224
0 0.7996424 0.6764806 0.1470488 0.1470488
0 0.7996424 0.8768482 0.2003576 0.1231518
0 0.8161865 0.7996424 0.1838135 0.2003576
0 0.8180247 0.6948629 0.1102841 0.1102841
0 0.8272159 0.9044218 0.1470488 0.0955782
0 0.8437600 0.8272159 0.1470488 0.1470488
0 0.8455982 0.9228041 0.1102841 0.0771959
0 0.8823629 0.8308924 0.1176371 0.1691076
0 0.9099365 0.8584659 0.0900635 0.1415341
0 0.9283188 0.8768482 0.0716812 0.1102841
