0 0.3235394 0.4834659 0.2021959 0.2021959
0 0.3235394 0.7205982 0.2021959 0.2021959
0 0.3511129 0.5110394 0.1470488 0.1470488
0 0.3511129 0.7481718 0.1470488 0.1470488
0 0.3566276 0.0000100 0.2021959 0.1635929
0 0.3694953 0.5294218 0.1102841 0.1102841
0 0.3694953 0.7665541 0.1102841 0.1102841
0 0.3842012 0.0000100 0.1470488 0.1360194
0 0.3860394 0.4209659 0.2021959 0.2021959
0 0.3970688 0.0735394 0.2021959 0.2021959
0 0.4025835 0.0073629 0.1102841 0.1102841
0 0.4136129 0.4485394 0.1470488 0.1470488
0 0.4246424 0.1011129 0.1470488 0.1470488
0 0.4319953 0.4669218 0.1102841 0.1102841
0 0.4356718 0.8603041 0.2021959 0.1396959
0 0.4430247 0.1194953 0.1102841 0.1102841
0 0.4485394 0.4356718 0.2757253 0.2757253
0 0.4632453 0.1305247 0.2757253 0.2757253
0 0.4632453 0.8878776 0.1470488 0.1121224
0 0.4816276 0.9062600 0.1102841 0.0937400
0 0.4834659 0.6728041 0.2021959 0.2021959
0 0.4853041 0.4724365 0.2021959 0.2021959
0 0.5000100 0.1672894 0.2021959 0.2021959
0 0.5110394 0.7003776 0.1470488 0.1470488
0 0.5128776 0.5000100 0.1470488 0.1470488
0 0.5275835 0.1948629 0.1470488 0.1470488
0 0.5294218 0.7187600 0.1102841 0.1102841
0 0.5386129 0.7555247 0.2021959 0.2021959
0 0.5514806 0.0000100 0.2021959 0.1249900
0 0.5551571 0.1489071 0.2021959 0.2021959
0 0.5661865 0.7830982 0.1470488 0.1470488
0 0.5790541 0.0000100 0.1470488 0.0974165
0 0.5827306 0.1764806 0.1470488 0.1470488
0 0.5845688 0.8014806 0.1102841 0.1102841
0 0.5919218 0.2353041 0.2021959 0.2021959
0 0.5974365 0.0000100 0.1102841 0.0790341
0 0.5992747 0.0864071 0.2021959 0.2021959
0 0.6011129 0.1948629 0.1102841 0.1102841
0 0.6047894 0.3235394 0.2021959 0.2021959
0 0.6084659 0.5478041 0.2021959 0.2021959
0 0.6103041 0.4099365 0.2021959 0.2021959
0 0.6194953 0.2628776 0.1470488 0.1470488
0 0.6268482 0.1139806 0.1470488 0.1470488
0 0.6323629 0.1139806 0.2021959 0.2021959
0 0.6323629 0.3511129 0.1470488 0.1470488
0 0.6360394 0.5753776 0.1470488 0.1470488
0 0.6378776 0.2812600 0.1102841 0.1102841
0 0.6378776 0.4375100 0.1470488 0.1470488
0 0.6452306 0.1323629 0.1102841 0.1102841
0 0.6507453 0.3694953 0.1102841 0.1102841
0 0.6525835 0.6948629 0.2021959 0.2021959
0 0.6544218 0.5937600 0.1102841 0.1102841
0 0.6562600 0.4558924 0.1102841 0.1102841
0 0.6599365 0.1415541 0.1470488 0.1470488
0 0.6783188 0.1599365 0.1102841 0.1102841
0 0.6801571 0.7224365 0.1470488 0.1470488
0 0.6911865 0.2481718 0.2021959 0.2021959
0 0.6985394 0.7408188 0.1102841 0.1102841
0 0.7114071 0.0092012 0.2021959 0.2021959
0 0.7114071 0.5073629 0.2021959 0.2021959
0 0.7187600 0.2757453 0.1470488 0.1470488
0 0.7242747 0.8694953 0.2021959 0.1305047
0 0.7371424 0.2941276 0.1102841 0.1102841
0 0.7389806 0.0367747 0.1470488 0.1470488
0 0.7389806 0.5349365 0.1470488 0.1470488
0 0.7518482 0.8970688 0.1470488 0.1029312
0 0.7555247 0.7996424 0.2021959 0.2003576
0 0.7573629 0.0551571 0.1102841 0.1102841
0 0.7573629 0.5533188 0.1102841 0.1102841
0 0.7702306 0.9154512 0.1102841 0.0845488
0 0.7830982 0.8272159 0.1470488 0.1470488
0 0.8014806 0.8455982 0.1102841 0.1102841
0 0.8198629 0.0220688 0.1801371 0.2021959
0 0.8217012 0.1176571 0.1782988 0.2021959
0 0.8235394 0.3731718 0.1764606 0.2021959
0 0.8290541 0.2555247 0.1709459 0.2021959
0 0.8364071 0.0000100 0.1635929 0.2113871
0 0.8474365 0.0496424 0.1470488 0.1470488
0 0.8492747 0.1452306 0.1470488 0.1470488
0 0.8492747 0.7739071 0.1507253 0.2021959
0 0.8511129 0.4007453 0.1470488 0.1470488
0 0.8566276 0.2830982 0.1433724 0.1470488
0 0.8603041 0.5588335 0.1396959 0.2021959
0 0.8658188 0.0680247 0.1102841 0.1102841
0 0.8676571 0.1636129 0.1102841 0.1102841
0 0.8694953 0.4191276 0.1102841 0.1102841
0 0.8731718 0.0000100 0.1268282 0.1746224
0 0.8750100 0.3014806 0.1102841 0.1102841
0 0.8768482 0.8014806 0.1231518 0.1470488
0 0.8878776 0.5864071 0.1121224 0.1470488
0 0.8952306 0.8198629 0.1047694 0.1102841
0 0.9007453 0.0000100 0.0992547 0.1470488
0 0.9062600 0.6047894 0.0937400 0.1102841
