0 0.2536865 0.1580982 0.0919018 0.0919018
0 0.4007453 0.0698629 0.0919018 0.0919018
0 0.4761129 0.3584659 0.0919018 0.0919018
0 0.5036865 0.3713335 0.0919018 0.0919018
0 0.5165541 0.0753776 0.0919018 0.0919018
0 0.6066276 0.1525835 0.0919018 0.0919018
0 0.6084659 0.2279512 0.0919018 0.0919018
0 0.6764806 0.6507453 0.0919018 0.0919018
0 0.7022159 0.5312600 0.0919018 0.0919018
0 0.7573629 0.5588335 0.0919018 0.0919018
0 0.7996424 0.1562600 0.0919018 0.0919018
0 0.8069953 0.4246424 0.1470488 0.1470488
0 0.8364071 0.0974365 0.0919018 0.0919018
0 0.8952306 0.0000100 0.0919018 0.0753576
0 0.9080982 0.2702306 0.0919018 0.0919018
