0 0.0000100 0.4375100 0.1396959 0.2021959
0 0.0000100 0.4650835 0.1121224 0.1470488
0 0.0000100 0.4834659 0.0937400 0.1102841
0 0.0000100 0.5478041 0.1672694 0.2021959
0 0.0000100 0.5753776 0.1396959 0.1470488
0 0.0000100 0.5974365 0.1562400 0.2757253
0 0.0000100 0.6342012 0.1194753 0.2021959
0 0.0000100 0.6617747 0.0919018 0.1470488
0 0.0000100 0.8878776 0.1470488 0.1121224
0 0.0000100 0.9154512 0.1194753 0.0845488
0 0.0000100 0.9338335 0.1010929 0.0661665
0 0.0110394 0.5937600 0.1102841 0.1102841
0 0.0367747 0.5772159 0.2021959 0.2021959
0 0.0643482 0.6047894 0.1470488 0.1470488
0 0.0827306 0.6231718 0.1102841 0.1102841
0 0.1507453 0.8345688 0.2021959 0.1654312
0 0.1691276 0.7610394 0.2021959 0.2021959
0 0.1783188 0.8621424 0.1470488 0.1378576
0 0.1967012 0.7886129 0.1470488 0.1470488
0 0.1967012 0.8805247 0.1102841 0.1102841
0 0.2150835 0.8069953 0.1102841 0.1102841
0 0.3180247 0.4356718 0.2757253 0.2757253
0 0.3547894 0.4724365 0.2021959 0.2021959
0 0.3823629 0.5000100 0.1470488 0.1470488
0 0.4705982 0.8161865 0.2021959 0.1838135
0 0.4981718 0.8437600 0.1470488 0.1470488
0 0.5165541 0.8621424 0.1102841 0.1102841
0 0.5680247 0.7150835 0.2021959 0.2021959
0 0.5955982 0.7426571 0.1470488 0.1470488
0 0.6139806 0.7610394 0.1102841 0.1102841
0 0.7003776 0.7500100 0.2757253 0.2499900
0 0.7058924 0.8639806 0.2021959 0.1360194
0 0.7114071 0.6103041 0.2021959 0.2021959
0 0.7334659 0.8915541 0.1470488 0.1084459
0 0.7371424 0.7867747 0.2021959 0.2021959
0 0.7389806 0.6378776 0.1470488 0.1470488
0 0.7518482 0.9099365 0.1102841 0.0900635
0 0.7573629 0.6562600 0.1102841 0.1102841
0 0.7647159 0.8143482 0.1470488 0.1470488
0 0.7849365 0.6985394 0.2021959 0.2021959
0 0.7996424 0.8842012 0.2003576 0.1157988
0 0.8125100 0.7261129 0.1470488 0.1470488
0 0.8198629 0.7628776 0.1801371 0.2021959
0 0.8272159 0.9117747 0.1470488 0.0882253
0 0.8308924 0.7444953 0.1102841 0.1102841
0 0.8455982 0.9301571 0.1102841 0.0698429
0 0.8474365 0.7904512 0.1470488 0.1470488
0 0.8474365 0.8603041 0.1525635 0.1396959
0 0.8658188 0.8088335 0.1102841 0.1102841
0 0.8750100 0.8878776 0.1249900 0.1121224
0 0.8805247 0.7132453 0.1194753 0.2021959
0 0.8933924 0.9062600 0.1066076 0.0937400
0 0.9080982 0.7408188 0.0919018 0.1470488
0 0.9264806 0.7592012 0.0735194 0.1102841
