0 0.0000100 0.0000100 0.1911665 0.1452106
0 0.0165541 0.0000100 0.1470488 0.1176371
0 0.0220688 0.1029512 0.2021959 0.2021959
0 0.0349365 0.0000100 0.1102841 0.0992547
0 0.0496424 0.1305247 0.1470488 0.1470488
0 0.0569953 0.0000100 0.2021959 0.1635929
0 0.0680247 0.1489071 0.1102841 0.1102841
0 0.0827306 0.0000100 0.2757253 0.2591812
0 0.0845688 0.0000100 0.1470488 0.1360194
0 0.1029512 0.0073629 0.1102841 0.1102841
0 0.1194953 0.0202306 0.2021959 0.2021959
0 0.1194953 0.4761129 0.2021959 0.2021959
0 0.1470688 0.0478041 0.1470488 0.1470488
0 0.1470688 0.5036865 0.1470488 0.1470488
0 0.1636129 0.0000100 0.2021959 0.1672694
0 0.1654512 0.5220688 0.1102841 0.1102841
0 0.1746424 0.1764806 0.2021959 0.2021959
0 0.1911865 0.0000100 0.1470488 0.1396959
0 0.1985394 0.2022159 0.2021959 0.2021959
0 0.2022159 0.2040541 0.1470488 0.1470488
0 0.2022159 0.2242747 0.2021959 0.2021959
0 0.2058924 0.0404512 0.2021959 0.2021959
0 0.2095688 0.0110394 0.1102841 0.1102841
0 0.2150835 0.5827306 0.2021959 0.2021959
0 0.2205982 0.2224365 0.1102841 0.1102841
0 0.2224365 0.2794218 0.2021959 0.2021959
0 0.2261129 0.2297894 0.1470488 0.1470488
0 0.2279512 0.1489071 0.2021959 0.2021959
0 0.2297894 0.2518482 0.1470488 0.1470488
0 0.2334659 0.0680247 0.1470488 0.1470488
0 0.2389806 0.0275835 0.2021959 0.2021959
0 0.2426571 0.6103041 0.1470488 0.1470488
0 0.2444953 0.2481718 0.1102841 0.1102841
0 0.2481718 0.2702306 0.1102841 0.1102841
0 0.2500100 0.3069953 0.1470488 0.1470488
0 0.2500100 0.5312600 0.2021959 0.2021959
0 0.2518482 0.0864071 0.1102841 0.1102841
0 0.2536865 0.2536865 0.2021959 0.2021959
0 0.2555247 0.1764806 0.1470488 0.1470488
0 0.2610394 0.6286865 0.1102841 0.1102841
0 0.2628776 0.3400835 0.2021959 0.2021959
0 0.2665541 0.0551571 0.1470488 0.1470488
0 0.2683924 0.3253776 0.1102841 0.1102841
0 0.2683924 0.7720688 0.2021959 0.2021959
0 0.2739071 0.1948629 0.1102841 0.1102841
0 0.2775835 0.5588335 0.1470488 0.1470488
0 0.2812600 0.2812600 0.1470488 0.1470488
0 0.2849365 0.0735394 0.1102841 0.1102841
0 0.2904512 0.3676571 0.1470488 0.1470488
0 0.2959659 0.5772159 0.1102841 0.1102841
0 0.2959659 0.7996424 0.1470488 0.1470488
0 0.2996424 0.2996424 0.1102841 0.1102841
0 0.2996424 0.4981718 0.2021959 0.2021959
0 0.3033188 0.6617747 0.2021959 0.2021959
0 0.3051571 0.1489071 0.2021959 0.2021959
0 0.3088335 0.3860394 0.1102841 0.1102841
0 0.3106718 0.4724365 0.2021959 0.2021959
0 0.3143482 0.8180247 0.1102841 0.1102841
0 0.3272159 0.5257453 0.1470488 0.1470488
0 0.3308924 0.4172894 0.2021959 0.2021959
0 0.3308924 0.6893482 0.1470488 0.1470488
0 0.3327306 0.1764806 0.1470488 0.1470488
0 0.3382453 0.5000100 0.1470488 0.1470488
0 0.3419218 0.2628776 0.2021959 0.2021959
0 0.3455982 0.5441276 0.1102841 0.1102841
0 0.3492747 0.7077306 0.1102841 0.1102841
0 0.3511129 0.1948629 0.1102841 0.1102841
0 0.3566276 0.5183924 0.1102841 0.1102841
0 0.3584659 0.4448629 0.1470488 0.1470488
0 0.3694953 0.1967012 0.2021959 0.2021959
0 0.3694953 0.2904512 0.1470488 0.1470488
0 0.3768482 0.4632453 0.1102841 0.1102841
0 0.3878776 0.3088335 0.1102841 0.1102841
0 0.3952306 0.0827306 0.2021959 0.2021959
0 0.3970688 0.2242747 0.1470488 0.1470488
0 0.4154512 0.2426571 0.1102841 0.1102841
0 0.4209659 0.5551571 0.2021959 0.2021959
0 0.4228041 0.1103041 0.1470488 0.1470488
0 0.4338335 0.7095688 0.2021959 0.2021959
0 0.4411865 0.1286865 0.1102841 0.1102841
0 0.4430247 0.2169218 0.2021959 0.2021959
0 0.4485394 0.0092012 0.2021959 0.2021959
0 0.4485394 0.5827306 0.1470488 0.1470488
0 0.4577306 0.2481718 0.2021959 0.2021959
0 0.4614071 0.7371424 0.1470488 0.1470488
0 0.4669218 0.6011129 0.1102841 0.1102841
0 0.4705982 0.2444953 0.1470488 0.1470488
0 0.4742747 0.1617747 0.2021959 0.2021959
0 0.4761129 0.0367747 0.1470488 0.1470488
0 0.4797894 0.7555247 0.1102841 0.1102841
0 0.4853041 0.2757453 0.1470488 0.1470488
0 0.4889806 0.2628776 0.1102841 0.1102841
0 0.4944953 0.0551571 0.1102841 0.1102841
0 0.4963335 0.7555247 0.2021959 0.2021959
0 0.5018482 0.1893482 0.1470488 0.1470488
0 0.5036865 0.2941276 0.1102841 0.1102841
0 0.5092012 0.2353041 0.2021959 0.2021959
0 0.5092012 0.6948629 0.2021959 0.2021959
0 0.5147159 0.8235394 0.2021959 0.1764606
0 0.5202306 0.2077306 0.1102841 0.1102841
0 0.5239071 0.7830982 0.1470488 0.1470488
0 0.5367747 0.2628776 0.1470488 0.1470488
0 0.5367747 0.7224365 0.1470488 0.1470488
0 0.5422894 0.8014806 0.1102841 0.1102841
0 0.5422894 0.8511129 0.1470488 0.1470488
0 0.5459659 0.6489071 0.2021959 0.2021959
0 0.5551571 0.2812600 0.1102841 0.1102841
0 0.5551571 0.7408188 0.1102841 0.1102841
0 0.5606718 0.8694953 0.1102841 0.1102841
0 0.5735394 0.6764806 0.1470488 0.1470488
0 0.5919218 0.6948629 0.1102841 0.1102841
0 0.6305247 0.8860394 0.2021959 0.1139606
0 0.6580982 0.9136129 0.1470488 0.0863871
0 0.6746424 0.2169218 0.2757253 0.2757253
0 0.6764806 0.9319953 0.1102841 0.0680047
0 0.7114071 0.2536865 0.2021959 0.2021959
0 0.7389806 0.2812600 0.1470488 0.1470488
0 0.8584659 0.6856718 0.1415341 0.2021959
0 0.8860394 0.7132453 0.1139606 0.1470488
0 0.9044218 0.7316276 0.0955782 0.1102841
