0 0.0294218 0.0000100 0.2021959 0.1819753
0 0.0569953 0.0073629 0.1470488 0.1470488
0 0.0753776 0.0257453 0.1102841 0.1102841
0 0.1544218 0.0000100 0.2021959 0.1194753
0 0.1819953 0.0000100 0.1470488 0.0919018
0 0.2003776 0.0000100 0.1102841 0.0735194
0 0.6397159 0.0110394 0.2021959 0.2021959
0 0.6672894 0.0386129 0.1470488 0.1470488
0 0.6856718 0.0569953 0.1102841 0.1102841
0 0.7555247 0.0588335 0.2021959 0.2021959
0 0.7830982 0.0864071 0.1470488 0.1470488
0 0.8014806 0.1047894 0.1102841 0.1102841
