0 0.0000100 0.3878776 0.1874900 0.2021959
0 0.0000100 0.6875100 0.1930047 0.2021959
0 0.0128776 0.4154512 0.1470488 0.1470488
0 0.0183924 0.7150835 0.1470488 0.1470488
0 0.0312600 0.4338335 0.1102841 0.1102841
0 0.0367747 0.7334659 0.1102841 0.1102841
0 0.1489071 0.1562600 0.2021959 0.2021959
0 0.1764806 0.1838335 0.1470488 0.1470488
0 0.1948629 0.2022159 0.1102841 0.1102841
0 0.3069953 0.0257453 0.2021959 0.2021959
0 0.3143482 0.5698629 0.2021959 0.2021959
0 0.3345688 0.0533188 0.1470488 0.1470488
0 0.3419218 0.5974365 0.1470488 0.1470488
0 0.3529512 0.0717012 0.1102841 0.1102841
0 0.3603041 0.6158188 0.1102841 0.1102841
0 0.5220688 0.1617747 0.2021959 0.2021959
0 0.5496424 0.1893482 0.1470488 0.1470488
0 0.5680247 0.2077306 0.1102841 0.1102841
0 0.6139806 0.6433924 0.2021959 0.2021959
0 0.6415541 0.6709659 0.1470488 0.1470488
0 0.6599365 0.6893482 0.1102841 0.1102841
0 0.7371424 0.8768482 0.2021959 0.1231518
0 0.7647159 0.9044218 0.1470488 0.0955782
0 0.7830982 0.9228041 0.1102841 0.0771959
