0 0.0000100 0.1783188 0.0735194 0.0919018
0 0.0092012 0.2592012 0.0919018 0.0919018
0 0.0312600 0.1029512 0.0919018 0.0919018
0 0.0422894 0.1415541 0.0919018 0.0919018
0 0.0459659 0.2353041 0.0919018 0.0919018
0 0.0882453 0.4595688 0.0919018 0.0919018
0 0.1194953 0.2481718 0.0919018 0.0919018
0 0.1231718 0.1525835 0.0919018 0.0919018
0 0.1231718 0.6764806 0.0919018 0.0919018
0 0.1599365 0.5422894 0.0919018 0.0919018
0 0.1856718 0.5183924 0.0919018 0.0919018
0 0.1911865 0.2959659 0.0919018 0.0919018
0 0.2150835 0.5735394 0.0919018 0.0919018
0 0.2297894 0.7353041 0.0919018 0.0919018
0 0.2555247 0.6764806 0.0919018 0.0919018
0 0.2628776 0.4871424 0.0919018 0.0919018
0 0.2794218 0.4448629 0.0919018 0.0919018
0 0.3014806 0.4025835 0.0919018 0.0919018
0 0.3750100 0.1103041 0.0919018 0.0919018
0 0.3805247 0.3713335 0.0919018 0.0919018
0 0.5036865 0.6728041 0.0919018 0.0919018
0 0.5533188 0.6764806 0.0919018 0.0919018
0 0.9411865 0.7794218 0.0588135 0.0919018
