0 0.0864071 0.0000100 0.2021959 0.1231518
0 0.1139806 0.0000100 0.1470488 0.0955782
0 0.1323629 0.0000100 0.1102841 0.0771959
0 0.4007453 0.2757453 0.2021959 0.2021959
0 0.4044218 0.3933924 0.2021959 0.2021959
0 0.4283188 0.3033188 0.1470488 0.1470488
0 0.4319953 0.4209659 0.1470488 0.1470488
0 0.4356718 0.1415541 0.2021959 0.2021959
0 0.4393482 0.0000100 0.2021959 0.1378576
0 0.4467012 0.3217012 0.1102841 0.1102841
0 0.4503776 0.4393482 0.1102841 0.1102841
0 0.4632453 0.1691276 0.1470488 0.1470488
0 0.4669218 0.0000100 0.1470488 0.1102841
0 0.4816276 0.1875100 0.1102841 0.1102841
0 0.4853041 0.0000100 0.1102841 0.0919018
0 0.5330982 0.1580982 0.2021959 0.2021959
0 0.5588335 0.1911865 0.2021959 0.2021959
0 0.5606718 0.1856718 0.1470488 0.1470488
0 0.5790541 0.2040541 0.1102841 0.1102841
0 0.5864071 0.2187600 0.1470488 0.1470488
0 0.6029512 0.5367747 0.2021959 0.2021959
0 0.6047894 0.2371424 0.1102841 0.1102841
0 0.6103041 0.0000100 0.2021959 0.1525635
0 0.6158188 0.2481718 0.2021959 0.2021959
0 0.6305247 0.5643482 0.1470488 0.1470488
0 0.6378776 0.0000100 0.1470488 0.1249900
0 0.6433924 0.2757453 0.1470488 0.1470488
0 0.6470688 0.0864071 0.2021959 0.2021959
0 0.6489071 0.5827306 0.1102841 0.1102841
0 0.6562600 0.0000100 0.1102841 0.1066076
0 0.6617747 0.2941276 0.1102841 0.1102841
0 0.6746424 0.1139806 0.1470488 0.1470488
0 0.6930247 0.1323629 0.1102841 0.1102841
0 0.7683924 0.5827306 0.2021959 0.2021959
0 0.7959659 0.6103041 0.1470488 0.1470488
0 0.8051571 0.6562600 0.1948429 0.2021959
0 0.8143482 0.6286865 0.1102841 0.1102841
0 0.8327306 0.6838335 0.1470488 0.1470488
0 0.8364071 0.3842012 0.1635929 0.2021959
0 0.8511129 0.7022159 0.1102841 0.1102841
0 0.8639806 0.4117747 0.1360194 0.1470488
0 0.8823629 0.4301571 0.1102841 0.1102841
