0 0.0000100 0.5772159 0.1801371 0.2021959
0 0.0055247 0.6047894 0.1470488 0.1470488
0 0.0073629 0.2205982 0.2757253 0.2757253
0 0.0239071 0.6231718 0.1102841 0.1102841
0 0.0294218 0.0000100 0.2021959 0.1856518
0 0.0441276 0.2573629 0.2021959 0.2021959
0 0.0478041 0.0900835 0.2021959 0.2021959
0 0.0569953 0.0110394 0.1470488 0.1470488
0 0.0717012 0.2849365 0.1470488 0.1470488
0 0.0753776 0.0294218 0.1102841 0.1102841
0 0.0753776 0.1176571 0.1470488 0.1470488
0 0.0937600 0.1360394 0.1102841 0.1102841
0 0.1580982 0.1856718 0.2021959 0.2021959
0 0.1856718 0.2132453 0.1470488 0.1470488
0 0.2040541 0.2316276 0.1102841 0.1102841
0 0.2279512 0.8805247 0.2021959 0.1194753
0 0.2555247 0.9080982 0.1470488 0.0919018
0 0.2739071 0.9264806 0.1102841 0.0735194
0 0.3768482 0.6764806 0.2021959 0.2021959
0 0.4044218 0.7040541 0.1470488 0.1470488
0 0.4228041 0.7224365 0.1102841 0.1102841
0 0.5533188 0.0422894 0.2021959 0.2021959
0 0.5808924 0.0698629 0.1470488 0.1470488
0 0.5992747 0.0882453 0.1102841 0.1102841
0 0.7628776 0.7775835 0.2021959 0.2021959
0 0.7904512 0.8051571 0.1470488 0.1470488
0 0.8088335 0.8235394 0.1102841 0.1102841
