0 0.2242747 0.8437600 0.2021959 0.1562400
0 0.2408188 0.8106718 0.2021959 0.1893282
0 0.2426571 0.8823629 0.2021959 0.1176371
0 0.2518482 0.8713335 0.1470488 0.1286665
0 0.2683924 0.8382453 0.1470488 0.1470488
0 0.2702306 0.8897159 0.1102841 0.1102841
0 0.2702306 0.9099365 0.1470488 0.0900635
0 0.2867747 0.8566276 0.1102841 0.1102841
0 0.2886129 0.9283188 0.1102841 0.0716812
0 0.2978041 0.8364071 0.2021959 0.1635929
0 0.3033188 0.8694953 0.2021959 0.1305047
0 0.3253776 0.8639806 0.1470488 0.1360194
0 0.3308924 0.8970688 0.1470488 0.1029312
0 0.3327306 0.8768482 0.2021959 0.1231518
0 0.3437600 0.8823629 0.1102841 0.1102841
0 0.3492747 0.9154512 0.1102841 0.0845488
0 0.3603041 0.9044218 0.1470488 0.0955782
0 0.3786865 0.9228041 0.1102841 0.0771959
