0 0.1452306 0.5937600 0.2021959 0.2021959
0 0.1580982 0.4853041 0.2757253 0.2757253
0 0.1709659 0.6360394 0.2021959 0.2021959
0 0.1728041 0.6213335 0.1470488 0.1470488
0 0.1764806 0.5808924 0.2021959 0.2021959
0 0.1893482 0.4228041 0.2021959 0.2021959
0 0.1911865 0.6397159 0.1102841 0.1102841
0 0.1948629 0.5220688 0.2021959 0.2021959
0 0.1985394 0.6636129 0.1470488 0.1470488
0 0.2040541 0.6084659 0.1470488 0.1470488
0 0.2040541 0.6489071 0.2021959 0.2021959
0 0.2114071 0.6084659 0.2021959 0.2021959
0 0.2132453 0.3970688 0.2021959 0.2021959
0 0.2169218 0.4503776 0.1470488 0.1470488
0 0.2169218 0.6819953 0.1102841 0.1102841
0 0.2224365 0.5496424 0.1470488 0.1470488
0 0.2224365 0.6268482 0.1102841 0.1102841
0 0.2316276 0.6764806 0.1470488 0.1470488
0 0.2353041 0.4687600 0.1102841 0.1102841
0 0.2371424 0.3731718 0.2021959 0.2021959
0 0.2389806 0.6360394 0.1470488 0.1470488
0 0.2408188 0.4246424 0.1470488 0.1470488
0 0.2500100 0.6948629 0.1102841 0.1102841
0 0.2573629 0.6544218 0.1102841 0.1102841
0 0.2592012 0.4430247 0.1102841 0.1102841
0 0.2610394 0.4577306 0.2021959 0.2021959
0 0.2647159 0.4007453 0.1470488 0.1470488
0 0.2720688 0.5864071 0.2021959 0.2021959
0 0.2739071 0.6305247 0.2021959 0.2021959
0 0.2830982 0.4191276 0.1102841 0.1102841
0 0.2886129 0.4853041 0.1470488 0.1470488
0 0.2996424 0.6139806 0.1470488 0.1470488
0 0.3014806 0.6580982 0.1470488 0.1470488
0 0.3051571 0.4614071 0.2021959 0.2021959
0 0.3069953 0.5036865 0.1102841 0.1102841
0 0.3180247 0.6323629 0.1102841 0.1102841
0 0.3198629 0.6764806 0.1102841 0.1102841
0 0.3327306 0.4889806 0.1470488 0.1470488
0 0.3511129 0.5073629 0.1102841 0.1102841
0 0.3786865 0.4522159 0.2021959 0.2021959
0 0.3823629 0.5073629 0.2021959 0.2021959
0 0.4062600 0.4797894 0.1470488 0.1470488
0 0.4099365 0.5349365 0.1470488 0.1470488
0 0.4246424 0.4981718 0.1102841 0.1102841
0 0.4283188 0.5533188 0.1102841 0.1102841
0 0.4375100 0.4191276 0.2021959 0.2021959
0 0.4650835 0.4467012 0.1470488 0.1470488
0 0.4834659 0.4650835 0.1102841 0.1102841
0 0.5569953 0.4558924 0.2021959 0.2021959
0 0.5680247 0.8933924 0.2021959 0.1066076
0 0.5735394 0.8621424 0.2021959 0.1378576
0 0.5845688 0.4834659 0.1470488 0.1470488
0 0.5955982 0.9209659 0.1470488 0.0790341
0 0.6011129 0.8897159 0.1470488 0.1102841
0 0.6029512 0.5018482 0.1102841 0.1102841
0 0.6047894 0.8860394 0.2021959 0.1139606
0 0.6066276 0.4724365 0.2021959 0.2021959
0 0.6139806 0.9393482 0.1102841 0.0606518
0 0.6176571 0.8621424 0.2021959 0.1378576
0 0.6194953 0.9080982 0.1102841 0.0919018
0 0.6323629 0.9136129 0.1470488 0.0863871
0 0.6342012 0.5000100 0.1470488 0.1470488
0 0.6452306 0.8897159 0.1470488 0.1102841
0 0.6507453 0.5110394 0.2021959 0.2021959
0 0.6507453 0.9319953 0.1102841 0.0680047
0 0.6525835 0.5183924 0.1102841 0.1102841
0 0.6636129 0.9080982 0.1102841 0.0919018
0 0.6783188 0.5386129 0.1470488 0.1470488
0 0.6967012 0.5569953 0.1102841 0.1102841
0 0.7132453 0.5625100 0.2021959 0.2021959
0 0.7408188 0.5900835 0.1470488 0.1470488
0 0.7426571 0.6231718 0.2021959 0.2021959
0 0.7592012 0.6084659 0.1102841 0.1102841
0 0.7665541 0.8731718 0.2021959 0.1268282
0 0.7702306 0.6507453 0.1470488 0.1470488
0 0.7830982 0.5900835 0.2021959 0.2021959
0 0.7886129 0.6691276 0.1102841 0.1102841
0 0.7941276 0.9007453 0.1470488 0.0992547
0 0.7978041 0.7242747 0.2021959 0.2021959
0 0.7978041 0.8952306 0.2021959 0.1047694
0 0.7996424 0.8474365 0.2003576 0.1525635
0 0.8106718 0.5478041 0.1893282 0.2021959
0 0.8106718 0.6176571 0.1470488 0.1470488
0 0.8125100 0.9191276 0.1102841 0.0808724
0 0.8253776 0.7518482 0.1470488 0.1470488
0 0.8253776 0.9228041 0.1470488 0.0771959
0 0.8272159 0.8750100 0.1470488 0.1249900
0 0.8290541 0.6360394 0.1102841 0.1102841
0 0.8382453 0.5753776 0.1470488 0.1470488
0 0.8382453 0.8014806 0.1617547 0.1985194
0 0.8437600 0.7702306 0.1102841 0.1102841
0 0.8437600 0.9411865 0.1102841 0.0588135
0 0.8455982 0.8933924 0.1102841 0.1066076
0 0.8566276 0.5937600 0.1102841 0.1102841
0 0.8658188 0.8290541 0.1341812 0.1470488
0 0.8842012 0.8474365 0.1102841 0.1102841
