0 0.00735294117647 0.779411764706 0.183823529412 0.183823529412
0 0.0 0.136029411765 0.0827205882353 0.147058823529
0 0.847426470588 0.0 0.128676470588 0.121323529412
0 0.0808823529412 0.351102941176 0.128676470588 0.128676470588
0 0.0 0.352941176471 0.0863970588235 0.128676470588
0 0.347426470588 0.569852941176 0.128676470588 0.128676470588
0 0.448529411765 0.584558823529 0.128676470588 0.128676470588
0 0.661764705882 0.876838235294 0.128676470588 0.123161764706
0 0.698529411765 0.409926470588 0.128676470588 0.128676470588
0 0.492647058824 0.602941176471 0.128676470588 0.128676470588
0 0.397058823529 0.797794117647 0.128676470588 0.128676470588
