0 0.0 0.196691176471 0.0919117647059 0.183823529412
0 0.345588235294 0.277573529412 0.183823529412 0.183823529412
0 0.577205882353 0.696691176471 0.183823529412 0.183823529412
0 0.00735294117647 0.0 0.128676470588 0.0919117647059
0 0.215073529412 0.0 0.128676470588 0.0919117647059
0 0.501838235294 0.0 0.128676470588 0.104779411765
0 0.724264705882 0.0459558823529 0.128676470588 0.128676470588
0 0.400735294118 0.0698529411765 0.128676470588 0.128676470588
0 0.169117647059 0.0974264705882 0.128676470588 0.128676470588
0 0.705882352941 0.123161764706 0.128676470588 0.128676470588
0 0.573529411765 0.134191176471 0.128676470588 0.128676470588
0 0.443014705882 0.15625 0.128676470588 0.128676470588
0 0.549632352941 0.174632352941 0.128676470588 0.128676470588
0 0.321691176471 0.204044117647 0.128676470588 0.128676470588
0 0.884191176471 0.259191176471 0.115808823529 0.128676470588
0 0.691176470588 0.308823529412 0.128676470588 0.128676470588
0 0.272058823529 0.319852941176 0.128676470588 0.128676470588
0 0.676470588235 0.373161764706 0.128676470588 0.128676470588
0 0.354779411765 0.479779411765 0.128676470588 0.128676470588
0 0.511029411765 0.523897058824 0.128676470588 0.128676470588
0 0.259191176471 0.536764705882 0.128676470588 0.128676470588
0 0.128676470588 0.551470588235 0.128676470588 0.128676470588
0 0.597426470588 0.575367647059 0.128676470588 0.128676470588
0 0.670955882353 0.584558823529 0.128676470588 0.128676470588
0 0.174632352941 0.637867647059 0.128676470588 0.128676470588
0 0.0698529411765 0.674632352941 0.128676470588 0.128676470588
0 0.672794117647 0.689338235294 0.128676470588 0.128676470588
0 0.290441176471 0.790441176471 0.128676470588 0.128676470588
0 0.402573529412 0.797794117647 0.128676470588 0.128676470588
0 0.488970588235 0.810661764706 0.128676470588 0.128676470588
0 0.143382352941 0.84375 0.128676470588 0.128676470588
0 0.772058823529 0.856617647059 0.128676470588 0.128676470588
