0 0.6691276 0.0000100 0.1838135 0.1231518
0 0.0000100 0.1378776 0.1617547 0.1838135
0 0.3511129 0.6360394 0.1838135 0.1838135
0 0.0441276 0.0000100 0.1286665 0.0643282
0 0.3915541 0.0000100 0.1286665 0.0716812
0 0.0000100 0.0183924 0.1213135 0.1286665
0 0.2058924 0.0386129 0.1286665 0.1286665
0 0.0000100 0.0514806 0.0643282 0.1286665
0 0.3547894 0.0772159 0.1286665 0.1286665
0 0.2040541 0.1011129 0.1286665 0.1286665
0 0.0992747 0.1360394 0.1286665 0.1286665
0 0.2334659 0.1525835 0.1286665 0.1286665
0 0.4228041 0.3327306 0.1286665 0.1286665
0 0.5845688 0.5698629 0.1286665 0.1286665
0 0.2757453 0.5974365 0.1286665 0.1286665
0 0.8842012 0.7205982 0.1157988 0.1286665
0 0.5717012 0.7297894 0.1286665 0.1286665
0 0.2205982 0.7353041 0.1286665 0.1286665
0 0.0000100 0.8253776 0.0845488 0.1286665
0 0.9338335 0.8290541 0.0661665 0.1286665
0 0.4908188 0.8308924 0.1286665 0.1286665
0 0.8217012 0.8511129 0.1286665 0.1286665
0 0.4944953 0.6544218 0.1286665 0.1286665
0 0.8547894 0.8455982 0.1286665 0.1286665
