0 0.459558823529 0.78125 0.183823529412 0.183823529412
0 0.00367647058824 0.873161764706 0.183823529412 0.126838235294
0 0.261029411765 0.0 0.128676470588 0.0698529411765
0 0.862132352941 0.0 0.128676470588 0.0974264705882
0 0.395220588235 0.0606617647059 0.128676470588 0.128676470588
0 0.0716911764706 0.0716911764706 0.128676470588 0.128676470588
0 0.288602941176 0.0827205882353 0.128676470588 0.128676470588
0 0.71875 0.121323529412 0.128676470588 0.128676470588
0 0.503676470588 0.152573529412 0.128676470588 0.128676470588
0 0.0 0.194852941176 0.0661764705882 0.128676470588
0 0.400735294118 0.196691176471 0.128676470588 0.128676470588
0 0.0 0.200367647059 0.121323529412 0.128676470588
0 0.102941176471 0.261029411765 0.128676470588 0.128676470588
0 0.417279411765 0.338235294118 0.128676470588 0.128676470588
0 0.865808823529 0.365808823529 0.128676470588 0.128676470588
0 0.654411764706 0.395220588235 0.128676470588 0.128676470588
0 0.748161764706 0.400735294118 0.128676470588 0.128676470588
0 0.417279411765 0.426470588235 0.128676470588 0.128676470588
0 0.577205882353 0.505514705882 0.128676470588 0.128676470588
0 0.509191176471 0.610294117647 0.128676470588 0.128676470588
0 0.200367647059 0.724264705882 0.128676470588 0.128676470588
0 0.0 0.814338235294 0.0680147058824 0.128676470588
0 0.237132352941 0.830882352941 0.128676470588 0.128676470588
0 0.674632352941 0.851102941176 0.128676470588 0.128676470588
0 0.185661764706 0.862132352941 0.128676470588 0.128676470588
0 0.5625 0.897058823529 0.128676470588 0.102941176471
0 0.472426470588 0.347426470588 0.128676470588 0.128676470588
