0 0.6194953 0.4926571 0.1838135 0.1838135
0 0.3603041 0.0000100 0.1286665 0.1084459
0 0.2261129 0.2279512 0.1286665 0.1286665
0 0.4889806 0.2555247 0.1286665 0.1286665
0 0.6176571 0.3308924 0.1286665 0.1286665
0 0.7592012 0.3584659 0.1286665 0.1286665
0 0.4614071 0.3603041 0.1286665 0.1286665
0 0.0919218 0.4062600 0.1286665 0.1286665
0 0.3768482 0.4246424 0.1286665 0.1286665
0 0.2812600 0.4467012 0.1286665 0.1286665
0 0.7849365 0.4797894 0.1286665 0.1286665
0 0.1342012 0.5092012 0.1286665 0.1286665
0 0.0845688 0.5661865 0.1286665 0.1286665
0 0.4816276 0.5790541 0.1286665 0.1286665
0 0.3474365 0.6213335 0.1286665 0.1286665
0 0.1856718 0.6911865 0.1286665 0.1286665
0 0.2941276 0.7389806 0.1286665 0.1286665
0 0.4650835 0.7518482 0.1286665 0.1286665
0 0.0000100 0.8014806 0.0974165 0.1286665
0 0.5735394 0.8290541 0.1286665 0.1286665
0 0.6507453 0.8860394 0.1286665 0.1139606
0 0.0000100 0.8878776 0.0790341 0.1121224
0 0.0845688 0.8970688 0.1286665 0.1029312
0 0.2555247 0.3474365 0.1286665 0.1286665
