0 0.380514705882 0.139705882353 0.183823529412 0.183823529412
0 0.852941176471 0.586397058824 0.147058823529 0.183823529412
0 0.384191176471 0.0147058823529 0.128676470588 0.128676470588
0 0.0992647058824 0.0698529411765 0.128676470588 0.128676470588
0 0.821691176471 0.0827205882353 0.128676470588 0.128676470588
0 0.272058823529 0.108455882353 0.128676470588 0.128676470588
0 0.5625 0.110294117647 0.128676470588 0.128676470588
0 0.235294117647 0.231617647059 0.128676470588 0.128676470588
0 0.112132352941 0.242647058824 0.128676470588 0.128676470588
0 0.830882352941 0.248161764706 0.128676470588 0.128676470588
0 0.672794117647 0.262867647059 0.128676470588 0.128676470588
0 0.0 0.297794117647 0.101102941176 0.128676470588
0 0.279411764706 0.347426470588 0.128676470588 0.128676470588
0 0.869485294118 0.352941176471 0.128676470588 0.128676470588
0 0.134191176471 0.483455882353 0.128676470588 0.128676470588
0 0.762867647059 0.5 0.128676470588 0.128676470588
0 0.444852941176 0.571691176471 0.128676470588 0.128676470588
0 0.797794117647 0.599264705882 0.128676470588 0.128676470588
0 0.0606617647059 0.647058823529 0.128676470588 0.128676470588
0 0.211397058824 0.702205882353 0.128676470588 0.128676470588
0 0.479779411765 0.709558823529 0.128676470588 0.128676470588
0 0.3125 0.735294117647 0.128676470588 0.128676470588
0 0.253676470588 0.755514705882 0.128676470588 0.128676470588
0 0.485294117647 0.860294117647 0.128676470588 0.128676470588
0 0.448529411765 0.748161764706 0.128676470588 0.128676470588
0 0.637867647059 0.783088235294 0.128676470588 0.128676470588
