0 0.6562600 0.0772159 0.1838135 0.1838135
0 0.0974365 0.0845688 0.1286665 0.1286665
0 0.5478041 0.1011129 0.1286665 0.1286665
0 0.2665541 0.1728041 0.1286665 0.1286665
0 0.1838335 0.2040541 0.1286665 0.1286665
0 0.6323629 0.2279512 0.1286665 0.1286665
0 0.2371424 0.5422894 0.1286665 0.1286665
0 0.0882453 0.6489071 0.1286665 0.1286665
0 0.3970688 0.6838335 0.1286665 0.1286665
0 0.3051571 0.7426571 0.1286665 0.1286665
0 0.4117747 0.8290541 0.1286665 0.1286665
0 0.5018482 0.0312600 0.1286665 0.1286665
0 0.8621424 0.2095688 0.1286665 0.1286665
0 0.0845688 0.6930247 0.1286665 0.1286665
0 0.3603041 0.7463335 0.1286665 0.1286665
0 0.0000100 0.7757453 0.0882253 0.1286665
0 0.1176571 0.7867747 0.1286665 0.1286665
0 0.0643482 0.8217012 0.1286665 0.1286665
0 0.0367747 0.8382453 0.1286665 0.1286665
0 0.0588335 0.8584659 0.1286665 0.1286665
