0 0.5625 0.0330882352941 0.183823529412 0.183823529412
0 0.779411764706 0.0 0.128676470588 0.0790441176471
0 0.650735294118 0.0 0.128676470588 0.0808823529412
0 0.516544117647 0.0 0.128676470588 0.0845588235294
0 0.693014705882 0.0 0.128676470588 0.119485294118
0 0.762867647059 0.00183823529412 0.128676470588 0.128676470588
0 0.65625 0.0330882352941 0.128676470588 0.128676470588
0 0.790441176471 0.0625 0.128676470588 0.128676470588
0 0.398897058824 0.0716911764706 0.128676470588 0.128676470588
0 0.658088235294 0.163602941176 0.128676470588 0.128676470588
0 0.308823529412 0.170955882353 0.128676470588 0.128676470588
0 0.415441176471 0.216911764706 0.128676470588 0.128676470588
0 0.290441176471 0.259191176471 0.128676470588 0.128676470588
0 0.529411764706 0.284926470588 0.128676470588 0.128676470588
0 0.341911764706 0.301470588235 0.128676470588 0.128676470588
0 0.472426470588 0.3125 0.128676470588 0.128676470588
0 0.457720588235 0.0147058823529 0.128676470588 0.128676470588
0 0.720588235294 0.101102941176 0.128676470588 0.128676470588
0 0.658088235294 0.102941176471 0.128676470588 0.128676470588
0 0.681985294118 0.134191176471 0.128676470588 0.128676470588
0 0.321691176471 0.227941176471 0.128676470588 0.128676470588
0 0.887867647059 0.345588235294 0.112132352941 0.128676470588
