0 0.259191176471 0.261029411765 0.183823529412 0.183823529412
0 0.588235294118 0.0 0.128676470588 0.104779411765
0 0.301470588235 0.0 0.128676470588 0.115808823529
0 0.441176470588 0.34375 0.128676470588 0.128676470588
0 0.415441176471 0.435661764706 0.128676470588 0.128676470588
0 0.487132352941 0.450367647059 0.128676470588 0.128676470588
0 0.154411764706 0.454044117647 0.128676470588 0.128676470588
0 0.321691176471 0.533088235294 0.128676470588 0.128676470588
0 0.602941176471 0.625 0.128676470588 0.128676470588
0 0.448529411765 0.630514705882 0.128676470588 0.128676470588
0 0.408088235294 0.3125 0.128676470588 0.128676470588
