0 0.1213335 0.0000100 0.1838135 0.1672694
0 0.9044218 0.2739071 0.0955782 0.1838135
0 0.4319953 0.5018482 0.1838135 0.1838135
0 0.1433924 0.5882453 0.1838135 0.1838135
0 0.4209659 0.7775835 0.1838135 0.1838135
0 0.6231718 0.0422894 0.1286665 0.1286665
0 0.6599365 0.1470688 0.1286665 0.1286665
0 0.4816276 0.1819953 0.1286665 0.1286665
0 0.5827306 0.1893482 0.1286665 0.1286665
0 0.6121424 0.2389806 0.1286665 0.1286665
0 0.6580982 0.3125100 0.1286665 0.1286665
0 0.2500100 0.3345688 0.1286665 0.1286665
0 0.1084659 0.3842012 0.1286665 0.1286665
0 0.5882453 0.6875100 0.1286665 0.1286665
0 0.6856718 0.7978041 0.1286665 0.1286665
0 0.0000100 0.0110394 0.1249900 0.1286665
0 0.6636129 0.0661865 0.1286665 0.1286665
0 0.6489071 0.1875100 0.1286665 0.1286665
0 0.0698629 0.2022159 0.1286665 0.1286665
0 0.1617747 0.2794218 0.1286665 0.1286665
0 0.3345688 0.6893482 0.1286665 0.1286665
