0 0.0 0.174632352941 0.165441176471 0.183823529412
0 0.698529411765 0.658088235294 0.183823529412 0.183823529412
0 0.371323529412 0.744485294118 0.183823529412 0.183823529412
0 0.148897058824 0.251838235294 0.128676470588 0.128676470588
0 0.386029411765 0.577205882353 0.128676470588 0.128676470588
0 0.783088235294 0.626838235294 0.128676470588 0.128676470588
0 0.821691176471 0.659926470588 0.128676470588 0.128676470588
0 0.384191176471 0.689338235294 0.128676470588 0.128676470588
0 0.803308823529 0.799632352941 0.128676470588 0.128676470588
0 0.476102941176 0.891544117647 0.128676470588 0.108455882353
0 0.244485294118 0.1875 0.128676470588 0.128676470588
