0 0.709558823529 0.0 0.128676470588 0.123161764706
0 0.154411764706 0.113970588235 0.128676470588 0.128676470588
0 0.509191176471 0.172794117647 0.128676470588 0.128676470588
0 0.558823529412 0.474264705882 0.128676470588 0.128676470588
0 0.884191176471 0.540441176471 0.115808823529 0.128676470588
0 0.759191176471 0.639705882353 0.128676470588 0.128676470588
0 0.902573529412 0.748161764706 0.0974264705882 0.128676470588
0 0.509191176471 0.0 0.128676470588 0.121323529412
0 0.869485294118 0.376838235294 0.128676470588 0.128676470588
0 0.431985294118 0.395220588235 0.128676470588 0.128676470588
0 0.797794117647 0.705882352941 0.128676470588 0.128676470588
