0 0.121323529412 0.0 0.147058823529 0.147058823529
0 0.310661764706 0.0 0.128676470588 0.104779411765
0 0.224264705882 0.0238970588235 0.128676470588 0.128676470588
0 0.439338235294 0.0386029411765 0.128676470588 0.128676470588
0 0.319852941176 0.0514705882353 0.128676470588 0.128676470588
0 0.404411764706 0.0882352941176 0.128676470588 0.128676470588
0 0.209558823529 0.112132352941 0.128676470588 0.128676470588
0 0.275735294118 0.126838235294 0.128676470588 0.128676470588
0 0.0202205882353 0.134191176471 0.128676470588 0.128676470588
0 0.0625 0.136029411765 0.128676470588 0.128676470588
0 0.0147058823529 0.251838235294 0.128676470588 0.128676470588
0 0.121323529412 0.259191176471 0.128676470588 0.128676470588
0 0.0827205882353 0.272058823529 0.128676470588 0.128676470588
0 0.0 0.292279411765 0.0772058823529 0.128676470588
0 0.0404411764706 0.0 0.128676470588 0.0716911764706
0 0.382352941176 0.00919117647059 0.128676470588 0.128676470588
0 0.126838235294 0.21875 0.128676470588 0.128676470588
