0 0.101102941176 0.601102941176 0.183823529412 0.183823529412
0 0.0330882352941 0.53125 0.128676470588 0.128676470588
0 0.0 0.577205882353 0.110294117647 0.128676470588
0 0.0 0.628676470588 0.0863970588235 0.128676470588
0 0.0625 0.678308823529 0.128676470588 0.128676470588
0 0.507352941176 0.685661764706 0.128676470588 0.128676470588
0 0.0275735294118 0.696691176471 0.128676470588 0.128676470588
0 0.0202205882353 0.727941176471 0.128676470588 0.128676470588
0 0.422794117647 0.727941176471 0.128676470588 0.128676470588
0 0.159926470588 0.775735294118 0.128676470588 0.128676470588
0 0.1875 0.841911764706 0.128676470588 0.128676470588
0 0.248161764706 0.854779411765 0.128676470588 0.128676470588
0 0.196691176471 0.889705882353 0.128676470588 0.110294117647
0 0.0680147058824 0.909926470588 0.128676470588 0.0900735294118
0 0.0477941176471 0.909926470588 0.128676470588 0.0900735294118
0 0.126838235294 0.928308823529 0.128676470588 0.0716911764706
0 0.549632352941 0.0845588235294 0.128676470588 0.128676470588
0 0.00919117647059 0.582720588235 0.128676470588 0.128676470588
0 0.0 0.667279411765 0.0680147058824 0.128676470588
0 0.360294117647 0.722426470588 0.128676470588 0.128676470588
0 0.501838235294 0.75 0.128676470588 0.128676470588
0 0.0 0.838235294118 0.0735294117647 0.128676470588
0 0.439338235294 0.841911764706 0.128676470588 0.128676470588
0 0.522058823529 0.845588235294 0.128676470588 0.128676470588
0 0.378676470588 0.895220588235 0.128676470588 0.104779411765
0 0.0 0.904411764706 0.0772058823529 0.0955882352941
0 0.231617647059 0.909926470588 0.128676470588 0.0900735294118
