0 0.229779411765 0.726102941176 0.128676470588 0.128676470588
0 0.273897058824 0.783088235294 0.128676470588 0.128676470588
0 0.376838235294 0.784926470588 0.128676470588 0.128676470588
0 0.332720588235 0.821691176471 0.128676470588 0.128676470588
0 0.494485294118 0.821691176471 0.128676470588 0.128676470588
0 0.0422794117647 0.849264705882 0.128676470588 0.128676470588
0 0.283088235294 0.900735294118 0.128676470588 0.0992647058824
0 0.0808823529412 0.823529411765 0.128676470588 0.128676470588
0 0.413602941176 0.884191176471 0.128676470588 0.115808823529
0 0.533088235294 0.930147058824 0.128676470588 0.0698529411765
