0 0.8566276 0.8768482 0.1433724 0.1231518
0 0.4522159 0.0000100 0.1286665 0.0661665
0 0.0827306 0.0000100 0.1286665 0.0992547
0 0.0073629 0.0000100 0.1286665 0.1066076
0 0.5551571 0.0000100 0.1286665 0.1268282
0 0.1323629 0.0036865 0.1286665 0.1286665
0 0.3842012 0.0018482 0.1286665 0.1286665
0 0.0717012 0.0220688 0.1286665 0.1286665
0 0.0165541 0.0275835 0.1286665 0.1286665
0 0.1103041 0.0625100 0.1286665 0.1286665
0 0.1911865 0.0753776 0.1286665 0.1286665
0 0.0808924 0.0790541 0.1286665 0.1286665
0 0.3768482 0.0845688 0.1286665 0.1286665
0 0.4117747 0.0992747 0.1286665 0.1286665
0 0.2573629 0.1084659 0.1286665 0.1286665
0 0.1525835 0.1213335 0.1286665 0.1286665
0 0.4981718 0.1489071 0.1286665 0.1286665
0 0.3603041 0.1525835 0.1286665 0.1286665
0 0.1047894 0.1856718 0.1286665 0.1286665
0 0.4246424 0.2003776 0.1286665 0.1286665
0 0.2683924 0.2444953 0.1286665 0.1286665
0 0.5514806 0.2720688 0.1286665 0.1286665
0 0.5055247 0.2812600 0.1286665 0.1286665
0 0.6342012 0.2941276 0.1286665 0.1286665
0 0.3952306 0.3272159 0.1286665 0.1286665
0 0.3180247 0.3437600 0.1286665 0.1286665
0 0.1452306 0.3603041 0.1286665 0.1286665
0 0.0000100 0.4301571 0.1176371 0.1286665
0 0.2261129 0.4503776 0.1286665 0.1286665
0 0.0000100 0.4595688 0.0735194 0.1286665
0 0.0000100 0.5404512 0.0661665 0.1286665
0 0.6011129 0.8143482 0.1286665 0.1286665
0 0.6764806 0.8547894 0.1286665 0.1286665
0 0.3437600 0.8731718 0.1286665 0.1268282
0 0.4503776 0.8897159 0.1286665 0.1102841
0 0.4025835 0.8970688 0.1286665 0.1029312
0 0.6084659 0.8952306 0.1286665 0.1047694
0 0.9228041 0.9080982 0.0771959 0.0919018
0 0.6342012 0.9117747 0.1286665 0.0882253
0 0.2408188 0.9228041 0.1286665 0.0771959
0 0.3198629 0.9228041 0.1286665 0.0771959
0 0.6875100 0.9228041 0.1286665 0.0771959
0 0.5036865 0.9264806 0.1286665 0.0735194
0 0.4705982 0.0000100 0.1286665 0.1286665
0 0.2592012 0.1507453 0.1286665 0.1286665
0 0.6397159 0.2261129 0.1286665 0.1286665
0 0.3474365 0.2849365 0.1286665 0.1286665
0 0.8731718 0.7886129 0.1268282 0.1286665
0 0.7150835 0.8014806 0.1286665 0.1286665
0 0.7408188 0.9007453 0.1286665 0.0992547
