0 0.617647058824 0.612132352941 0.183823529412 0.183823529412
0 0.130514705882 0.737132352941 0.183823529412 0.183823529412
0 0.851102941176 0.158088235294 0.128676470588 0.128676470588
0 0.886029411765 0.367647058824 0.113970588235 0.128676470588
0 0.897058823529 0.409926470588 0.102941176471 0.128676470588
0 0.919117647059 0.470588235294 0.0808823529412 0.128676470588
0 0.0 0.483455882353 0.0974264705882 0.128676470588
0 0.900735294118 0.514705882353 0.0992647058824 0.128676470588
0 0.854779411765 0.540441176471 0.128676470588 0.128676470588
0 0.871323529412 0.606617647059 0.128676470588 0.128676470588
0 0.514705882353 0.608455882353 0.128676470588 0.128676470588
0 0.851102941176 0.663602941176 0.128676470588 0.128676470588
0 0.810661764706 0.681985294118 0.128676470588 0.128676470588
0 0.610294117647 0.744485294118 0.128676470588 0.128676470588
0 0.784926470588 0.788602941176 0.128676470588 0.128676470588
0 0.729779411765 0.795955882353 0.128676470588 0.128676470588
0 0.683823529412 0.821691176471 0.128676470588 0.128676470588
0 0.748161764706 0.911764705882 0.128676470588 0.0882352941176
0 0.702205882353 0.920955882353 0.128676470588 0.0790441176471
0 0.887867647059 0.292279411765 0.112132352941 0.128676470588
0 0.818014705882 0.299632352941 0.128676470588 0.128676470588
0 0.674632352941 0.319852941176 0.128676470588 0.128676470588
0 0.395220588235 0.338235294118 0.128676470588 0.128676470588
0 0.764705882353 0.338235294118 0.128676470588 0.128676470588
0 0.523897058824 0.360294117647 0.128676470588 0.128676470588
0 0.637867647059 0.360294117647 0.128676470588 0.128676470588
0 0.604779411765 0.409926470588 0.128676470588 0.128676470588
0 0.816176470588 0.507352941176 0.128676470588 0.128676470588
0 0.630514705882 0.680147058824 0.128676470588 0.128676470588
0 0.485294117647 0.683823529412 0.128676470588 0.128676470588
0 0.582720588235 0.685661764706 0.128676470588 0.128676470588
0 0.643382352941 0.702205882353 0.128676470588 0.128676470588
0 0.700367647059 0.738970588235 0.128676470588 0.128676470588
0 0.672794117647 0.748161764706 0.128676470588 0.128676470588
0 0.759191176471 0.75 0.128676470588 0.128676470588
0 0.645220588235 0.797794117647 0.128676470588 0.128676470588
0 0.599264705882 0.823529411765 0.128676470588 0.128676470588
0 0.737132352941 0.858455882353 0.128676470588 0.128676470588
0 0.402573529412 0.884191176471 0.128676470588 0.115808823529
0 0.663602941176 0.898897058824 0.128676470588 0.101102941176
0 0.801470588235 0.904411764706 0.128676470588 0.0955882352941
