0 0.128676470588 0.09375 0.147058823529 0.147058823529
0 0.237132352941 0.15625 0.147058823529 0.147058823529
0 0.170955882353 0.169117647059 0.147058823529 0.147058823529
0 0.198529411765 0.246323529412 0.147058823529 0.147058823529
0 0.0 0.294117647059 0.0955882352941 0.147058823529
0 0.106617647059 0.457720588235 0.147058823529 0.147058823529
0 0.0 0.615808823529 0.136029411765 0.147058823529
0 0.139705882353 0.704044117647 0.147058823529 0.147058823529
0 0.0496323529412 0.191176470588 0.128676470588 0.128676470588
0 0.0 0.365808823529 0.0735294117647 0.128676470588
0 0.0 0.413602941176 0.125 0.128676470588
0 0.0183823529412 0.470588235294 0.128676470588 0.128676470588
0 0.145220588235 0.579044117647 0.128676470588 0.128676470588
0 0.0533088235294 0.586397058824 0.128676470588 0.128676470588
0 0.0 0.599264705882 0.0716911764706 0.128676470588
0 0.0 0.650735294118 0.106617647059 0.128676470588
0 0.0183823529412 0.248161764706 0.128676470588 0.128676470588
0 0.0404411764706 0.40625 0.128676470588 0.128676470588
0 0.0275735294118 0.704044117647 0.128676470588 0.128676470588
