0 0.0 0.768382352941 0.0716911764706 0.128676470588
0 0.178308823529 0.832720588235 0.128676470588 0.128676470588
0 0.588235294118 0.931985294118 0.128676470588 0.0680147058824
0 0.03125 0.753676470588 0.128676470588 0.128676470588
0 0.0 0.764705882353 0.115808823529 0.128676470588
0 0.0349264705882 0.790441176471 0.128676470588 0.128676470588
0 0.472426470588 0.803308823529 0.128676470588 0.128676470588
0 0.323529411765 0.806985294118 0.128676470588 0.128676470588
0 0.110294117647 0.821691176471 0.128676470588 0.128676470588
0 0.143382352941 0.84375 0.128676470588 0.128676470588
0 0.409926470588 0.84375 0.128676470588 0.128676470588
