0 0.7003776 0.0000100 0.1286665 0.0753576
0 0.3143482 0.0000100 0.1286665 0.0808724
0 0.5312600 0.0000100 0.1286665 0.0827106
0 0.0000100 0.1011129 0.1047694 0.1286665
0 0.8290541 0.2573629 0.1286665 0.1286665
0 0.3364071 0.2739071 0.1286665 0.1286665
0 0.1544218 0.3125100 0.1286665 0.1286665
0 0.0128776 0.4228041 0.1286665 0.1286665
0 0.4411865 0.6231718 0.1286665 0.1286665
0 0.3455982 0.6654512 0.1286665 0.1286665
0 0.0000100 0.8143482 0.1157988 0.1286665
0 0.1047894 0.8180247 0.1286665 0.1286665
0 0.3915541 0.3805247 0.1286665 0.1286665
0 0.2095688 0.7389806 0.1286665 0.1286665
0 0.2996424 0.8603041 0.1286665 0.1286665
