0 0.345588235294 0.194852941176 0.128676470588 0.128676470588
0 0.0661764705882 0.235294117647 0.128676470588 0.128676470588
0 0.435661764706 0.295955882353 0.128676470588 0.128676470588
0 0.0128676470588 0.340073529412 0.128676470588 0.128676470588
0 0.490808823529 0.472426470588 0.128676470588 0.128676470588
0 0.685661764706 0.534926470588 0.128676470588 0.128676470588
0 0.588235294118 0.628676470588 0.128676470588 0.128676470588
0 0.509191176471 0.641544117647 0.128676470588 0.128676470588
0 0.452205882353 0.659926470588 0.128676470588 0.128676470588
0 0.147058823529 0.126838235294 0.128676470588 0.128676470588
