0 0.761029411765 0.0 0.183823529412 0.163602941176
0 0.183823529412 0.375 0.183823529412 0.183823529412
0 0.762867647059 0.601102941176 0.183823529412 0.183823529412
0 0.340073529412 0.5625 0.147058823529 0.147058823529
0 0.707720588235 0.0 0.128676470588 0.0974264705882
0 0.0 0.0 0.0992647058824 0.108455882353
0 0.889705882353 0.0 0.110294117647 0.113970588235
0 0.0 0.0220588235294 0.113970588235 0.128676470588
0 0.580882352941 0.0790441176471 0.128676470588 0.128676470588
0 0.534926470588 0.123161764706 0.128676470588 0.128676470588
0 0.659926470588 0.158088235294 0.128676470588 0.128676470588
0 0.733455882353 0.204044117647 0.128676470588 0.128676470588
0 0.628676470588 0.235294117647 0.128676470588 0.128676470588
0 0.492647058824 0.310661764706 0.128676470588 0.128676470588
0 0.658088235294 0.349264705882 0.128676470588 0.128676470588
0 0.851102941176 0.71875 0.128676470588 0.128676470588
0 0.766544117647 0.740808823529 0.128676470588 0.128676470588
0 0.628676470588 0.794117647059 0.128676470588 0.128676470588
0 0.873161764706 0.0 0.126838235294 0.0680147058824
0 0.00735294117647 0.0 0.128676470588 0.117647058824
0 0.0 0.15625 0.0992647058824 0.128676470588
0 0.876838235294 0.238970588235 0.123161764706 0.128676470588
0 0.498161764706 0.248161764706 0.128676470588 0.128676470588
0 0.84375 0.490808823529 0.128676470588 0.128676470588
