0 0.0 0.112132352941 0.125 0.147058823529
0 0.0367647058824 0.283088235294 0.147058823529 0.147058823529
0 0.0772058823529 0.0128676470588 0.128676470588 0.128676470588
0 0.0147058823529 0.387867647059 0.128676470588 0.128676470588
0 0.213235294118 0.0257352941176 0.128676470588 0.128676470588
0 0.00735294117647 0.0716911764706 0.128676470588 0.128676470588
0 0.0808823529412 0.261029411765 0.128676470588 0.128676470588
0 0.0 0.284926470588 0.0735294117647 0.128676470588
0 0.0808823529412 0.384191176471 0.128676470588 0.128676470588
0 0.0 0.474264705882 0.0753676470588 0.128676470588
