0 0.2279512 0.0790541 0.1838135 0.1838135
0 0.8492747 0.2518482 0.1507253 0.1838135
0 0.1213335 0.7536865 0.1838135 0.1838135
0 0.3511129 0.6967012 0.1470488 0.1470488
0 0.2647159 0.2150835 0.1286665 0.1286665
0 0.6103041 0.2922894 0.1286665 0.1286665
0 0.2169218 0.5239071 0.1286665 0.1286665
0 0.3860394 0.6158188 0.1286665 0.1286665
0 0.1286865 0.6691276 0.1286665 0.1286665
0 0.0551571 0.7775835 0.1286665 0.1286665
0 0.0128776 0.8547894 0.1286665 0.1286665
0 0.2316276 0.8566276 0.1286665 0.1286665
0 0.2279512 0.9191276 0.1286665 0.0808724
0 0.6893482 0.1286865 0.1286665 0.1286665
0 0.6415541 0.2095688 0.1286665 0.1286665
0 0.3437600 0.3511129 0.1286665 0.1286665
0 0.3327306 0.5478041 0.1286665 0.1286665
0 0.1047894 0.7132453 0.1286665 0.1286665
0 0.0588335 0.8345688 0.1286665 0.1286665
0 0.1433924 0.8400835 0.1286665 0.1286665
