0 0.0864071 0.2702306 0.1838135 0.1838135
0 0.2665541 0.7261129 0.1838135 0.1838135
0 0.1764806 0.1856718 0.1286665 0.1286665
0 0.0202306 0.2978041 0.1286665 0.1286665
0 0.0625100 0.3143482 0.1286665 0.1286665
0 0.0000100 0.3492747 0.1286665 0.1286665
0 0.1415541 0.7536865 0.1286665 0.1286665
0 0.0698629 0.7665541 0.1286665 0.1286665
0 0.3713335 0.8860394 0.1286665 0.1139606
0 0.0000100 0.2297894 0.1176371 0.1286665
0 0.2371424 0.2279512 0.1286665 0.1286665
0 0.2095688 0.2463335 0.1286665 0.1286665
0 0.2426571 0.3382453 0.1286665 0.1286665
0 0.1158188 0.7959659 0.1286665 0.1286665
0 0.2481718 0.8492747 0.1286665 0.1286665
0 0.3970688 0.9044218 0.1286665 0.0955782
