0 0.363970588235 0.189338235294 0.183823529412 0.183823529412
0 0.404411764706 0.270220588235 0.147058823529 0.147058823529
0 0.330882352941 0.0 0.128676470588 0.110294117647
0 0.0459558823529 0.0 0.128676470588 0.112132352941
0 0.452205882353 0.0238970588235 0.128676470588 0.128676470588
0 0.433823529412 0.136029411765 0.128676470588 0.128676470588
0 0.0808823529412 0.174632352941 0.128676470588 0.128676470588
0 0.200367647059 0.178308823529 0.128676470588 0.128676470588
0 0.137867647059 0.231617647059 0.128676470588 0.128676470588
0 0.209558823529 0.284926470588 0.128676470588 0.128676470588
0 0.564338235294 0.0 0.128676470588 0.0643382352941
0 0.490808823529 0.0 0.128676470588 0.0753676470588
0 0.301470588235 0.0 0.128676470588 0.0919117647059
0 0.00183823529412 0.0 0.128676470588 0.106617647059
0 0.415441176471 0.0 0.128676470588 0.126838235294
0 0.0698529411765 0.213235294118 0.128676470588 0.128676470588
0 0.154411764706 0.264705882353 0.128676470588 0.128676470588
