0 0.6801571 0.3823629 0.1838135 0.1838135
0 0.8842012 0.7481718 0.1157988 0.1470488
0 0.8125100 0.8253776 0.1470488 0.1470488
0 0.7040541 0.8915541 0.1470488 0.1084459
0 0.8014806 0.9136129 0.1470488 0.0863871
0 0.4467012 0.7941276 0.1286665 0.1286665
0 0.7647159 0.8272159 0.1286665 0.1286665
0 0.2334659 0.0698629 0.1286665 0.1286665
0 0.1360394 0.3217012 0.1286665 0.1286665
0 0.4007453 0.6452306 0.1286665 0.1286665
0 0.8639806 0.6985394 0.1286665 0.1286665
0 0.9062600 0.7316276 0.0937400 0.1286665
0 0.6599365 0.7536865 0.1286665 0.1286665
0 0.4522159 0.7757453 0.1286665 0.1286665
0 0.8088335 0.8014806 0.1286665 0.1286665
0 0.8308924 0.8768482 0.1286665 0.1231518
0 0.6801571 0.8970688 0.1286665 0.1029312
0 0.7463335 0.9319953 0.1286665 0.0680047
