0 0.198529411765 0.0698529411765 0.183823529412 0.183823529412
0 0.759191176471 0.674632352941 0.183823529412 0.183823529412
0 0.713235294118 0.207720588235 0.147058823529 0.147058823529
0 0.28125 0.634191176471 0.147058823529 0.147058823529
0 0.248161764706 0.735294117647 0.147058823529 0.147058823529
0 0.404411764706 0.915441176471 0.147058823529 0.0845588235294
0 0.623161764706 0.0 0.128676470588 0.0974264705882
0 0.549632352941 0.0275735294118 0.128676470588 0.128676470588
0 0.915441176471 0.0919117647059 0.0845588235294 0.128676470588
0 0.676470588235 0.0974264705882 0.128676470588 0.128676470588
0 0.880514705882 0.126838235294 0.119485294118 0.128676470588
0 0.858455882353 0.174632352941 0.128676470588 0.128676470588
0 0.823529411765 0.231617647059 0.128676470588 0.128676470588
0 0.240808823529 0.253676470588 0.128676470588 0.128676470588
0 0.698529411765 0.255514705882 0.128676470588 0.128676470588
0 0.623161764706 0.286764705882 0.128676470588 0.128676470588
0 0.457720588235 0.443014705882 0.128676470588 0.128676470588
0 0.347426470588 0.0 0.128676470588 0.0661764705882
0 0.397058823529 0.0 0.128676470588 0.0845588235294
0 0.599264705882 0.00735294117647 0.128676470588 0.128676470588
0 0.909926470588 0.0661764705882 0.0900735294118 0.128676470588
0 0.727941176471 0.0716911764706 0.128676470588 0.128676470588
0 0.123161764706 0.158088235294 0.128676470588 0.128676470588
0 0.821691176471 0.167279411765 0.128676470588 0.128676470588
0 0.330882352941 0.215073529412 0.128676470588 0.128676470588
0 0.185661764706 0.248161764706 0.128676470588 0.128676470588
0 0.283088235294 0.707720588235 0.128676470588 0.128676470588
