0 0.1397159 0.0661865 0.1470488 0.1470488
0 0.1967012 0.0900835 0.1470488 0.1470488
0 0.1029512 0.0000100 0.1286665 0.0808724
0 0.5147159 0.0000100 0.1286665 0.0974165
0 0.3345688 0.0000100 0.1286665 0.0974165
0 0.5643482 0.0000100 0.1286665 0.1010929
0 0.5422894 0.0000100 0.1286665 0.1121224
0 0.3970688 0.0000100 0.1286665 0.1157988
0 0.1360394 0.0000100 0.1286665 0.1249900
0 0.1948629 0.0386129 0.1286665 0.1286665
0 0.0275835 0.0441276 0.1286665 0.1286665
0 0.8768482 0.0606718 0.1231518 0.1286665
0 0.2555247 0.1433924 0.1286665 0.1286665
0 0.0000100 0.1599365 0.0992547 0.1286665
0 0.1709659 0.2371424 0.1286665 0.1286665
0 0.1231718 0.3088335 0.1286665 0.1286665
0 0.0000100 0.4411865 0.1268282 0.1286665
0 0.0349365 0.5349365 0.1286665 0.1286665
