0 0.426470588235 0.0 0.183823529412 0.101102941176
0 0.566176470588 0.0 0.183823529412 0.143382352941
0 0.556985294118 0.240808823529 0.183823529412 0.183823529412
0 0.207720588235 0.549632352941 0.183823529412 0.183823529412
0 0.744485294118 0.0 0.147058823529 0.147058823529
0 0.900735294118 0.0496323529412 0.0992647058824 0.147058823529
0 0.794117647059 0.0992647058824 0.147058823529 0.147058823529
0 0.663602941176 0.183823529412 0.147058823529 0.147058823529
0 0.862132352941 0.319852941176 0.137867647059 0.147058823529
0 0.351102941176 0.566176470588 0.147058823529 0.147058823529
0 0.273897058824 0.588235294118 0.147058823529 0.147058823529
0 0.0128676470588 0.636029411765 0.147058823529 0.147058823529
0 0.185661764706 0.816176470588 0.147058823529 0.147058823529
0 0.358455882353 0.851102941176 0.147058823529 0.147058823529
0 0.204044117647 0.90625 0.147058823529 0.09375
0 0.580882352941 0.0294117647059 0.128676470588 0.128676470588
0 0.784926470588 0.0569852941176 0.128676470588 0.128676470588
0 0.415441176471 0.180147058824 0.128676470588 0.128676470588
0 0.367647058824 0.1875 0.128676470588 0.128676470588
0 0.917279411765 0.205882352941 0.0827205882353 0.128676470588
0 0.150735294118 0.288602941176 0.128676470588 0.128676470588
0 0.224264705882 0.299632352941 0.128676470588 0.128676470588
0 0.325367647059 0.305147058824 0.128676470588 0.128676470588
0 0.443014705882 0.321691176471 0.128676470588 0.128676470588
0 0.488970588235 0.360294117647 0.128676470588 0.128676470588
0 0.130514705882 0.369485294118 0.128676470588 0.128676470588
0 0.409926470588 0.386029411765 0.128676470588 0.128676470588
0 0.566176470588 0.409926470588 0.128676470588 0.128676470588
0 0.268382352941 0.538602941176 0.128676470588 0.128676470588
0 0.132352941176 0.547794117647 0.128676470588 0.128676470588
0 0.0367647058824 0.553308823529 0.128676470588 0.128676470588
0 0.323529411765 0.665441176471 0.128676470588 0.128676470588
0 0.549632352941 0.694852941176 0.128676470588 0.128676470588
0 0.496323529412 0.783088235294 0.128676470588 0.128676470588
0 0.347426470588 0.834558823529 0.128676470588 0.128676470588
0 0.310661764706 0.913602941176 0.128676470588 0.0863970588235
0 0.409926470588 0.922794117647 0.128676470588 0.0772058823529
0 0.367647058824 0.933823529412 0.128676470588 0.0661764705882
0 0.514705882353 0.112132352941 0.128676470588 0.128676470588
0 0.479779411765 0.126838235294 0.128676470588 0.128676470588
0 0.380514705882 0.159926470588 0.128676470588 0.128676470588
0 0.457720588235 0.194852941176 0.128676470588 0.128676470588
0 0.279411764706 0.251838235294 0.128676470588 0.128676470588
0 0.248161764706 0.266544117647 0.128676470588 0.128676470588
0 0.613970588235 0.422794117647 0.128676470588 0.128676470588
0 0.4375 0.584558823529 0.128676470588 0.128676470588
