0 0.481617647059 0.606617647059 0.183823529412 0.183823529412
0 0.753676470588 0.867647058824 0.147058823529 0.132352941176
0 0.0 0.891544117647 0.141544117647 0.108455882353
0 0.0974264705882 0.909926470588 0.147058823529 0.0900735294118
0 0.770220588235 0.665441176471 0.128676470588 0.128676470588
0 0.0 0.696691176471 0.101102941176 0.128676470588
0 0.373161764706 0.8125 0.128676470588 0.128676470588
0 0.306985294118 0.832720588235 0.128676470588 0.128676470588
0 0.209558823529 0.931985294118 0.128676470588 0.0680147058824
0 0.420955882353 0.759191176471 0.128676470588 0.128676470588
