0 0.367647058824 0.0 0.183823529412 0.126838235294
0 0.637867647059 0.0 0.183823529412 0.145220588235
0 0.0 0.0 0.183823529412 0.154411764706
0 0.597426470588 0.220588235294 0.183823529412 0.183823529412
0 0.0 0.231617647059 0.128676470588 0.183823529412
0 0.272058823529 0.0 0.147058823529 0.0900735294118
0 0.0 0.0 0.0919117647059 0.147058823529
0 0.112132352941 0.0386029411765 0.147058823529 0.147058823529
0 0.332720588235 0.0404411764706 0.147058823529 0.147058823529
0 0.518382352941 0.0698529411765 0.147058823529 0.147058823529
0 0.672794117647 0.0808823529412 0.147058823529 0.147058823529
0 0.606617647059 0.150735294118 0.147058823529 0.147058823529
0 0.237132352941 0.352941176471 0.147058823529 0.147058823529
0 0.205882352941 0.0404411764706 0.128676470588 0.128676470588
0 0.448529411765 0.0514705882353 0.128676470588 0.128676470588
0 0.316176470588 0.0992647058824 0.128676470588 0.128676470588
0 0.520220588235 0.0 0.128676470588 0.128676470588
