0 0.7058924 0.5147159 0.1838135 0.1838135
0 0.9080982 0.3474365 0.0919018 0.1286665
0 0.8437600 0.4191276 0.1286665 0.1286665
0 0.8088335 0.4724365 0.1286665 0.1286665
0 0.8823629 0.4926571 0.1176371 0.1286665
0 0.8474365 0.5165541 0.1286665 0.1286665
0 0.8033188 0.5533188 0.1286665 0.1286665
0 0.7830982 0.5790541 0.1286665 0.1286665
0 0.7647159 0.6029512 0.1286665 0.1286665
0 0.7978041 0.6268482 0.1286665 0.1286665
0 0.8694953 0.3842012 0.1286665 0.1286665
0 0.7150835 0.5845688 0.1286665 0.1286665
0 0.7334659 0.6268482 0.1286665 0.1286665
