0 0.602941176471 0.0698529411765 0.183823529412 0.183823529412
0 0.518382352941 0.297794117647 0.183823529412 0.183823529412
0 0.0 0.334558823529 0.178308823529 0.183823529412
0 0.354779411765 0.400735294118 0.183823529412 0.183823529412
0 0.0 0.540441176471 0.178308823529 0.183823529412
0 0.481617647059 0.544117647059 0.183823529412 0.183823529412
0 0.264705882353 0.722426470588 0.183823529412 0.183823529412
0 0.696691176471 0.00367647058824 0.128676470588 0.128676470588
0 0.226102941176 0.0845588235294 0.128676470588 0.128676470588
0 0.365808823529 0.132352941176 0.128676470588 0.128676470588
0 0.130514705882 0.183823529412 0.128676470588 0.128676470588
0 0.483455882353 0.196691176471 0.128676470588 0.128676470588
0 0.237132352941 0.200367647059 0.128676470588 0.128676470588
0 0.419117647059 0.25 0.128676470588 0.128676470588
0 0.303308823529 0.279411764706 0.128676470588 0.128676470588
0 0.0165441176471 0.295955882353 0.128676470588 0.128676470588
0 0.15625 0.303308823529 0.128676470588 0.128676470588
0 0.257352941176 0.395220588235 0.128676470588 0.128676470588
0 0.115808823529 0.435661764706 0.128676470588 0.128676470588
0 0.0625 0.46875 0.128676470588 0.128676470588
0 0.181985294118 0.483455882353 0.128676470588 0.128676470588
0 0.715073529412 0.525735294118 0.128676470588 0.128676470588
0 0.113970588235 0.571691176471 0.128676470588 0.128676470588
0 0.0349264705882 0.610294117647 0.128676470588 0.128676470588
0 0.193014705882 0.652573529412 0.128676470588 0.128676470588
0 0.59375 0.693014705882 0.128676470588 0.128676470588
0 0.0 0.711397058824 0.128676470588 0.128676470588
0 0.391544117647 0.735294117647 0.128676470588 0.128676470588
0 0.181985294118 0.748161764706 0.128676470588 0.128676470588
0 0.0863970588235 0.75 0.128676470588 0.128676470588
0 0.369485294118 0.797794117647 0.128676470588 0.128676470588
0 0.240808823529 0.810661764706 0.128676470588 0.128676470588
0 0.40625 0.816176470588 0.128676470588 0.128676470588
0 0.472426470588 0.823529411765 0.128676470588 0.128676470588
0 0.0625 0.886029411765 0.128676470588 0.113970588235
0 0.244485294118 0.886029411765 0.128676470588 0.113970588235
0 0.297794117647 0.898897058824 0.128676470588 0.101102941176
0 0.391544117647 0.904411764706 0.128676470588 0.0955882352941
0 0.443014705882 0.919117647059 0.128676470588 0.0808823529412
0 0.145220588235 0.930147058824 0.128676470588 0.0698529411765
0 0.479779411765 0.772058823529 0.128676470588 0.128676470588
