0 0.7279512 0.0000100 0.1286665 0.0882253
0 0.6580982 0.0000100 0.1286665 0.1047694
0 0.6213335 0.0000100 0.1286665 0.1176371
0 0.4228041 0.0367747 0.1286665 0.1286665
0 0.7518482 0.0735394 0.1286665 0.1286665
0 0.4540541 0.2592012 0.1286665 0.1286665
0 0.8658188 0.3106718 0.1286665 0.1286665
0 0.7224365 0.5147159 0.1286665 0.1286665
0 0.6470688 0.8180247 0.1286665 0.1286665
0 0.4117747 0.0000100 0.1286665 0.0955782
0 0.6856718 0.0000100 0.1286665 0.0955782
0 0.8235394 0.0588335 0.1286665 0.1286665
0 0.6433924 0.0790541 0.1286665 0.1286665
0 0.7058924 0.0882453 0.1286665 0.1286665
0 0.7169218 0.1378776 0.1286665 0.1286665
0 0.6084659 0.1599365 0.1286665 0.1286665
0 0.7224365 0.1636129 0.1286665 0.1286665
0 0.2592012 0.2426571 0.1286665 0.1286665
0 0.4761129 0.2978041 0.1286665 0.1286665
0 0.7132453 0.3235394 0.1286665 0.1286665
0 0.5496424 0.4283188 0.1286665 0.1286665
0 0.7003776 0.4742747 0.1286665 0.1286665
0 0.9080982 0.7757453 0.0919018 0.1286665
0 0.6029512 0.8290541 0.1286665 0.1286665
