0 0.327205882353 0.0257352941176 0.183823529412 0.183823529412
0 0.0 0.0257352941176 0.121323529412 0.147058823529
0 0.246323529412 0.351102941176 0.128676470588 0.128676470588
0 0.273897058824 0.365808823529 0.128676470588 0.128676470588
0 0.0863970588235 0.369485294118 0.128676470588 0.128676470588
0 0.0 0.380514705882 0.119485294118 0.128676470588
0 0.205882352941 0.428308823529 0.128676470588 0.128676470588
0 0.0 0.545955882353 0.110294117647 0.128676470588
0 0.141544117647 0.575367647059 0.128676470588 0.128676470588
0 0.0 0.613970588235 0.0955882352941 0.128676470588
0 0.0 0.691176470588 0.09375 0.128676470588
0 0.0 0.702205882353 0.125 0.128676470588
0 0.319852941176 0.0 0.128676470588 0.0661764705882
0 0.0330882352941 0.0680147058824 0.128676470588 0.128676470588
0 0.132352941176 0.115808823529 0.128676470588 0.128676470588
0 0.0275735294118 0.125 0.128676470588 0.128676470588
0 0.102941176471 0.132352941176 0.128676470588 0.128676470588
0 0.283088235294 0.257352941176 0.128676470588 0.128676470588
0 0.00551470588235 0.341911764706 0.128676470588 0.128676470588
0 0.0 0.485294117647 0.113970588235 0.128676470588
0 0.0330882352941 0.573529411765 0.128676470588 0.128676470588
