0 0.3970688 0.1985394 0.1470488 0.1470488
0 0.2904512 0.6948629 0.1470488 0.1470488
0 0.8529512 0.3989071 0.1286665 0.1286665
0 0.8290541 0.4687600 0.1286665 0.1286665
0 0.8584659 0.4981718 0.1286665 0.1286665
0 0.6213335 0.5514806 0.1286665 0.1286665
0 0.7683924 0.5790541 0.1286665 0.1286665
0 0.6819953 0.6562600 0.1286665 0.1286665
0 0.8382453 0.7463335 0.1286665 0.1286665
0 0.6397159 0.7720688 0.1286665 0.1286665
0 0.8933924 0.7978041 0.1066076 0.1286665
0 0.7316276 0.8161865 0.1286665 0.1286665
0 0.8603041 0.8474365 0.1286665 0.1286665
0 0.6011129 0.8492747 0.1286665 0.1286665
0 0.5551571 0.8713335 0.1286665 0.1286665
0 0.8584659 0.9044218 0.1286665 0.0955782
0 0.7904512 0.6819953 0.1286665 0.1286665
0 0.8547894 0.6838335 0.1286665 0.1286665
0 0.7481718 0.7150835 0.1286665 0.1286665
0 0.9209659 0.8566276 0.0790341 0.1286665
