0 0.612132352941 0.0625 0.147058823529 0.147058823529
0 0.222426470588 0.518382352941 0.128676470588 0.128676470588
0 0.110294117647 0.584558823529 0.128676470588 0.128676470588
0 0.316176470588 0.610294117647 0.128676470588 0.128676470588
0 0.139705882353 0.672794117647 0.128676470588 0.128676470588
0 0.09375 0.685661764706 0.128676470588 0.128676470588
0 0.213235294118 0.681985294118 0.128676470588 0.128676470588
0 0.110294117647 0.764705882353 0.128676470588 0.128676470588
0 0.0 0.827205882353 0.126838235294 0.128676470588
0 0.387867647059 0.523897058824 0.128676470588 0.128676470588
0 0.397058823529 0.575367647059 0.128676470588 0.128676470588
0 0.34375 0.584558823529 0.128676470588 0.128676470588
