0 0.1323629 0.0000100 0.1838135 0.1305047
0 0.5588335 0.1580982 0.1838135 0.1838135
0 0.4044218 0.2224365 0.1838135 0.1838135
0 0.0680247 0.3069953 0.1838135 0.1838135
0 0.2573629 0.3235394 0.1838135 0.1838135
0 0.7371424 0.4669218 0.1838135 0.1838135
0 0.8106718 0.6268482 0.1838135 0.1838135
0 0.1875100 0.7628776 0.1838135 0.1838135
0 0.0000100 0.8290541 0.1102841 0.1709459
0 0.4172894 0.0000100 0.1286665 0.1139606
0 0.2812600 0.0055247 0.1286665 0.1286665
0 0.0717012 0.0128776 0.1286665 0.1286665
0 0.3492747 0.0275835 0.1286665 0.1286665
0 0.7353041 0.0330982 0.1286665 0.1286665
0 0.4577306 0.0478041 0.1286665 0.1286665
0 0.0000100 0.0735394 0.0992547 0.1286665
0 0.1801571 0.1103041 0.1286665 0.1286665
0 0.3125100 0.1305247 0.1286665 0.1286665
0 0.7040541 0.1378776 0.1286665 0.1286665
0 0.0000100 0.1562600 0.0680047 0.1286665
0 0.0625100 0.1654512 0.1286665 0.1286665
0 0.7683924 0.1709659 0.1286665 0.1286665
0 0.4246424 0.1783188 0.1286665 0.1286665
0 0.4853041 0.1856718 0.1286665 0.1286665
0 0.6709659 0.2316276 0.1286665 0.1286665
0 0.8970688 0.2316276 0.1029312 0.1286665
0 0.1323629 0.2481718 0.1286665 0.1286665
0 0.3713335 0.2610394 0.1286665 0.1286665
0 0.2095688 0.2996424 0.1286665 0.1286665
0 0.0239071 0.3198629 0.1286665 0.1286665
0 0.6875100 0.3217012 0.1286665 0.1286665
0 0.7978041 0.3474365 0.1286665 0.1286665
0 0.8566276 0.3566276 0.1286665 0.1286665
0 0.7353041 0.3731718 0.1286665 0.1286665
0 0.3713335 0.4007453 0.1286665 0.1286665
0 0.9228041 0.4025835 0.0771959 0.1286665
0 0.0808924 0.4172894 0.1286665 0.1286665
0 0.1470688 0.4411865 0.1286665 0.1286665
0 0.8419218 0.4467012 0.1286665 0.1286665
0 0.0000100 0.4558924 0.0753576 0.1286665
0 0.3768482 0.4834659 0.1286665 0.1286665
0 0.8860394 0.4853041 0.1139606 0.1286665
0 0.6856718 0.5294218 0.1286665 0.1286665
0 0.2077306 0.5386129 0.1286665 0.1286665
0 0.0055247 0.5404512 0.1286665 0.1286665
0 0.8474365 0.5680247 0.1286665 0.1286665
0 0.6084659 0.5808924 0.1286665 0.1286665
0 0.2775835 0.5864071 0.1286665 0.1286665
0 0.6691276 0.5974365 0.1286665 0.1286665
0 0.1580982 0.6194953 0.1286665 0.1286665
0 0.4981718 0.6323629 0.1286665 0.1286665
0 0.7683924 0.6709659 0.1286665 0.1286665
0 0.6599365 0.6728041 0.1286665 0.1286665
0 0.5478041 0.6856718 0.1286665 0.1286665
0 0.3915541 0.6875100 0.1286665 0.1286665
0 0.2683924 0.6985394 0.1286665 0.1286665
0 0.8603041 0.7114071 0.1286665 0.1286665
0 0.0000100 0.7334659 0.1066076 0.1286665
0 0.5974365 0.7573629 0.1286665 0.1286665
0 0.3492747 0.7647159 0.1286665 0.1286665
0 0.2592012 0.7775835 0.1286665 0.1286665
0 0.7187600 0.8161865 0.1286665 0.1286665
0 0.8327306 0.8327306 0.1286665 0.1286665
0 0.3547894 0.8437600 0.1286665 0.1286665
0 0.1783188 0.8474365 0.1286665 0.1286665
0 0.0588335 0.8529512 0.1286665 0.1286665
0 0.4283188 0.8547894 0.1286665 0.1286665
0 0.6360394 0.8547894 0.1286665 0.1286665
0 0.5055247 0.9044218 0.1286665 0.0955782
0 0.0808924 0.9228041 0.1286665 0.0771959
0 0.5845688 0.6599365 0.1286665 0.1286665
0 0.7518482 0.7500100 0.1286665 0.1286665
