0 0.369485294118 0.0257352941176 0.183823529412 0.183823529412
0 0.330882352941 0.419117647059 0.183823529412 0.183823529412
0 0.139705882353 0.606617647059 0.183823529412 0.183823529412
0 0.237132352941 0.0 0.128676470588 0.0643382352941
0 0.488970588235 0.0 0.128676470588 0.0680147058824
0 0.487132352941 0.0 0.128676470588 0.104779411765
0 0.273897058824 0.0 0.128676470588 0.123161764706
0 0.426470588235 0.03125 0.128676470588 0.128676470588
0 0.477941176471 0.0496323529412 0.128676470588 0.128676470588
0 0.470588235294 0.0882352941176 0.128676470588 0.128676470588
0 0.588235294118 0.0900735294118 0.128676470588 0.128676470588
0 0.286764705882 0.0974264705882 0.128676470588 0.128676470588
0 0.626838235294 0.0974264705882 0.128676470588 0.128676470588
0 0.514705882353 0.104779411765 0.128676470588 0.128676470588
0 0.698529411765 0.104779411765 0.128676470588 0.128676470588
0 0.376838235294 0.115808823529 0.128676470588 0.128676470588
0 0.659926470588 0.150735294118 0.128676470588 0.128676470588
0 0.356617647059 0.154411764706 0.128676470588 0.128676470588
0 0.0790441176471 0.174632352941 0.128676470588 0.128676470588
0 0.1875 0.178308823529 0.128676470588 0.128676470588
0 0.303308823529 0.196691176471 0.128676470588 0.128676470588
0 0.204044117647 0.227941176471 0.128676470588 0.128676470588
0 0.422794117647 0.25 0.128676470588 0.128676470588
0 0.601102941176 0.253676470588 0.128676470588 0.128676470588
0 0.200367647059 0.268382352941 0.128676470588 0.128676470588
0 0.628676470588 0.279411764706 0.128676470588 0.128676470588
0 0.238970588235 0.308823529412 0.128676470588 0.128676470588
0 0.308823529412 0.360294117647 0.128676470588 0.128676470588
0 0.553308823529 0.373161764706 0.128676470588 0.128676470588
0 0.215073529412 0.488970588235 0.128676470588 0.128676470588
0 0.347426470588 0.586397058824 0.128676470588 0.128676470588
0 0.0459558823529 0.591911764706 0.128676470588 0.128676470588
0 0.419117647059 0.602941176471 0.128676470588 0.128676470588
0 0.487132352941 0.602941176471 0.128676470588 0.128676470588
0 0.0 0.825367647059 0.128676470588 0.128676470588
0 0.601102941176 0.926470588235 0.128676470588 0.0735294117647
0 0.639705882353 0.00183823529412 0.128676470588 0.128676470588
0 0.351102941176 0.0165441176471 0.128676470588 0.128676470588
0 0.582720588235 0.03125 0.128676470588 0.128676470588
0 0.637867647059 0.0330882352941 0.128676470588 0.128676470588
0 0.3125 0.0625 0.128676470588 0.128676470588
0 0.59375 0.167279411765 0.128676470588 0.128676470588
0 0.321691176471 0.176470588235 0.128676470588 0.128676470588
0 0.334558823529 0.244485294118 0.128676470588 0.128676470588
0 0.441176470588 0.261029411765 0.128676470588 0.128676470588
0 0.354779411765 0.279411764706 0.128676470588 0.128676470588
0 0.459558823529 0.286764705882 0.128676470588 0.128676470588
0 0.488970588235 0.284926470588 0.128676470588 0.128676470588
0 0.586397058824 0.321691176471 0.128676470588 0.128676470588
0 0.431985294118 0.323529411765 0.128676470588 0.128676470588
0 0.323529411765 0.402573529412 0.128676470588 0.128676470588
0 0.222426470588 0.419117647059 0.128676470588 0.128676470588
0 0.174632352941 0.5625 0.128676470588 0.128676470588
0 0.306985294118 0.577205882353 0.128676470588 0.128676470588
0 0.09375 0.922794117647 0.128676470588 0.0772058823529
