0 0.9062600 0.5110394 0.0937400 0.1470488
0 0.8051571 0.5955982 0.1470488 0.1470488
0 0.8878776 0.7775835 0.1121224 0.1286665
0 0.2720688 0.8088335 0.1286665 0.1286665
0 0.3694953 0.8106718 0.1286665 0.1286665
0 0.4319953 0.8474365 0.1286665 0.1286665
0 0.5110394 0.8584659 0.1286665 0.1286665
0 0.4779512 0.8915541 0.1286665 0.1084459
0 0.2040541 0.9099365 0.1286665 0.0900635
0 0.4687600 0.8198629 0.1286665 0.1286665
0 0.2941276 0.8455982 0.1286665 0.1286665
0 0.3676571 0.9246424 0.1286665 0.0753576
