0 0.4099365 0.3088335 0.1838135 0.1838135
0 0.5753776 0.0000100 0.1470488 0.0955782
0 0.6525835 0.0386129 0.1470488 0.1470488
0 0.6764806 0.0000100 0.1286665 0.0680047
0 0.7297894 0.0000100 0.1286665 0.0882253
0 0.6819953 0.0018482 0.1286665 0.1286665
0 0.7371424 0.0845688 0.1286665 0.1286665
0 0.3842012 0.1139806 0.1286665 0.1286665
0 0.6819953 0.1562600 0.1286665 0.1286665
0 0.5110394 0.1801571 0.1286665 0.1286665
0 0.3603041 0.1856718 0.1286665 0.1286665
0 0.5900835 0.2040541 0.1286665 0.1286665
0 0.4687600 0.2058924 0.1286665 0.1286665
0 0.6893482 0.2095688 0.1286665 0.1286665
0 0.4228041 0.2095688 0.1286665 0.1286665
0 0.2941276 0.2353041 0.1286665 0.1286665
0 0.5386129 0.2353041 0.1286665 0.1286665
0 0.4172894 0.2481718 0.1286665 0.1286665
0 0.3217012 0.2702306 0.1286665 0.1286665
0 0.4099365 0.2830982 0.1286665 0.1286665
0 0.3106718 0.3143482 0.1286665 0.1286665
0 0.3345688 0.3143482 0.1286665 0.1286665
0 0.2996424 0.3529512 0.1286665 0.1286665
0 0.2683924 0.3768482 0.1286665 0.1286665
0 0.3474365 0.3805247 0.1286665 0.1286665
0 0.2316276 0.3842012 0.1286665 0.1286665
0 0.1819953 0.3897159 0.1286665 0.1286665
0 0.2922894 0.3915541 0.1286665 0.1286665
0 0.3198629 0.4025835 0.1286665 0.1286665
0 0.2592012 0.4356718 0.1286665 0.1286665
0 0.3069953 0.4356718 0.1286665 0.1286665
0 0.1323629 0.4375100 0.1286665 0.1286665
0 0.1967012 0.4558924 0.1286665 0.1286665
0 0.2757453 0.4577306 0.1286665 0.1286665
0 0.1691276 0.4632453 0.1286665 0.1286665
0 0.1213335 0.4724365 0.1286665 0.1286665
0 0.2224365 0.4889806 0.1286665 0.1286665
0 0.2040541 0.4926571 0.1286665 0.1286665
0 0.1158188 0.5128776 0.1286665 0.1286665
