0 0.895220588235 0.674632352941 0.104779411765 0.183823529412
0 0.799632352941 0.479779411765 0.147058823529 0.147058823529
0 0.880514705882 0.527573529412 0.119485294118 0.128676470588
0 0.808823529412 0.547794117647 0.128676470588 0.128676470588
0 0.75 0.599264705882 0.128676470588 0.128676470588
0 0.863970588235 0.636029411765 0.128676470588 0.128676470588
0 0.628676470588 0.659926470588 0.128676470588 0.128676470588
0 0.755514705882 0.659926470588 0.128676470588 0.128676470588
0 0.797794117647 0.676470588235 0.128676470588 0.128676470588
0 0.623161764706 0.722426470588 0.128676470588 0.128676470588
0 0.674632352941 0.724264705882 0.128676470588 0.128676470588
0 0.549632352941 0.727941176471 0.128676470588 0.128676470588
0 0.720588235294 0.733455882353 0.128676470588 0.128676470588
0 0.779411764706 0.746323529412 0.128676470588 0.128676470588
0 0.558823529412 0.751838235294 0.128676470588 0.128676470588
0 0.737132352941 0.770220588235 0.128676470588 0.128676470588
0 0.792279411765 0.779411764706 0.128676470588 0.128676470588
0 0.6875 0.784926470588 0.128676470588 0.128676470588
0 0.665441176471 0.810661764706 0.128676470588 0.128676470588
0 0.597426470588 0.821691176471 0.128676470588 0.128676470588
0 0.534926470588 0.821691176471 0.128676470588 0.128676470588
0 0.757352941176 0.830882352941 0.128676470588 0.128676470588
0 0.630514705882 0.871323529412 0.128676470588 0.128676470588
0 0.577205882353 0.876838235294 0.128676470588 0.123161764706
0 0.738970588235 0.876838235294 0.128676470588 0.123161764706
0 0.477941176471 0.887867647059 0.128676470588 0.112132352941
0 0.669117647059 0.889705882353 0.128676470588 0.110294117647
