0 0.0 0.556985294118 0.0753676470588 0.128676470588
0 0.0551470588235 0.610294117647 0.128676470588 0.128676470588
0 0.0330882352941 0.700367647059 0.128676470588 0.128676470588
0 0.108455882353 0.761029411765 0.128676470588 0.128676470588
0 0.108455882353 0.799632352941 0.128676470588 0.128676470588
0 0.00735294117647 0.803308823529 0.128676470588 0.128676470588
0 0.136029411765 0.832720588235 0.128676470588 0.128676470588
0 0.202205882353 0.865808823529 0.128676470588 0.128676470588
0 0.0 0.880514705882 0.102941176471 0.119485294118
0 0.123161764706 0.902573529412 0.128676470588 0.0974264705882
0 0.0422794117647 0.913602941176 0.128676470588 0.0863970588235
0 0.0661764705882 0.933823529412 0.128676470588 0.0661764705882
0 0.0257352941176 0.619485294118 0.128676470588 0.128676470588
0 0.0386029411765 0.753676470588 0.128676470588 0.128676470588
0 0.273897058824 0.806985294118 0.128676470588 0.128676470588
0 0.169117647059 0.840073529412 0.128676470588 0.128676470588
