0 0.5386129 0.1231718 0.1286665 0.1286665
0 0.4301571 0.1360394 0.1286665 0.1286665
0 0.6470688 0.3290541 0.1286665 0.1286665
0 0.8069953 0.4228041 0.1286665 0.1286665
0 0.2114071 0.4632453 0.1286665 0.1286665
0 0.0717012 0.4632453 0.1286665 0.1286665
0 0.8382453 0.4834659 0.1286665 0.1286665
0 0.2536865 0.5165541 0.1286665 0.1286665
0 0.2242747 0.5220688 0.1286665 0.1286665
0 0.3419218 0.5661865 0.1286665 0.1286665
0 0.0735394 0.6397159 0.1286665 0.1286665
0 0.1342012 0.7150835 0.1286665 0.1286665
0 0.4375100 0.7481718 0.1286665 0.1286665
0 0.5864071 0.0937600 0.1286665 0.1286665
0 0.5661865 0.1047894 0.1286665 0.1286665
0 0.1544218 0.1103041 0.1286665 0.1286665
0 0.8455982 0.4099365 0.1286665 0.1286665
0 0.0000100 0.4614071 0.1121224 0.1286665
0 0.3308924 0.4595688 0.1286665 0.1286665
0 0.0000100 0.4650835 0.0919018 0.1286665
0 0.0441276 0.4687600 0.1286665 0.1286665
0 0.2353041 0.4724365 0.1286665 0.1286665
0 0.2573629 0.4853041 0.1286665 0.1286665
0 0.3658188 0.5128776 0.1286665 0.1286665
0 0.0000100 0.5257453 0.1268282 0.1286665
0 0.2297894 0.5937600 0.1286665 0.1286665
0 0.1268482 0.6250100 0.1286665 0.1286665
0 0.1672894 0.7022159 0.1286665 0.1286665
