0 0.1084659 0.0000100 0.1470488 0.0992547
0 0.0000100 0.0000100 0.0882253 0.1396959
0 0.8584659 0.0717012 0.1415341 0.1470488
0 0.0165541 0.0808924 0.1470488 0.1470488
0 0.3952306 0.0974365 0.1470488 0.1470488
0 0.4853041 0.2500100 0.1470488 0.1470488
0 0.0000100 0.3033188 0.0845488 0.1470488
0 0.3768482 0.4007453 0.1470488 0.1470488
0 0.1360394 0.6121424 0.1470488 0.1470488
0 0.7224365 0.8180247 0.1470488 0.1470488
0 0.0717012 0.0000100 0.1286665 0.1176371
0 0.5073629 0.1342012 0.1286665 0.1286665
0 0.0864071 0.1452306 0.1286665 0.1286665
0 0.5036865 0.1911865 0.1286665 0.1286665
0 0.7941276 0.2886129 0.1286665 0.1286665
0 0.0386129 0.3198629 0.1286665 0.1286665
0 0.6029512 0.3805247 0.1286665 0.1286665
0 0.7481718 0.4393482 0.1286665 0.1286665
0 0.8915541 0.6342012 0.1084459 0.1286665
0 0.9154512 0.8492747 0.0845488 0.1286665
