0 0.7941276 0.5496424 0.1838135 0.1838135
0 0.7610394 0.0000100 0.1286665 0.1213135
0 0.7205982 0.1489071 0.1286665 0.1286665
0 0.7683924 0.1599365 0.1286665 0.1286665
0 0.7040541 0.2628776 0.1286665 0.1286665
0 0.7389806 0.4742747 0.1286665 0.1286665
0 0.8731718 0.5955982 0.1268282 0.1286665
0 0.7334659 0.0165541 0.1286665 0.1286665
0 0.6967012 0.0220688 0.1286665 0.1286665
0 0.7077306 0.0606718 0.1286665 0.1286665
0 0.6783188 0.0717012 0.1286665 0.1286665
0 0.7114071 0.0845688 0.1286665 0.1286665
0 0.6728041 0.1231718 0.1286665 0.1286665
0 0.7389806 0.1231718 0.1286665 0.1286665
0 0.6213335 0.1728041 0.1286665 0.1286665
0 0.5717012 0.1746424 0.1286665 0.1286665
0 0.6342012 0.2518482 0.1286665 0.1286665
0 0.5092012 0.2610394 0.1286665 0.1286665
0 0.7316276 0.3603041 0.1286665 0.1286665
0 0.6746424 0.3621424 0.1286665 0.1286665
0 0.7279512 0.4154512 0.1286665 0.1286665
0 0.6728041 0.4411865 0.1286665 0.1286665
0 0.6948629 0.4595688 0.1286665 0.1286665
0 0.6985394 0.4871424 0.1286665 0.1286665
0 0.7132453 0.5036865 0.1286665 0.1286665
0 0.4724365 0.6323629 0.1286665 0.1286665
0 0.8842012 0.6525835 0.1157988 0.1286665
0 0.8915541 0.6801571 0.1084459 0.1286665
0 0.7702306 0.8069953 0.1286665 0.1286665
