0 0.4154512 0.3842012 0.1470488 0.1470488
0 0.4779512 0.4007453 0.1470488 0.1470488
0 0.1783188 0.4944953 0.1470488 0.1470488
0 0.0000100 0.2573629 0.0955782 0.1286665
0 0.0496424 0.2647159 0.1286665 0.1286665
0 0.0000100 0.2904512 0.1231518 0.1286665
0 0.5128776 0.3603041 0.1286665 0.1286665
0 0.6415541 0.3584659 0.1286665 0.1286665
0 0.5827306 0.3621424 0.1286665 0.1286665
0 0.3437600 0.3915541 0.1286665 0.1286665
0 0.0000100 0.4191276 0.0698429 0.1286665
0 0.4779512 0.4319953 0.1286665 0.1286665
0 0.5772159 0.4687600 0.1286665 0.1286665
0 0.0000100 0.5055247 0.0863871 0.1286665
0 0.8658188 0.7095688 0.1286665 0.1286665
0 0.8106718 0.7224365 0.1286665 0.1286665
0 0.9172894 0.7536865 0.0827106 0.1286665
0 0.7242747 0.7720688 0.1286665 0.1286665
0 0.8842012 0.8125100 0.1157988 0.1286665
0 0.8400835 0.8253776 0.1286665 0.1286665
0 0.7573629 0.8290541 0.1286665 0.1286665
0 0.2959659 0.8364071 0.1286665 0.1286665
0 0.8731718 0.8345688 0.1268282 0.1286665
0 0.2536865 0.8474365 0.1286665 0.1286665
0 0.8345688 0.8511129 0.1286665 0.1286665
0 0.5183924 0.8731718 0.1286665 0.1268282
0 0.1783188 0.3253776 0.1286665 0.1286665
0 0.0000100 0.4632453 0.0771959 0.1286665
0 0.2978041 0.4944953 0.1286665 0.1286665
0 0.0000100 0.5478041 0.0716812 0.1286665
0 0.0000100 0.5717012 0.1010929 0.1286665
0 0.6691276 0.7702306 0.1286665 0.1286665
0 0.6286865 0.7996424 0.1286665 0.1286665
0 0.7077306 0.8235394 0.1286665 0.1286665
