0 0.643382352941 0.0330882352941 0.183823529412 0.183823529412
0 0.128676470588 0.382352941176 0.183823529412 0.183823529412
0 0.446691176471 0.488970588235 0.147058823529 0.147058823529
0 0.498161764706 0.00919117647059 0.128676470588 0.128676470588
0 0.181985294118 0.0863970588235 0.128676470588 0.128676470588
0 0.481617647059 0.110294117647 0.128676470588 0.128676470588
0 0.183823529412 0.126838235294 0.128676470588 0.128676470588
0 0.419117647059 0.194852941176 0.128676470588 0.128676470588
0 0.251838235294 0.0 0.128676470588 0.126838235294
0 0.159926470588 0.159926470588 0.128676470588 0.128676470588
