0 0.6286865 0.3180247 0.1470488 0.1470488
0 0.5900835 0.6654512 0.1470488 0.1470488
0 0.5275835 0.7444953 0.1470488 0.1470488
0 0.1691276 0.0000100 0.1286665 0.1268282
0 0.1691276 0.1470688 0.1286665 0.1286665
0 0.2665541 0.1562600 0.1286665 0.1286665
0 0.4136129 0.2481718 0.1286665 0.1286665
0 0.1599365 0.2886129 0.1286665 0.1286665
0 0.2334659 0.2904512 0.1286665 0.1286665
0 0.1728041 0.3217012 0.1286665 0.1286665
0 0.3639806 0.3603041 0.1286665 0.1286665
0 0.2003776 0.3750100 0.1286665 0.1286665
0 0.3345688 0.4044218 0.1286665 0.1286665
0 0.2132453 0.4264806 0.1286665 0.1286665
0 0.2444953 0.4503776 0.1286665 0.1286665
0 0.3400835 0.4595688 0.1286665 0.1286665
0 0.2683924 0.4687600 0.1286665 0.1286665
0 0.1397159 0.5147159 0.1286665 0.1286665
0 0.2371424 0.5478041 0.1286665 0.1286665
0 0.3253776 0.5772159 0.1286665 0.1286665
0 0.4485394 0.0000100 0.1286665 0.1286665
0 0.1875100 0.0919218 0.1286665 0.1286665
0 0.3474365 0.1746424 0.1286665 0.1286665
0 0.3750100 0.2187600 0.1286665 0.1286665
0 0.4503776 0.2683924 0.1286665 0.1286665
0 0.4926571 0.3143482 0.1286665 0.1286665
0 0.3511129 0.3143482 0.1286665 0.1286665
0 0.2775835 0.3161865 0.1286665 0.1286665
0 0.2058924 0.3235394 0.1286665 0.1286665
0 0.6783188 0.3382453 0.1286665 0.1286665
0 0.5000100 0.3897159 0.1286665 0.1286665
0 0.5974365 0.4356718 0.1286665 0.1286665
0 0.4889806 0.4430247 0.1286665 0.1286665
0 0.7628776 0.4503776 0.1286665 0.1286665
0 0.2114071 0.4944953 0.1286665 0.1286665
0 0.6875100 0.5882453 0.1286665 0.1286665
0 0.4889806 0.6470688 0.1286665 0.1286665
