0 0.244485294118 0.0790441176471 0.183823529412 0.183823529412
0 0.755514705882 0.670955882353 0.183823529412 0.183823529412
0 0.454044117647 0.0 0.128676470588 0.0643382352941
0 0.893382352941 0.0 0.106617647059 0.0661764705882
0 0.507352941176 0.0606617647059 0.128676470588 0.128676470588
0 0.617647058824 0.0882352941176 0.128676470588 0.128676470588
0 0.886029411765 0.0900735294118 0.113970588235 0.128676470588
0 0.384191176471 0.0900735294118 0.128676470588 0.128676470588
0 0.900735294118 0.159926470588 0.0992647058824 0.128676470588
0 0.509191176471 0.170955882353 0.128676470588 0.128676470588
0 0.619485294118 0.222426470588 0.128676470588 0.128676470588
0 0.794117647059 0.277573529412 0.128676470588 0.128676470588
0 0.724264705882 0.292279411765 0.128676470588 0.128676470588
0 0.579044117647 0.301470588235 0.128676470588 0.128676470588
0 0.444852941176 0.349264705882 0.128676470588 0.128676470588
0 0.626838235294 0.365808823529 0.128676470588 0.128676470588
0 0.547794117647 0.375 0.128676470588 0.128676470588
0 0.408088235294 0.397058823529 0.128676470588 0.128676470588
0 0.711397058824 0.398897058824 0.128676470588 0.128676470588
0 0.4375 0.492647058824 0.128676470588 0.128676470588
0 0.676470588235 0.518382352941 0.128676470588 0.128676470588
0 0.900735294118 0.522058823529 0.0992647058824 0.128676470588
0 0.466911764706 0.573529411765 0.128676470588 0.128676470588
0 0.759191176471 0.579044117647 0.128676470588 0.128676470588
0 0.417279411765 0.586397058824 0.128676470588 0.128676470588
0 0.575367647059 0.628676470588 0.128676470588 0.128676470588
0 0.930147058824 0.647058823529 0.0698529411765 0.128676470588
0 0.672794117647 0.648897058824 0.128676470588 0.128676470588
0 0.435661764706 0.669117647059 0.128676470588 0.128676470588
0 0.553308823529 0.742647058824 0.128676470588 0.128676470588
0 0.654411764706 0.784926470588 0.128676470588 0.128676470588
0 0.512867647059 0.794117647059 0.128676470588 0.128676470588
0 0.571691176471 0.797794117647 0.128676470588 0.128676470588
0 0.790441176471 0.863970588235 0.128676470588 0.128676470588
0 0.373161764706 0.198529411765 0.128676470588 0.128676470588
