0 0.463235294118 0.248161764706 0.183823529412 0.183823529412
0 0.0 0.547794117647 0.102941176471 0.183823529412
0 0.788602941176 0.0735294117647 0.128676470588 0.128676470588
0 0.922794117647 0.141544117647 0.0772058823529 0.128676470588
0 0.294117647059 0.174632352941 0.128676470588 0.128676470588
0 0.886029411765 0.21875 0.113970588235 0.128676470588
0 0.542279411765 0.222426470588 0.128676470588 0.128676470588
0 0.400735294118 0.242647058824 0.128676470588 0.128676470588
0 0.816176470588 0.338235294118 0.128676470588 0.128676470588
0 0.448529411765 0.393382352941 0.128676470588 0.128676470588
0 0.623161764706 0.400735294118 0.128676470588 0.128676470588
0 0.832720588235 0.472426470588 0.128676470588 0.128676470588
0 0.911764705882 0.476102941176 0.0882352941176 0.128676470588
0 0.709558823529 0.547794117647 0.128676470588 0.128676470588
0 0.897058823529 0.579044117647 0.102941176471 0.128676470588
0 0.595588235294 0.628676470588 0.128676470588 0.128676470588
0 0.748161764706 0.667279411765 0.128676470588 0.128676470588
0 0.869485294118 0.704044117647 0.128676470588 0.128676470588
0 0.582720588235 0.740808823529 0.128676470588 0.128676470588
0 0.417279411765 0.783088235294 0.128676470588 0.128676470588
0 0.821691176471 0.8125 0.128676470588 0.128676470588
0 0.536764705882 0.897058823529 0.128676470588 0.102941176471
0 0.735294117647 0.917279411765 0.128676470588 0.0827205882353
0 0.786764705882 0.40625 0.128676470588 0.128676470588
