0 0.4577306 0.0882453 0.1838135 0.1838135
0 0.1213335 0.2408188 0.1838135 0.1838135
0 0.5735394 0.0000100 0.1286665 0.1102841
0 0.6911865 0.0000100 0.1286665 0.1121224
0 0.8033188 0.0165541 0.1286665 0.1286665
0 0.8603041 0.1415541 0.1286665 0.1286665
0 0.7169218 0.2169218 0.1286665 0.1286665
0 0.5533188 0.2242747 0.1286665 0.1286665
0 0.9209659 0.3198629 0.0790341 0.1286665
0 0.7187600 0.3823629 0.1286665 0.1286665
0 0.7886129 0.5092012 0.1286665 0.1286665
0 0.8272159 0.6103041 0.1286665 0.1286665
0 0.7573629 0.6930247 0.1286665 0.1286665
0 0.8437600 0.8088335 0.1286665 0.1286665
