0 0.297794117647 0.145220588235 0.183823529412 0.183823529412
0 0.0 0.0386029411765 0.117647058824 0.128676470588
0 0.15625 0.09375 0.128676470588 0.128676470588
0 0.255514705882 0.0992647058824 0.128676470588 0.128676470588
0 0.277573529412 0.136029411765 0.128676470588 0.128676470588
0 0.196691176471 0.209558823529 0.128676470588 0.128676470588
0 0.183823529412 0.259191176471 0.128676470588 0.128676470588
0 0.231617647059 0.277573529412 0.128676470588 0.128676470588
0 0.284926470588 0.277573529412 0.128676470588 0.128676470588
0 0.318014705882 0.310661764706 0.128676470588 0.128676470588
