0 0.4908188 0.3492747 0.1838135 0.1838135
0 0.6360394 0.4908188 0.1838135 0.1838135
0 0.1305247 0.8069953 0.1838135 0.1838135
0 0.0992747 0.4724365 0.1286665 0.1286665
0 0.0992747 0.5092012 0.1286665 0.1286665
0 0.6709659 0.5937600 0.1286665 0.1286665
0 0.6121424 0.6286865 0.1286665 0.1286665
0 0.6029512 0.6507453 0.1286665 0.1286665
0 0.0000100 0.7058924 0.1084459 0.1286665
0 0.6011129 0.7444953 0.1286665 0.1286665
0 0.0000100 0.8621424 0.1139606 0.1286665
0 0.0808924 0.9080982 0.1286665 0.0919018
0 0.5680247 0.8952306 0.1286665 0.1047694
