0 0.28125 0.0 0.183823529412 0.183823529412
0 0.882352941176 0.150735294118 0.117647058824 0.183823529412
0 0.665441176471 0.395220588235 0.183823529412 0.183823529412
0 0.443014705882 0.444852941176 0.183823529412 0.183823529412
0 0.5625 0.900735294118 0.183823529412 0.0992647058824
0 0.672794117647 0.0 0.128676470588 0.0716911764706
0 0.612132352941 0.0 0.128676470588 0.0827205882353
0 0.238970588235 0.0 0.128676470588 0.0900735294118
0 0.477941176471 0.0 0.128676470588 0.108455882353
0 0.78125 0.0220588235294 0.128676470588 0.128676470588
0 0.608455882353 0.0349264705882 0.128676470588 0.128676470588
0 0.696691176471 0.0367647058824 0.128676470588 0.128676470588
0 0.884191176471 0.0716911764706 0.115808823529 0.128676470588
0 0.354779411765 0.130514705882 0.128676470588 0.128676470588
0 0.694852941176 0.134191176471 0.128676470588 0.128676470588
0 0.459558823529 0.159926470588 0.128676470588 0.128676470588
0 0.288602941176 0.196691176471 0.128676470588 0.128676470588
0 0.386029411765 0.202205882353 0.128676470588 0.128676470588
0 0.555147058824 0.233455882353 0.128676470588 0.128676470588
0 0.810661764706 0.237132352941 0.128676470588 0.128676470588
0 0.205882352941 0.237132352941 0.128676470588 0.128676470588
0 0.648897058824 0.251838235294 0.128676470588 0.128676470588
0 0.268382352941 0.257352941176 0.128676470588 0.128676470588
0 0.40625 0.284926470588 0.128676470588 0.128676470588
0 0.665441176471 0.319852941176 0.128676470588 0.128676470588
0 0.536764705882 0.321691176471 0.128676470588 0.128676470588
0 0.889705882353 0.327205882353 0.110294117647 0.128676470588
0 0.902573529412 0.373161764706 0.0974264705882 0.128676470588
0 0.244485294118 0.378676470588 0.128676470588 0.128676470588
0 0.295955882353 0.380514705882 0.128676470588 0.128676470588
0 0.784926470588 0.384191176471 0.128676470588 0.128676470588
0 0.329044117647 0.422794117647 0.128676470588 0.128676470588
0 0.840073529412 0.46875 0.128676470588 0.128676470588
0 0.772058823529 0.505514705882 0.128676470588 0.128676470588
0 0.795955882353 0.5625 0.128676470588 0.128676470588
0 0.919117647059 0.571691176471 0.0808823529412 0.128676470588
0 0.514705882353 0.575367647059 0.128676470588 0.128676470588
0 0.691176470588 0.630514705882 0.128676470588 0.128676470588
0 0.459558823529 0.659926470588 0.128676470588 0.128676470588
0 0.608455882353 0.696691176471 0.128676470588 0.128676470588
0 0.847426470588 0.737132352941 0.128676470588 0.128676470588
0 0.636029411765 0.770220588235 0.128676470588 0.128676470588
0 0.713235294118 0.806985294118 0.128676470588 0.128676470588
0 0.604779411765 0.810661764706 0.128676470588 0.128676470588
0 0.474264705882 0.819852941176 0.128676470588 0.128676470588
0 0.845588235294 0.818014705882 0.128676470588 0.128676470588
0 0.810661764706 0.897058823529 0.128676470588 0.102941176471
0 0.707720588235 0.931985294118 0.128676470588 0.0680147058824
0 0.487132352941 0.0 0.128676470588 0.0735294117647
0 0.419117647059 0.0551470588235 0.128676470588 0.128676470588
0 0.551470588235 0.134191176471 0.128676470588 0.128676470588
0 0.726102941176 0.25 0.128676470588 0.128676470588
