0 0.637867647059 0.301470588235 0.183823529412 0.183823529412
0 0.875 0.444852941176 0.125 0.183823529412
0 0.523897058824 0.0 0.128676470588 0.0882352941176
0 0.847426470588 0.0 0.128676470588 0.117647058824
0 0.461397058824 0.0 0.128676470588 0.121323529412
0 0.770220588235 0.00367647058824 0.128676470588 0.128676470588
0 0.667279411765 0.0606617647059 0.128676470588 0.128676470588
0 0.472426470588 0.0661764705882 0.128676470588 0.128676470588
0 0.825367647059 0.0882352941176 0.128676470588 0.128676470588
0 0.667279411765 0.0974264705882 0.128676470588 0.128676470588
0 0.915441176471 0.123161764706 0.0845588235294 0.128676470588
0 0.777573529412 0.200367647059 0.128676470588 0.128676470588
0 0.830882352941 0.204044117647 0.128676470588 0.128676470588
0 0.797794117647 0.310661764706 0.128676470588 0.128676470588
0 0.823529411765 0.387867647059 0.128676470588 0.128676470588
0 0.797794117647 0.463235294118 0.128676470588 0.128676470588
0 0.696691176471 0.564338235294 0.128676470588 0.128676470588
0 0.909926470588 0.597426470588 0.0900735294118 0.128676470588
0 0.823529411765 0.615808823529 0.128676470588 0.128676470588
0 0.689338235294 0.658088235294 0.128676470588 0.128676470588
0 0.601102941176 0.729779411765 0.128676470588 0.128676470588
0 0.645220588235 0.777573529412 0.128676470588 0.128676470588
0 0.639705882353 0.867647058824 0.128676470588 0.128676470588
0 0.838235294118 0.873161764706 0.128676470588 0.126838235294
0 0.632352941176 0.909926470588 0.128676470588 0.0900735294118
0 0.669117647059 0.737132352941 0.128676470588 0.128676470588
