0 0.3437600 0.2518482 0.1838135 0.1838135
0 0.8842012 0.0000100 0.1157988 0.1176371
0 0.3584659 0.0441276 0.1470488 0.1470488
0 0.6691276 0.0717012 0.1470488 0.1470488
0 0.8731718 0.1139806 0.1268282 0.1470488
0 0.6158188 0.2922894 0.1470488 0.1470488
0 0.8878776 0.5092012 0.1121224 0.1470488
0 0.5000100 0.8878776 0.1470488 0.1121224
0 0.6342012 0.1286865 0.1286665 0.1286665
0 0.8033188 0.4080982 0.1286665 0.1286665
0 0.5533188 0.4705982 0.1286665 0.1286665
0 0.3658188 0.7592012 0.1286665 0.1286665
0 0.7242747 0.2114071 0.1286665 0.1286665
