0 0.4816276 0.3272159 0.1838135 0.1838135
0 0.4228041 0.1838335 0.1286665 0.1286665
0 0.4981718 0.1856718 0.1286665 0.1286665
0 0.3970688 0.2224365 0.1286665 0.1286665
0 0.2996424 0.2242747 0.1286665 0.1286665
0 0.4779512 0.2316276 0.1286665 0.1286665
0 0.3253776 0.2463335 0.1286665 0.1286665
0 0.5055247 0.2573629 0.1286665 0.1286665
0 0.6268482 0.2720688 0.1286665 0.1286665
0 0.4558924 0.2757453 0.1286665 0.1286665
0 0.3455982 0.3088335 0.1286665 0.1286665
0 0.4264806 0.3272159 0.1286665 0.1286665
0 0.7114071 0.3345688 0.1286665 0.1286665
0 0.8033188 0.3603041 0.1286665 0.1286665
0 0.5680247 0.1691276 0.1286665 0.1286665
0 0.3878776 0.1911865 0.1286665 0.1286665
0 0.7058924 0.2555247 0.1286665 0.1286665
0 0.6029512 0.2573629 0.1286665 0.1286665
0 0.4099365 0.2849365 0.1286665 0.1286665
0 0.7867747 0.3290541 0.1286665 0.1286665
0 0.4044218 0.3603041 0.1286665 0.1286665
