0 0.7886129 0.8658188 0.1838135 0.1341812
0 0.0000100 0.0000100 0.0808724 0.0955782
0 0.1764806 0.0000100 0.1286665 0.1213135
0 0.1470688 0.0165541 0.1286665 0.1286665
0 0.0000100 0.0790541 0.1268282 0.1286665
0 0.1985394 0.0992747 0.1286665 0.1286665
0 0.2187600 0.1728041 0.1286665 0.1286665
0 0.9319953 0.5992747 0.0680047 0.1286665
0 0.9154512 0.6672894 0.0845488 0.1286665
0 0.8989071 0.7463335 0.1010929 0.1286665
0 0.8878776 0.7922894 0.1121224 0.1286665
0 0.9338335 0.8272159 0.0661665 0.1286665
0 0.6047894 0.9044218 0.1286665 0.0955782
0 0.2702306 0.9338335 0.1286665 0.0661665
0 0.2830982 0.0000100 0.1286665 0.1047694
0 0.2794218 0.3069953 0.1286665 0.1286665
0 0.8474365 0.7169218 0.1286665 0.1286665
