0 0.101102941176 0.387867647059 0.183823529412 0.183823529412
0 0.240808823529 0.0330882352941 0.147058823529 0.147058823529
0 0.882352941176 0.0275735294118 0.117647058824 0.128676470588
0 0.893382352941 0.115808823529 0.106617647059 0.128676470588
0 0.634191176471 0.211397058824 0.128676470588 0.128676470588
0 0.902573529412 0.227941176471 0.0974264705882 0.128676470588
0 0.799632352941 0.240808823529 0.128676470588 0.128676470588
0 0.582720588235 0.382352941176 0.128676470588 0.128676470588
0 0.852941176471 0.481617647059 0.128676470588 0.128676470588
0 0.810661764706 0.628676470588 0.128676470588 0.128676470588
0 0.729779411765 0.6875 0.128676470588 0.128676470588
