0 0.334558823529 0.163602941176 0.183823529412 0.183823529412
0 0.246323529412 0.601102941176 0.183823529412 0.183823529412
0 0.908088235294 0.0 0.0919117647059 0.0882352941176
0 0.334558823529 0.0 0.128676470588 0.126838235294
0 0.321691176471 0.0974264705882 0.128676470588 0.128676470588
0 0.121323529412 0.165441176471 0.128676470588 0.128676470588
0 0.0 0.178308823529 0.117647058824 0.128676470588
0 0.615808823529 0.231617647059 0.128676470588 0.128676470588
0 0.784926470588 0.327205882353 0.128676470588 0.128676470588
0 0.575367647059 0.363970588235 0.128676470588 0.128676470588
0 0.185661764706 0.198529411765 0.128676470588 0.128676470588
