0 0.3897159 0.4853041 0.1838135 0.1838135
0 0.0073629 0.1525835 0.1286665 0.1286665
0 0.1507453 0.3180247 0.1286665 0.1286665
0 0.0441276 0.3823629 0.1286665 0.1286665
0 0.0735394 0.3842012 0.1286665 0.1286665
0 0.1268482 0.4705982 0.1286665 0.1286665
0 0.7849365 0.4853041 0.1286665 0.1286665
0 0.2132453 0.5386129 0.1286665 0.1286665
0 0.2536865 0.7058924 0.1286665 0.1286665
0 0.4724365 0.7371424 0.1286665 0.1286665
0 0.5753776 0.8400835 0.1286665 0.1286665
0 0.2444953 0.2463335 0.1286665 0.1286665
0 0.4448629 0.2592012 0.1286665 0.1286665
0 0.5018482 0.6397159 0.1286665 0.1286665
