0 0.9007453 0.3860394 0.0992547 0.1286665
0 0.8106718 0.4540541 0.1286665 0.1286665
0 0.8198629 0.5257453 0.1286665 0.1286665
0 0.7040541 0.5569953 0.1286665 0.1286665
0 0.8584659 0.6029512 0.1286665 0.1286665
0 0.8842012 0.2187600 0.1157988 0.1286665
0 0.8952306 0.2628776 0.1047694 0.1286665
0 0.8125100 0.4172894 0.1286665 0.1286665
0 0.9228041 0.4558924 0.0771959 0.1286665
0 0.7886129 0.5735394 0.1286665 0.1286665
0 0.8180247 0.5790541 0.1286665 0.1286665
0 0.7720688 0.5937600 0.1286665 0.1286665
0 0.8970688 0.5974365 0.1029312 0.1286665
