0 0.1415541 0.0000100 0.1838135 0.1194753
0 0.6066276 0.8584659 0.1838135 0.1415341
0 0.3272159 0.0441276 0.1286665 0.1286665
0 0.5974365 0.1967012 0.1286665 0.1286665
0 0.4595688 0.2205982 0.1286665 0.1286665
0 0.6507453 0.2463335 0.1286665 0.1286665
0 0.5569953 0.3235394 0.1286665 0.1286665
0 0.7077306 0.3437600 0.1286665 0.1286665
0 0.7389806 0.3786865 0.1286665 0.1286665
0 0.6231718 0.4742747 0.1286665 0.1286665
0 0.8437600 0.5588335 0.1286665 0.1286665
0 0.8217012 0.7261129 0.1286665 0.1286665
0 0.8529512 0.7978041 0.1286665 0.1286665
0 0.7849365 0.8014806 0.1286665 0.1286665
0 0.9209659 0.8731718 0.0790341 0.1268282
0 0.8033188 0.8878776 0.1286665 0.1121224
0 0.7003776 0.9117747 0.1286665 0.0882253
