0 0.8750100 0.3658188 0.1249900 0.1838135
0 0.0496424 0.1985394 0.1286665 0.1286665
0 0.1709659 0.2463335 0.1286665 0.1286665
0 0.0551571 0.3143482 0.1286665 0.1286665
0 0.0000100 0.3603041 0.1084459 0.1286665
0 0.0165541 0.5275835 0.1286665 0.1286665
0 0.0625100 0.5478041 0.1286665 0.1286665
0 0.6452306 0.5661865 0.1286665 0.1286665
0 0.0717012 0.6158188 0.1286665 0.1286665
0 0.1709659 0.6213335 0.1286665 0.1286665
0 0.1286865 0.6544218 0.1286665 0.1286665
0 0.0000100 0.7095688 0.1029312 0.1286665
0 0.0257453 0.7205982 0.1286665 0.1286665
0 0.0717012 0.7628776 0.1286665 0.1286665
0 0.0165541 0.7720688 0.1286665 0.1286665
0 0.0000100 0.8511129 0.0643282 0.1286665
