0 0.915441176471 0.0 0.0845588235294 0.108455882353
0 0.707720588235 0.0 0.128676470588 0.115808823529
0 0.681985294118 0.0147058823529 0.128676470588 0.128676470588
0 0.783088235294 0.09375 0.128676470588 0.128676470588
0 0.704044117647 0.139705882353 0.128676470588 0.128676470588
0 0.799632352941 0.209558823529 0.128676470588 0.128676470588
0 0.922794117647 0.290441176471 0.0772058823529 0.128676470588
0 0.727941176471 0.431985294118 0.128676470588 0.128676470588
0 0.884191176471 0.522058823529 0.115808823529 0.128676470588
0 0.735294117647 0.544117647059 0.128676470588 0.128676470588
0 0.840073529412 0.610294117647 0.128676470588 0.128676470588
0 0.830882352941 0.770220588235 0.128676470588 0.128676470588
0 0.748161764706 0.90625 0.128676470588 0.09375
0 0.871323529412 0.919117647059 0.128676470588 0.0808823529412
