0 0.327205882353 0.501838235294 0.128676470588 0.128676470588
0 0.185661764706 0.522058823529 0.128676470588 0.128676470588
0 0.389705882353 0.582720588235 0.128676470588 0.128676470588
0 0.371323529412 0.6875 0.128676470588 0.128676470588
0 0.545955882353 0.6875 0.128676470588 0.128676470588
0 0.727941176471 0.748161764706 0.128676470588 0.128676470588
0 0.334558823529 0.821691176471 0.128676470588 0.128676470588
0 0.492647058824 0.834558823529 0.128676470588 0.128676470588
0 0.702205882353 0.889705882353 0.128676470588 0.110294117647
0 0.931985294118 0.922794117647 0.0680147058824 0.0772058823529
0 0.694852941176 0.873161764706 0.128676470588 0.126838235294
