0 0.159926470588 0.233455882353 0.128676470588 0.128676470588
0 0.470588235294 0.235294117647 0.128676470588 0.128676470588
0 0.200367647059 0.240808823529 0.128676470588 0.128676470588
0 0.595588235294 0.248161764706 0.128676470588 0.128676470588
0 0.387867647059 0.251838235294 0.128676470588 0.128676470588
0 0.132352941176 0.257352941176 0.128676470588 0.128676470588
0 0.0 0.266544117647 0.104779411765 0.128676470588
0 0.735294117647 0.305147058824 0.128676470588 0.128676470588
0 0.505514705882 0.306985294118 0.128676470588 0.128676470588
0 0.0 0.323529411765 0.0845588235294 0.128676470588
0 0.222426470588 0.345588235294 0.128676470588 0.128676470588
0 0.443014705882 0.354779411765 0.128676470588 0.128676470588
0 0.384191176471 0.393382352941 0.128676470588 0.128676470588
0 0.181985294118 0.411764705882 0.128676470588 0.128676470588
0 0.0 0.430147058824 0.0772058823529 0.128676470588
0 0.227941176471 0.435661764706 0.128676470588 0.128676470588
0 0.579044117647 0.439338235294 0.128676470588 0.128676470588
0 0.470588235294 0.446691176471 0.128676470588 0.128676470588
0 0.753676470588 0.446691176471 0.128676470588 0.128676470588
0 0.659926470588 0.472426470588 0.128676470588 0.128676470588
0 0.211397058824 0.472426470588 0.128676470588 0.128676470588
0 0.685661764706 0.511029411765 0.128676470588 0.128676470588
0 0.838235294118 0.547794117647 0.128676470588 0.128676470588
0 0.0128676470588 0.551470588235 0.128676470588 0.128676470588
0 0.420955882353 0.553308823529 0.128676470588 0.128676470588
0 0.716911764706 0.5625 0.128676470588 0.128676470588
0 0.545955882353 0.568014705882 0.128676470588 0.128676470588
0 0.305147058824 0.568014705882 0.128676470588 0.128676470588
0 0.0 0.643382352941 0.0900735294118 0.128676470588
0 0.568014705882 0.647058823529 0.128676470588 0.128676470588
0 0.246323529412 0.654411764706 0.128676470588 0.128676470588
0 0.371323529412 0.659926470588 0.128676470588 0.128676470588
0 0.726102941176 0.672794117647 0.128676470588 0.128676470588
0 0.0827205882353 0.674632352941 0.128676470588 0.128676470588
0 0.481617647059 0.685661764706 0.128676470588 0.128676470588
0 0.0 0.733455882353 0.0827205882353 0.128676470588
0 0.332720588235 0.738970588235 0.128676470588 0.128676470588
0 0.09375 0.775735294118 0.128676470588 0.128676470588
0 0.886029411765 0.784926470588 0.113970588235 0.128676470588
0 0.746323529412 0.788602941176 0.128676470588 0.128676470588
0 0.193014705882 0.810661764706 0.128676470588 0.128676470588
0 0.00551470588235 0.8125 0.128676470588 0.128676470588
0 0.0 0.849264705882 0.128676470588 0.128676470588
0 0.191176470588 0.860294117647 0.128676470588 0.128676470588
0 0.279411764706 0.884191176471 0.128676470588 0.115808823529
0 0.112132352941 0.897058823529 0.128676470588 0.102941176471
0 0.0 0.924632352941 0.0735294117647 0.0753676470588
0 0.183823529412 0.148897058824 0.128676470588 0.128676470588
0 0.205882352941 0.1875 0.128676470588 0.128676470588
0 0.174632352941 0.204044117647 0.128676470588 0.128676470588
0 0.621323529412 0.235294117647 0.128676470588 0.128676470588
0 0.698529411765 0.28125 0.128676470588 0.128676470588
0 0.0220588235294 0.297794117647 0.128676470588 0.128676470588
0 0.147058823529 0.330882352941 0.128676470588 0.128676470588
0 0.25 0.382352941176 0.128676470588 0.128676470588
0 0.0 0.444852941176 0.102941176471 0.128676470588
0 0.709558823529 0.461397058824 0.128676470588 0.128676470588
0 0.731617647059 0.496323529412 0.128676470588 0.128676470588
0 0.705882352941 0.536764705882 0.128676470588 0.128676470588
0 0.696691176471 0.610294117647 0.128676470588 0.128676470588
0 0.78125 0.615808823529 0.128676470588 0.128676470588
0 0.275735294118 0.658088235294 0.128676470588 0.128676470588
0 0.102941176471 0.727941176471 0.128676470588 0.128676470588
0 0.797794117647 0.737132352941 0.128676470588 0.128676470588
0 0.0294117647059 0.746323529412 0.128676470588 0.128676470588
0 0.869485294118 0.766544117647 0.128676470588 0.128676470588
0 0.0 0.78125 0.125 0.128676470588
0 0.220588235294 0.871323529412 0.128676470588 0.128676470588
0 0.512867647059 0.875 0.128676470588 0.125
