0 0.8272159 0.3106718 0.1286665 0.1286665
0 0.8750100 0.5165541 0.1249900 0.1286665
0 0.6029512 0.5422894 0.1286665 0.1286665
0 0.7610394 0.5882453 0.1286665 0.1286665
0 0.7224365 0.5919218 0.1286665 0.1286665
0 0.7959659 0.6305247 0.1286665 0.1286665
0 0.8235394 0.6342012 0.1286665 0.1286665
0 0.5661865 0.6342012 0.1286665 0.1286665
0 0.7720688 0.6489071 0.1286665 0.1286665
0 0.5827306 0.6728041 0.1286665 0.1286665
0 0.6231718 0.6728041 0.1286665 0.1286665
0 0.9007453 0.6893482 0.0992547 0.1286665
0 0.7812600 0.7077306 0.1286665 0.1286665
0 0.5643482 0.7150835 0.1286665 0.1286665
0 0.5643482 0.7481718 0.1286665 0.1286665
0 0.7775835 0.7830982 0.1286665 0.1286665
0 0.5974365 0.8364071 0.1286665 0.1286665
0 0.3842012 0.8897159 0.1286665 0.1102841
0 0.7077306 0.8970688 0.1286665 0.1029312
0 0.6268482 0.8970688 0.1286665 0.1029312
0 0.4356718 0.9044218 0.1286665 0.0955782
0 0.5386129 0.3051571 0.1286665 0.1286665
0 0.8106718 0.3290541 0.1286665 0.1286665
0 0.6250100 0.4044218 0.1286665 0.1286665
0 0.7132453 0.6489071 0.1286665 0.1286665
0 0.8180247 0.6893482 0.1286665 0.1286665
0 0.7408188 0.7150835 0.1286665 0.1286665
0 0.4301571 0.7426571 0.1286665 0.1286665
0 0.4228041 0.7978041 0.1286665 0.1286665
0 0.5606718 0.8272159 0.1286665 0.1286665
0 0.4779512 0.8455982 0.1286665 0.1286665
0 0.4467012 0.8658188 0.1286665 0.1286665
0 0.6066276 0.9172894 0.1286665 0.0827106
