0 0.2518482 0.0000100 0.1286665 0.0753576
0 0.2610394 0.0441276 0.1286665 0.1286665
0 0.3327306 0.0000100 0.1286665 0.0845488
0 0.3511129 0.0000100 0.1286665 0.1047694
0 0.2849365 0.0000100 0.1286665 0.1084459
0 0.3253776 0.0239071 0.1286665 0.1286665
0 0.3290541 0.0441276 0.1286665 0.1286665
0 0.2132453 0.0514806 0.1286665 0.1286665
0 0.3033188 0.0606718 0.1286665 0.1286665
0 0.3272159 0.1011129 0.1286665 0.1286665
0 0.2389806 0.1250100 0.1286665 0.1286665
0 0.3713335 0.1305247 0.1286665 0.1286665
0 0.3933924 0.1470688 0.1286665 0.1286665
0 0.2334659 0.1617747 0.1286665 0.1286665
0 0.1819953 0.1875100 0.1286665 0.1286665
0 0.4172894 0.1948629 0.1286665 0.1286665
0 0.1691276 0.2224365 0.1286665 0.1286665
0 0.3933924 0.2224365 0.1286665 0.1286665
0 0.2389806 0.2518482 0.1286665 0.1286665
0 0.3511129 0.2518482 0.1286665 0.1286665
0 0.4228041 0.2683924 0.1286665 0.1286665
0 0.3253776 0.2702306 0.1286665 0.1286665
0 0.4080982 0.2849365 0.1286665 0.1286665
0 0.2922894 0.2867747 0.1286665 0.1286665
0 0.3860394 0.2996424 0.1286665 0.1286665
