0 0.810661764706 0.0 0.128676470588 0.0753676470588
0 0.772058823529 0.0275735294118 0.128676470588 0.128676470588
0 0.784926470588 0.117647058824 0.128676470588 0.128676470588
0 0.838235294118 0.1875 0.128676470588 0.128676470588
0 0.922794117647 0.292279411765 0.0772058823529 0.128676470588
0 0.770220588235 0.358455882353 0.128676470588 0.128676470588
0 0.829044117647 0.419117647059 0.128676470588 0.128676470588
0 0.819852941176 0.483455882353 0.128676470588 0.128676470588
0 0.65625 0.0863970588235 0.128676470588 0.128676470588
0 0.902573529412 0.216911764706 0.0974264705882 0.128676470588
0 0.772058823529 0.323529411765 0.128676470588 0.128676470588
0 0.65625 0.371323529412 0.128676470588 0.128676470588
0 0.913602941176 0.376838235294 0.0863970588235 0.128676470588
0 0.799632352941 0.387867647059 0.128676470588 0.128676470588
0 0.797794117647 0.426470588235 0.128676470588 0.128676470588
0 0.920955882353 0.435661764706 0.0790441176471 0.128676470588
0 0.786764705882 0.465073529412 0.128676470588 0.128676470588
0 0.930147058824 0.465073529412 0.0698529411765 0.128676470588
0 0.608455882353 0.533088235294 0.128676470588 0.128676470588
