0 0.277573529412 0.544117647059 0.183823529412 0.183823529412
0 0.261029411765 0.762867647059 0.183823529412 0.183823529412
0 0.0863970588235 0.818014705882 0.183823529412 0.181985294118
0 0.625 0.625 0.147058823529 0.147058823529
0 0.150735294118 0.112132352941 0.128676470588 0.128676470588
0 0.0919117647059 0.176470588235 0.128676470588 0.128676470588
0 0.152573529412 0.248161764706 0.128676470588 0.128676470588
0 0.222426470588 0.25 0.128676470588 0.128676470588
0 0.0606617647059 0.283088235294 0.128676470588 0.128676470588
0 0.5625 0.321691176471 0.128676470588 0.128676470588
0 0.360294117647 0.387867647059 0.128676470588 0.128676470588
0 0.174632352941 0.398897058824 0.128676470588 0.128676470588
0 0.299632352941 0.444852941176 0.128676470588 0.128676470588
0 0.154411764706 0.496323529412 0.128676470588 0.128676470588
0 0.246323529412 0.498161764706 0.128676470588 0.128676470588
0 0.102941176471 0.536764705882 0.128676470588 0.128676470588
0 0.0716911764706 0.571691176471 0.128676470588 0.128676470588
0 0.134191176471 0.604779411765 0.128676470588 0.128676470588
0 0.169117647059 0.619485294118 0.128676470588 0.128676470588
0 0.0772058823529 0.648897058824 0.128676470588 0.128676470588
0 0.0294117647059 0.693014705882 0.128676470588 0.128676470588
0 0.104779411765 0.759191176471 0.128676470588 0.128676470588
0 0.00919117647059 0.772058823529 0.128676470588 0.128676470588
0 0.0294117647059 0.873161764706 0.128676470588 0.126838235294
0 0.0 0.908088235294 0.102941176471 0.0919117647059
0 0.0238970588235 0.924632352941 0.128676470588 0.0753676470588
0 0.0735294117647 0.358455882353 0.128676470588 0.128676470588
0 0.0753676470588 0.487132352941 0.128676470588 0.128676470588
0 0.106617647059 0.514705882353 0.128676470588 0.128676470588
