0 0.408088235294 0.00551470588235 0.183823529412 0.183823529412
0 0.216911764706 0.742647058824 0.183823529412 0.183823529412
0 0.113970588235 0.551470588235 0.128676470588 0.128676470588
0 0.0606617647059 0.558823529412 0.128676470588 0.128676470588
0 0.0790441176471 0.597426470588 0.128676470588 0.128676470588
0 0.0459558823529 0.327205882353 0.128676470588 0.128676470588
0 0.0 0.349264705882 0.0735294117647 0.128676470588
0 0.0 0.397058823529 0.0863970588235 0.128676470588
0 0.0 0.511029411765 0.0643382352941 0.128676470588
0 0.00919117647059 0.536764705882 0.128676470588 0.128676470588
0 0.150735294118 0.579044117647 0.128676470588 0.128676470588
0 0.108455882353 0.590073529412 0.128676470588 0.128676470588
0 0.174632352941 0.595588235294 0.128676470588 0.128676470588
0 0.244485294118 0.59375 0.128676470588 0.128676470588
0 0.283088235294 0.597426470588 0.128676470588 0.128676470588
0 0.117647058824 0.610294117647 0.128676470588 0.128676470588
0 0.189338235294 0.613970588235 0.128676470588 0.128676470588
0 0.290441176471 0.623161764706 0.128676470588 0.128676470588
0 0.134191176471 0.641544117647 0.128676470588 0.128676470588
0 0.167279411765 0.643382352941 0.128676470588 0.128676470588
0 0.299632352941 0.647058823529 0.128676470588 0.128676470588
0 0.253676470588 0.647058823529 0.128676470588 0.128676470588
0 0.0919117647059 0.652573529412 0.128676470588 0.128676470588
0 0.205882352941 0.672794117647 0.128676470588 0.128676470588
0 0.231617647059 0.681985294118 0.128676470588 0.128676470588
0 0.150735294118 0.696691176471 0.128676470588 0.128676470588
