0 0.525735294118 0.582720588235 0.183823529412 0.183823529412
0 0.0514705882353 0.0 0.128676470588 0.117647058824
0 0.71875 0.00183823529412 0.128676470588 0.128676470588
0 0.246323529412 0.0275735294118 0.128676470588 0.128676470588
0 0.321691176471 0.0294117647059 0.128676470588 0.128676470588
0 0.533088235294 0.0606617647059 0.128676470588 0.128676470588
0 0.136029411765 0.0625 0.128676470588 0.128676470588
0 0.360294117647 0.0735294117647 0.128676470588 0.128676470588
0 0.248161764706 0.117647058824 0.128676470588 0.128676470588
0 0.34375 0.126838235294 0.128676470588 0.128676470588
0 0.0955882352941 0.174632352941 0.128676470588 0.128676470588
0 0.527573529412 0.264705882353 0.128676470588 0.128676470588
0 0.294117647059 0.318014705882 0.128676470588 0.128676470588
0 0.305147058824 0.435661764706 0.128676470588 0.128676470588
0 0.0 0.0 0.0680147058824 0.101102941176
0 0.0275735294118 0.0753676470588 0.128676470588 0.128676470588
0 0.137867647059 0.167279411765 0.128676470588 0.128676470588
0 0.310661764706 0.1875 0.128676470588 0.128676470588
0 0.360294117647 0.25 0.128676470588 0.128676470588
0 0.15625 0.284926470588 0.128676470588 0.128676470588
0 0.0827205882353 0.303308823529 0.128676470588 0.128676470588
0 0.255514705882 0.356617647059 0.128676470588 0.128676470588
0 0.233455882353 0.422794117647 0.128676470588 0.128676470588
