0 0.494485294118 0.319852941176 0.183823529412 0.183823529412
0 0.0 0.0 0.101102941176 0.0753676470588
0 0.0 0.0477941176471 0.0919117647059 0.128676470588
0 0.626838235294 0.0974264705882 0.128676470588 0.128676470588
0 0.121323529412 0.229779411765 0.128676470588 0.128676470588
0 0.558823529412 0.279411764706 0.128676470588 0.128676470588
0 0.358455882353 0.299632352941 0.128676470588 0.128676470588
0 0.180147058824 0.509191176471 0.128676470588 0.128676470588
0 0.0 0.564338235294 0.0882352941176 0.128676470588
0 0.110294117647 0.634191176471 0.128676470588 0.128676470588
0 0.0 0.643382352941 0.0882352941176 0.128676470588
0 0.691176470588 0.792279411765 0.128676470588 0.128676470588
0 0.159926470588 0.262867647059 0.128676470588 0.128676470588
0 0.0294117647059 0.634191176471 0.128676470588 0.128676470588
0 0.663602941176 0.681985294118 0.128676470588 0.128676470588
