0 0.0698629 0.5974365 0.1838135 0.1838135
0 0.0110394 0.8933924 0.1470488 0.1066076
0 0.5239071 0.5845688 0.1286665 0.1286665
0 0.6709659 0.6121424 0.1286665 0.1286665
0 0.4393482 0.6599365 0.1286665 0.1286665
0 0.7058924 0.6893482 0.1286665 0.1286665
0 0.5974365 0.7610394 0.1286665 0.1286665
0 0.5055247 0.8364071 0.1286665 0.1286665
0 0.0882453 0.8382453 0.1286665 0.1286665
0 0.0386129 0.8511129 0.1286665 0.1286665
0 0.5606718 0.8511129 0.1286665 0.1286665
0 0.2353041 0.8786865 0.1286665 0.1213135
0 0.4503776 0.8842012 0.1286665 0.1157988
0 0.7592012 0.8970688 0.1286665 0.1029312
0 0.6489071 0.8989071 0.1286665 0.1010929
0 0.8603041 0.9117747 0.1286665 0.0882253
0 0.4908188 0.5275835 0.1286665 0.1286665
0 0.3731718 0.5422894 0.1286665 0.1286665
0 0.5220688 0.6728041 0.1286665 0.1286665
0 0.6268482 0.7132453 0.1286665 0.1286665
0 0.6176571 0.8106718 0.1286665 0.1286665
0 0.6819953 0.8125100 0.1286665 0.1286665
0 0.4614071 0.8382453 0.1286665 0.1286665
0 0.5275835 0.8529512 0.1286665 0.1286665
0 0.1176571 0.8676571 0.1286665 0.1286665
0 0.3584659 0.8842012 0.1286665 0.1157988
0 0.5110394 0.9136129 0.1286665 0.0863871
0 0.0772159 0.9191276 0.1286665 0.0808724
0 0.4595688 0.9338335 0.1286665 0.0661665
