0 0.316176470588 0.0147058823529 0.183823529412 0.183823529412
0 0.308823529412 0.577205882353 0.183823529412 0.183823529412
0 0.915441176471 0.0 0.0845588235294 0.0735294117647
0 0.775735294118 0.0 0.128676470588 0.0753676470588
0 0.8125 0.0 0.128676470588 0.0772058823529
0 0.384191176471 0.0 0.128676470588 0.0808823529412
0 0.306985294118 0.0 0.128676470588 0.0863970588235
0 0.347426470588 0.0 0.128676470588 0.0845588235294
0 0.854779411765 0.0 0.128676470588 0.0900735294118
0 0.523897058824 0.0 0.128676470588 0.0919117647059
0 0.454044117647 0.0 0.128676470588 0.110294117647
0 0.862132352941 0.00919117647059 0.128676470588 0.128676470588
0 0.757352941176 0.0128676470588 0.128676470588 0.128676470588
0 0.211397058824 0.0220588235294 0.128676470588 0.128676470588
0 0.551470588235 0.0569852941176 0.128676470588 0.128676470588
0 0.226102941176 0.0827205882353 0.128676470588 0.128676470588
0 0.277573529412 0.0827205882353 0.128676470588 0.128676470588
0 0.461397058824 0.0845588235294 0.128676470588 0.128676470588
0 0.523897058824 0.117647058824 0.128676470588 0.128676470588
0 0.139705882353 0.121323529412 0.128676470588 0.128676470588
0 0.448529411765 0.123161764706 0.128676470588 0.128676470588
0 0.34375 0.147058823529 0.128676470588 0.128676470588
0 0.556985294118 0.148897058824 0.128676470588 0.128676470588
0 0.0 0.158088235294 0.128676470588 0.128676470588
0 0.435661764706 0.207720588235 0.128676470588 0.128676470588
0 0.702205882353 0.229779411765 0.128676470588 0.128676470588
0 0.477941176471 0.321691176471 0.128676470588 0.128676470588
0 0.667279411765 0.360294117647 0.128676470588 0.128676470588
0 0.121323529412 0.369485294118 0.128676470588 0.128676470588
0 0.362132352941 0.384191176471 0.128676470588 0.128676470588
0 0.229779411765 0.424632352941 0.128676470588 0.128676470588
0 0.764705882353 0.426470588235 0.128676470588 0.128676470588
0 0.290441176471 0.443014705882 0.128676470588 0.128676470588
0 0.386029411765 0.448529411765 0.128676470588 0.128676470588
0 0.325367647059 0.511029411765 0.128676470588 0.128676470588
0 0.0 0.529411764706 0.126838235294 0.128676470588
0 0.134191176471 0.542279411765 0.128676470588 0.128676470588
0 0.126838235294 0.608455882353 0.128676470588 0.128676470588
0 0.266544117647 0.617647058824 0.128676470588 0.128676470588
0 0.647058823529 0.623161764706 0.128676470588 0.128676470588
0 0.558823529412 0.670955882353 0.128676470588 0.128676470588
0 0.266544117647 0.6875 0.128676470588 0.128676470588
0 0.152573529412 0.698529411765 0.128676470588 0.128676470588
0 0.536764705882 0.724264705882 0.128676470588 0.128676470588
0 0.685661764706 0.75 0.128676470588 0.128676470588
0 0.788602941176 0.753676470588 0.128676470588 0.128676470588
0 0.3125 0.761029411765 0.128676470588 0.128676470588
0 0.525735294118 0.779411764706 0.128676470588 0.128676470588
0 0.362132352941 0.797794117647 0.128676470588 0.128676470588
0 0.28125 0.823529411765 0.128676470588 0.128676470588
0 0.485294117647 0.840073529412 0.128676470588 0.128676470588
0 0.873161764706 0.863970588235 0.126838235294 0.128676470588
0 0.393382352941 0.926470588235 0.128676470588 0.0735294117647
0 0.0349264705882 0.0 0.128676470588 0.0772058823529
0 0.0845588235294 0.0 0.128676470588 0.121323529412
0 0.0367647058824 0.00919117647059 0.128676470588 0.128676470588
0 0.0 0.0900735294118 0.128676470588 0.128676470588
0 0.183823529412 0.106617647059 0.128676470588 0.128676470588
0 0.404411764706 0.108455882353 0.128676470588 0.128676470588
0 0.0 0.128676470588 0.0900735294118 0.128676470588
0 0.455882352941 0.159926470588 0.128676470588 0.128676470588
0 0.0974264705882 0.165441176471 0.128676470588 0.128676470588
0 0.341911764706 0.189338235294 0.128676470588 0.128676470588
0 0.310661764706 0.204044117647 0.128676470588 0.128676470588
0 0.415441176471 0.235294117647 0.128676470588 0.128676470588
0 0.0 0.238970588235 0.0753676470588 0.128676470588
0 0.0827205882353 0.266544117647 0.128676470588 0.128676470588
0 0.452205882353 0.284926470588 0.128676470588 0.128676470588
0 0.174632352941 0.365808823529 0.128676470588 0.128676470588
0 0.152573529412 0.426470588235 0.128676470588 0.128676470588
0 0.181985294118 0.461397058824 0.128676470588 0.128676470588
0 0.198529411765 0.501838235294 0.128676470588 0.128676470588
0 0.261029411765 0.516544117647 0.128676470588 0.128676470588
0 0.534926470588 0.623161764706 0.128676470588 0.128676470588
0 0.790441176471 0.65625 0.128676470588 0.128676470588
0 0.694852941176 0.689338235294 0.128676470588 0.128676470588
0 0.104779411765 0.696691176471 0.128676470588 0.128676470588
0 0.0790441176471 0.729779411765 0.128676470588 0.128676470588
0 0.608455882353 0.753676470588 0.128676470588 0.128676470588
0 0.669117647059 0.821691176471 0.128676470588 0.128676470588
0 0.439338235294 0.823529411765 0.128676470588 0.128676470588
0 0.522058823529 0.830882352941 0.128676470588 0.128676470588
0 0.902573529412 0.832720588235 0.0974264705882 0.128676470588
0 0.318014705882 0.847426470588 0.128676470588 0.128676470588
0 0.667279411765 0.858455882353 0.128676470588 0.128676470588
0 0.792279411765 0.860294117647 0.128676470588 0.128676470588
0 0.648897058824 0.895220588235 0.128676470588 0.104779411765
0 0.367647058824 0.897058823529 0.128676470588 0.102941176471
0 0.715073529412 0.900735294118 0.128676470588 0.0992647058824
0 0.373161764706 0.911764705882 0.128676470588 0.0882352941176
0 0.4375 0.926470588235 0.128676470588 0.0735294117647
