0 0.227941176471 0.59375 0.128676470588 0.128676470588
0 0.483455882353 0.59375 0.128676470588 0.128676470588
0 0.59375 0.691176470588 0.128676470588 0.128676470588
0 0.643382352941 0.726102941176 0.128676470588 0.128676470588
0 0.448529411765 0.759191176471 0.128676470588 0.128676470588
0 0.619485294118 0.764705882353 0.128676470588 0.128676470588
0 0.678308823529 0.821691176471 0.128676470588 0.128676470588
0 0.582720588235 0.829044117647 0.128676470588 0.128676470588
0 0.516544117647 0.865808823529 0.128676470588 0.128676470588
0 0.334558823529 0.924632352941 0.128676470588 0.0753676470588
0 0.560661764706 0.933823529412 0.128676470588 0.0661764705882
0 0.551470588235 0.560661764706 0.128676470588 0.128676470588
0 0.751838235294 0.568014705882 0.128676470588 0.128676470588
0 0.698529411765 0.573529411765 0.128676470588 0.128676470588
0 0.577205882353 0.59375 0.128676470588 0.128676470588
0 0.306985294118 0.6875 0.128676470588 0.128676470588
0 0.512867647059 0.713235294118 0.128676470588 0.128676470588
0 0.0716911764706 0.735294117647 0.128676470588 0.128676470588
0 0.306985294118 0.803308823529 0.128676470588 0.128676470588
0 0.514705882353 0.810661764706 0.128676470588 0.128676470588
0 0.779411764706 0.810661764706 0.128676470588 0.128676470588
0 0.123161764706 0.8125 0.128676470588 0.128676470588
0 0.873161764706 0.814338235294 0.126838235294 0.128676470588
0 0.909926470588 0.854779411765 0.0900735294118 0.128676470588
0 0.648897058824 0.863970588235 0.128676470588 0.128676470588
0 0.115808823529 0.865808823529 0.128676470588 0.128676470588
0 0.551470588235 0.867647058824 0.128676470588 0.128676470588
0 0.297794117647 0.898897058824 0.128676470588 0.101102941176
0 0.634191176471 0.898897058824 0.128676470588 0.101102941176
0 0.213235294118 0.909926470588 0.128676470588 0.0900735294118
0 0.909926470588 0.922794117647 0.0900735294118 0.0772058823529
0 0.209558823529 0.931985294118 0.128676470588 0.0680147058824
