0 0.7702306 0.0367747 0.1470488 0.1470488
0 0.8786865 0.3308924 0.1213135 0.1286665
0 0.8180247 0.5386129 0.1286665 0.1286665
0 0.8455982 0.2389806 0.1286665 0.1286665
0 0.8878776 0.2481718 0.1121224 0.1286665
0 0.8603041 0.3658188 0.1286665 0.1286665
0 0.8511129 0.4430247 0.1286665 0.1286665
0 0.8455982 0.4705982 0.1286665 0.1286665
0 0.8088335 0.4853041 0.1286665 0.1286665
0 0.9117747 0.4981718 0.0882253 0.1286665
0 0.8603041 0.5110394 0.1286665 0.1286665
0 0.8731718 0.5569953 0.1268282 0.1286665
0 0.7224365 0.5717012 0.1286665 0.1286665
0 0.7150835 0.5992747 0.1286665 0.1286665
0 0.9246424 0.6029512 0.0753576 0.1286665
0 0.8382453 0.6066276 0.1286665 0.1286665
0 0.9007453 0.6562600 0.0992547 0.1286665
0 0.6838335 0.6985394 0.1286665 0.1286665
0 0.8492747 0.9301571 0.1286665 0.0698429
