0 0.775735294118 0.540441176471 0.183823529412 0.183823529412
0 0.658088235294 0.200367647059 0.128676470588 0.128676470588
0 0.713235294118 0.273897058824 0.128676470588 0.128676470588
0 0.566176470588 0.363970588235 0.128676470588 0.128676470588
0 0.387867647059 0.4375 0.128676470588 0.128676470588
0 0.299632352941 0.538602941176 0.128676470588 0.128676470588
0 0.665441176471 0.551470588235 0.128676470588 0.128676470588
0 0.540441176471 0.707720588235 0.128676470588 0.128676470588
0 0.5625 0.794117647059 0.128676470588 0.128676470588
0 0.329044117647 0.893382352941 0.128676470588 0.106617647059
0 0.821691176471 0.174632352941 0.128676470588 0.128676470588
0 0.59375 0.222426470588 0.128676470588 0.128676470588
0 0.830882352941 0.224264705882 0.128676470588 0.128676470588
0 0.525735294118 0.262867647059 0.128676470588 0.128676470588
0 0.863970588235 0.262867647059 0.128676470588 0.128676470588
0 0.568014705882 0.295955882353 0.128676470588 0.128676470588
0 0.818014705882 0.303308823529 0.128676470588 0.128676470588
0 0.898897058824 0.319852941176 0.101102941176 0.128676470588
0 0.46875 0.360294117647 0.128676470588 0.128676470588
0 0.772058823529 0.404411764706 0.128676470588 0.128676470588
0 0.496323529412 0.534926470588 0.128676470588 0.128676470588
0 0.306985294118 0.615808823529 0.128676470588 0.128676470588
0 0.435661764706 0.816176470588 0.128676470588 0.128676470588
0 0.648897058824 0.869485294118 0.128676470588 0.128676470588
