0 0.0 0.788602941176 0.161764705882 0.183823529412
0 0.507352941176 0.0514705882353 0.128676470588 0.128676470588
0 0.612132352941 0.130514705882 0.128676470588 0.128676470588
0 0.316176470588 0.204044117647 0.128676470588 0.128676470588
0 0.841911764706 0.238970588235 0.128676470588 0.128676470588
0 0.101102941176 0.306985294118 0.128676470588 0.128676470588
0 0.663602941176 0.325367647059 0.128676470588 0.128676470588
0 0.466911764706 0.397058823529 0.128676470588 0.128676470588
0 0.305147058824 0.426470588235 0.128676470588 0.128676470588
0 0.808823529412 0.477941176471 0.128676470588 0.128676470588
0 0.362132352941 0.487132352941 0.128676470588 0.128676470588
0 0.507352941176 0.560661764706 0.128676470588 0.128676470588
0 0.806985294118 0.606617647059 0.128676470588 0.128676470588
0 0.819852941176 0.731617647059 0.128676470588 0.128676470588
0 0.893382352941 0.810661764706 0.106617647059 0.128676470588
0 0.573529411765 0.863970588235 0.128676470588 0.128676470588
0 0.6875 0.867647058824 0.128676470588 0.128676470588
0 0.435661764706 0.00551470588235 0.128676470588 0.128676470588
0 0.229779411765 0.159926470588 0.128676470588 0.128676470588
0 0.354779411765 0.244485294118 0.128676470588 0.128676470588
0 0.143382352941 0.248161764706 0.128676470588 0.128676470588
0 0.748161764706 0.310661764706 0.128676470588 0.128676470588
0 0.847426470588 0.367647058824 0.128676470588 0.128676470588
0 0.229779411765 0.46875 0.128676470588 0.128676470588
0 0.623161764706 0.496323529412 0.128676470588 0.128676470588
0 0.643382352941 0.601102941176 0.128676470588 0.128676470588
0 0.698529411765 0.628676470588 0.128676470588 0.128676470588
0 0.444852941176 0.722426470588 0.128676470588 0.128676470588
0 0.792279411765 0.880514705882 0.128676470588 0.119485294118
0 0.766544117647 0.898897058824 0.128676470588 0.101102941176
