0 0.3492747 0.4411865 0.1286665 0.1286665
0 0.4228041 0.4853041 0.1286665 0.1286665
0 0.2389806 0.4981718 0.1286665 0.1286665
0 0.5367747 0.5533188 0.1286665 0.1286665
0 0.3566276 0.5845688 0.1286665 0.1286665
0 0.8621424 0.6250100 0.1286665 0.1286665
0 0.6728041 0.6580982 0.1286665 0.1286665
0 0.5055247 0.6764806 0.1286665 0.1286665
0 0.3235394 0.7297894 0.1286665 0.1286665
0 0.6139806 0.7830982 0.1286665 0.1286665
0 0.5000100 0.7922894 0.1286665 0.1286665
0 0.8327306 0.8014806 0.1286665 0.1286665
0 0.9172894 0.8253776 0.0827106 0.1286665
0 0.3915541 0.8584659 0.1286665 0.1286665
