0 0.558823529412 0.0 0.128676470588 0.110294117647
0 0.424632352941 0.0 0.128676470588 0.125
0 0.670955882353 0.0 0.128676470588 0.123161764706
0 0.801470588235 0.00367647058824 0.128676470588 0.128676470588
0 0.3125 0.0128676470588 0.128676470588 0.128676470588
0 0.909926470588 0.0183823529412 0.0900735294118 0.128676470588
0 0.472426470588 0.0625 0.128676470588 0.128676470588
0 0.132352941176 0.0716911764706 0.128676470588 0.128676470588
0 0.665441176471 0.101102941176 0.128676470588 0.128676470588
0 0.0 0.150735294118 0.104779411765 0.128676470588
0 0.376838235294 0.15625 0.128676470588 0.128676470588
0 0.0790441176471 0.231617647059 0.128676470588 0.128676470588
0 0.209558823529 0.231617647059 0.128676470588 0.128676470588
0 0.441176470588 0.34375 0.128676470588 0.128676470588
0 0.211397058824 0.398897058824 0.128676470588 0.128676470588
0 0.689338235294 0.0 0.128676470588 0.0698529411765
