0 0.0000100 0.0000100 0.0863871 0.0643282
0 0.0845688 0.0000100 0.1286665 0.0735194
0 0.7297894 0.0000100 0.1286665 0.1157988
0 0.4724365 0.0000100 0.1286665 0.1268282
0 0.5955982 0.0441276 0.1286665 0.1286665
0 0.8750100 0.0478041 0.1249900 0.1286665
0 0.3125100 0.0698629 0.1286665 0.1286665
0 0.1746424 0.0845688 0.1286665 0.1286665
0 0.0367747 0.0974365 0.1286665 0.1286665
0 0.5606718 0.1268482 0.1286665 0.1286665
0 0.8253776 0.1525835 0.1286665 0.1286665
0 0.4669218 0.1911865 0.1286665 0.1286665
0 0.6525835 0.2316276 0.1286665 0.1286665
0 0.1562600 0.2941276 0.1286665 0.1286665
0 0.5625100 0.3069953 0.1286665 0.1286665
0 0.8198629 0.3198629 0.1286665 0.1286665
0 0.1599365 0.4154512 0.1286665 0.1286665
0 0.7886129 0.4319953 0.1286665 0.1286665
