0 0.1875 0.797794117647 0.183823529412 0.183823529412
0 0.273897058824 0.0 0.147058823529 0.0863970588235
0 0.409926470588 0.314338235294 0.147058823529 0.147058823529
0 0.229779411765 0.659926470588 0.147058823529 0.147058823529
0 0.466911764706 0.663602941176 0.147058823529 0.147058823529
0 0.59375 0.0 0.128676470588 0.09375
0 0.507352941176 0.0257352941176 0.128676470588 0.128676470588
0 0.518382352941 0.104779411765 0.128676470588 0.128676470588
0 0.621323529412 0.198529411765 0.128676470588 0.128676470588
0 0.46875 0.321691176471 0.128676470588 0.128676470588
0 0.397058823529 0.428308823529 0.128676470588 0.128676470588
0 0.15625 0.481617647059 0.128676470588 0.128676470588
0 0.483455882353 0.485294117647 0.128676470588 0.128676470588
0 0.549632352941 0.487132352941 0.128676470588 0.128676470588
0 0.0 0.591911764706 0.0992647058824 0.128676470588
0 0.272058823529 0.661764705882 0.128676470588 0.128676470588
0 0.266544117647 0.722426470588 0.128676470588 0.128676470588
0 0.211397058824 0.775735294118 0.128676470588 0.128676470588
0 0.0 0.867647058824 0.0753676470588 0.128676470588
0 0.0 0.875 0.126838235294 0.125
0 0.606617647059 0.152573529412 0.128676470588 0.128676470588
0 0.507352941176 0.345588235294 0.128676470588 0.128676470588
0 0.444852941176 0.376838235294 0.128676470588 0.128676470588
0 0.538602941176 0.384191176471 0.128676470588 0.128676470588
0 0.253676470588 0.485294117647 0.128676470588 0.128676470588
0 0.21875 0.525735294118 0.128676470588 0.128676470588
0 0.439338235294 0.533088235294 0.128676470588 0.128676470588
0 0.536764705882 0.545955882353 0.128676470588 0.128676470588
0 0.424632352941 0.5625 0.128676470588 0.128676470588
0 0.503676470588 0.564338235294 0.128676470588 0.128676470588
0 0.0257352941176 0.586397058824 0.128676470588 0.128676470588
0 0.183823529412 0.59375 0.128676470588 0.128676470588
0 0.345588235294 0.595588235294 0.128676470588 0.128676470588
0 0.446691176471 0.665441176471 0.128676470588 0.128676470588
0 0.0367647058824 0.669117647059 0.128676470588 0.128676470588
0 0.0 0.698529411765 0.108455882353 0.128676470588
0 0.0 0.705882352941 0.0790441176471 0.128676470588
0 0.0 0.733455882353 0.0955882352941 0.128676470588
0 0.330882352941 0.737132352941 0.128676470588 0.128676470588
0 0.279411764706 0.768382352941 0.128676470588 0.128676470588
0 0.0 0.788602941176 0.126838235294 0.128676470588
0 0.325367647059 0.788602941176 0.128676470588 0.128676470588
0 0.273897058824 0.801470588235 0.128676470588 0.128676470588
0 0.0 0.814338235294 0.106617647059 0.128676470588
0 0.0 0.841911764706 0.106617647059 0.128676470588
0 0.154411764706 0.880514705882 0.128676470588 0.119485294118
0 0.183823529412 0.931985294118 0.128676470588 0.0680147058824
