0 0.3768482 0.4044218 0.1838135 0.1838135
0 0.3676571 0.2022159 0.1470488 0.1470488
0 0.6672894 0.8639806 0.1470488 0.1360194
0 0.6250100 0.0000100 0.1286665 0.0643282
0 0.5717012 0.0110394 0.1286665 0.1286665
0 0.6433924 0.0220688 0.1286665 0.1286665
0 0.5349365 0.1194953 0.1286665 0.1286665
0 0.6029512 0.1967012 0.1286665 0.1286665
0 0.6452306 0.2941276 0.1286665 0.1286665
0 0.3253776 0.3455982 0.1286665 0.1286665
0 0.2720688 0.4191276 0.1286665 0.1286665
0 0.5036865 0.4172894 0.1286665 0.1286665
0 0.3823629 0.6985394 0.1286665 0.1286665
0 0.6985394 0.7408188 0.1286665 0.1286665
0 0.3842012 0.7463335 0.1286665 0.1286665
0 0.5974365 0.9283188 0.1286665 0.0716812
0 0.7683924 0.0000100 0.1286665 0.0698429
0 0.6783188 0.0000100 0.1286665 0.0827106
0 0.6029512 0.0000100 0.1286665 0.0919018
0 0.7058924 0.0000100 0.1286665 0.1010929
0 0.5275835 0.0000100 0.1286665 0.1249900
0 0.6764806 0.0165541 0.1286665 0.1286665
0 0.6268482 0.0459659 0.1286665 0.1286665
0 0.5625100 0.0735394 0.1286665 0.1286665
0 0.6139806 0.1544218 0.1286665 0.1286665
0 0.5717012 0.1562600 0.1286665 0.1286665
0 0.4558924 0.1819953 0.1286665 0.1286665
0 0.5183924 0.2003776 0.1286665 0.1286665
0 0.5220688 0.2775835 0.1286665 0.1286665
0 0.3731718 0.2849365 0.1286665 0.1286665
0 0.3419218 0.3051571 0.1286665 0.1286665
0 0.1654512 0.3180247 0.1286665 0.1286665
0 0.6213335 0.3272159 0.1286665 0.1286665
0 0.2316276 0.3327306 0.1286665 0.1286665
0 0.1930247 0.3621424 0.1286665 0.1286665
0 0.6397159 0.4044218 0.1286665 0.1286665
0 0.5330982 0.4632453 0.1286665 0.1286665
0 0.4926571 0.4742747 0.1286665 0.1286665
0 0.6213335 0.4981718 0.1286665 0.1286665
0 0.6342012 0.5275835 0.1286665 0.1286665
0 0.3768482 0.6580982 0.1286665 0.1286665
0 0.4025835 0.6672894 0.1286665 0.1286665
0 0.4246424 0.6838335 0.1286665 0.1286665
0 0.2867747 0.7058924 0.1286665 0.1286665
0 0.3511129 0.7353041 0.1286665 0.1286665
0 0.3584659 0.7849365 0.1286665 0.1286665
0 0.7297894 0.9117747 0.1286665 0.0882253
0 0.5478041 0.9283188 0.1286665 0.0716812
