0 0.7830982 0.4834659 0.1838135 0.1838135
0 0.9283188 0.2978041 0.0716812 0.1286665
0 0.8327306 0.3290541 0.1286665 0.1286665
0 0.7040541 0.3952306 0.1286665 0.1286665
0 0.8455982 0.3970688 0.1286665 0.1286665
0 0.4981718 0.4981718 0.1286665 0.1286665
0 0.7959659 0.3639806 0.1286665 0.1286665
0 0.6011129 0.3842012 0.1286665 0.1286665
0 0.9025835 0.3842012 0.0974165 0.1286665
0 0.6691276 0.4264806 0.1286665 0.1286665
0 0.8603041 0.4338335 0.1286665 0.1286665
0 0.9154512 0.4632453 0.0845488 0.1286665
0 0.6158188 0.4779512 0.1286665 0.1286665
0 0.5588335 0.5643482 0.1286665 0.1286665
