0 0.3547894 0.2279512 0.1838135 0.1838135
0 0.4724365 0.0974365 0.1286665 0.1286665
0 0.2628776 0.2849365 0.1286665 0.1286665
0 0.2739071 0.4062600 0.1286665 0.1286665
0 0.2132453 0.4319953 0.1286665 0.1286665
0 0.2500100 0.4834659 0.1286665 0.1286665
0 0.4650835 0.4944953 0.1286665 0.1286665
0 0.2003776 0.4981718 0.1286665 0.1286665
0 0.5312600 0.5827306 0.1286665 0.1286665
0 0.2316276 0.1544218 0.1286665 0.1286665
0 0.2720688 0.3658188 0.1286665 0.1286665
0 0.1691276 0.4172894 0.1286665 0.1286665
0 0.4393482 0.5441276 0.1286665 0.1286665
