0 0.294117647059 0.0 0.183823529412 0.115808823529
0 0.591911764706 0.571691176471 0.183823529412 0.183823529412
0 0.0827205882353 0.731617647059 0.183823529412 0.183823529412
0 0.704044117647 0.0 0.128676470588 0.09375
0 0.0349264705882 0.0 0.128676470588 0.108455882353
0 0.625 0.0 0.128676470588 0.112132352941
0 0.150735294118 0.0 0.128676470588 0.115808823529
0 0.926470588235 0.0220588235294 0.0735294117647 0.128676470588
0 0.336397058824 0.0533088235294 0.128676470588 0.128676470588
0 0.255514705882 0.159926470588 0.128676470588 0.128676470588
0 0.134191176471 0.163602941176 0.128676470588 0.128676470588
0 0.433823529412 0.172794117647 0.128676470588 0.128676470588
0 0.602941176471 0.202205882353 0.128676470588 0.128676470588
0 0.891544117647 0.220588235294 0.108455882353 0.128676470588
0 0.196691176471 0.226102941176 0.128676470588 0.128676470588
0 0.790441176471 0.226102941176 0.128676470588 0.128676470588
0 0.165441176471 0.323529411765 0.128676470588 0.128676470588
0 0.325367647059 0.334558823529 0.128676470588 0.128676470588
0 0.490808823529 0.404411764706 0.128676470588 0.128676470588
0 0.852941176471 0.409926470588 0.128676470588 0.128676470588
0 0.128676470588 0.433823529412 0.128676470588 0.128676470588
0 0.584558823529 0.463235294118 0.128676470588 0.128676470588
0 0.393382352941 0.481617647059 0.128676470588 0.128676470588
0 0.0 0.485294117647 0.0900735294118 0.128676470588
0 0.71875 0.492647058824 0.128676470588 0.128676470588
0 0.483455882353 0.547794117647 0.128676470588 0.128676470588
0 0.775735294118 0.558823529412 0.128676470588 0.128676470588
0 0.283088235294 0.579044117647 0.128676470588 0.128676470588
0 0.0459558823529 0.597426470588 0.128676470588 0.128676470588
0 0.867647058824 0.628676470588 0.128676470588 0.128676470588
0 0.0 0.637867647059 0.121323529412 0.128676470588
0 0.102941176471 0.650735294118 0.128676470588 0.128676470588
0 0.65625 0.672794117647 0.128676470588 0.128676470588
0 0.0349264705882 0.724264705882 0.128676470588 0.128676470588
0 0.0 0.740808823529 0.0790441176471 0.128676470588
0 0.676470588235 0.748161764706 0.128676470588 0.128676470588
0 0.189338235294 0.751838235294 0.128676470588 0.128676470588
0 0.248161764706 0.841911764706 0.128676470588 0.128676470588
0 0.472426470588 0.84375 0.128676470588 0.128676470588
0 0.915441176471 0.865808823529 0.0845588235294 0.128676470588
0 0.612132352941 0.871323529412 0.128676470588 0.128676470588
0 0.472426470588 0.891544117647 0.128676470588 0.108455882353
0 0.825367647059 0.908088235294 0.128676470588 0.0919117647059
0 0.580882352941 0.672794117647 0.128676470588 0.128676470588
