0 0.308823529412 0.0 0.183823529412 0.172794117647
0 0.248161764706 0.759191176471 0.183823529412 0.183823529412
0 0.233455882353 0.255514705882 0.147058823529 0.147058823529
0 0.332720588235 0.0 0.128676470588 0.0698529411765
0 0.435661764706 0.0 0.128676470588 0.0827205882353
0 0.216911764706 0.0 0.128676470588 0.0900735294118
0 0.123161764706 0.0845588235294 0.128676470588 0.128676470588
0 0.106617647059 0.194852941176 0.128676470588 0.128676470588
0 0.00919117647059 0.261029411765 0.128676470588 0.128676470588
0 0.0845588235294 0.334558823529 0.128676470588 0.128676470588
0 0.0 0.402573529412 0.112132352941 0.128676470588
0 0.790441176471 0.584558823529 0.128676470588 0.128676470588
0 0.621323529412 0.606617647059 0.128676470588 0.128676470588
0 0.772058823529 0.610294117647 0.128676470588 0.128676470588
0 0.873161764706 0.764705882353 0.126838235294 0.128676470588
0 0.398897058824 0.772058823529 0.128676470588 0.128676470588
0 0.924632352941 0.814338235294 0.0753676470588 0.128676470588
0 0.376838235294 0.829044117647 0.128676470588 0.128676470588
0 0.845588235294 0.873161764706 0.128676470588 0.126838235294
0 0.665441176471 0.882352941176 0.128676470588 0.117647058824
0 0.523897058824 0.922794117647 0.128676470588 0.0772058823529
0 0.498161764706 0.0 0.128676470588 0.0716911764706
0 0.159926470588 0.0955882352941 0.128676470588 0.128676470588
0 0.0974264705882 0.119485294118 0.128676470588 0.128676470588
0 0.145220588235 0.159926470588 0.128676470588 0.128676470588
0 0.25 0.185661764706 0.128676470588 0.128676470588
0 0.0477941176471 0.198529411765 0.128676470588 0.128676470588
0 0.444852941176 0.216911764706 0.128676470588 0.128676470588
0 0.0 0.295955882353 0.0735294117647 0.128676470588
0 0.0 0.351102941176 0.117647058824 0.128676470588
0 0.0 0.472426470588 0.0753676470588 0.128676470588
0 0.597426470588 0.579044117647 0.128676470588 0.128676470588
0 0.898897058824 0.784926470588 0.101102941176 0.128676470588
0 0.571691176471 0.841911764706 0.128676470588 0.128676470588
0 0.404411764706 0.849264705882 0.128676470588 0.128676470588
0 0.707720588235 0.849264705882 0.128676470588 0.128676470588
0 0.424632352941 0.856617647059 0.128676470588 0.128676470588
0 0.435661764706 0.876838235294 0.128676470588 0.123161764706
0 0.470588235294 0.893382352941 0.128676470588 0.106617647059
0 0.308823529412 0.897058823529 0.128676470588 0.102941176471
0 0.443014705882 0.922794117647 0.128676470588 0.0772058823529
