0 0.0 0.0 0.170955882353 0.148897058824
0 0.0 0.555147058824 0.154411764706 0.183823529412
0 0.477941176471 0.0 0.147058823529 0.125
0 0.259191176471 0.0257352941176 0.147058823529 0.147058823529
0 0.229779411765 0.101102941176 0.147058823529 0.147058823529
0 0.0183823529412 0.150735294118 0.147058823529 0.147058823529
0 0.601102941176 0.163602941176 0.147058823529 0.147058823529
0 0.0753676470588 0.253676470588 0.147058823529 0.147058823529
0 0.490808823529 0.316176470588 0.147058823529 0.147058823529
0 0.784926470588 0.321691176471 0.147058823529 0.147058823529
0 0.613970588235 0.356617647059 0.147058823529 0.147058823529
0 0.479779411765 0.360294117647 0.147058823529 0.147058823529
0 0.525735294118 0.378676470588 0.147058823529 0.147058823529
0 0.435661764706 0.378676470588 0.147058823529 0.147058823529
0 0.0 0.415441176471 0.0974264705882 0.147058823529
0 0.601102941176 0.4375 0.147058823529 0.147058823529
0 0.0680147058824 0.503676470588 0.147058823529 0.147058823529
0 0.183823529412 0.527573529412 0.147058823529 0.147058823529
0 0.0 0.748161764706 0.0974264705882 0.147058823529
0 0.0753676470588 0.0 0.128676470588 0.09375
0 0.360294117647 0.0110294117647 0.128676470588 0.128676470588
0 0.509191176471 0.0202205882353 0.128676470588 0.128676470588
0 0.00735294117647 0.0477941176471 0.128676470588 0.128676470588
0 0.580882352941 0.0919117647059 0.128676470588 0.128676470588
0 0.505514705882 0.113970588235 0.128676470588 0.128676470588
0 0.424632352941 0.126838235294 0.128676470588 0.128676470588
0 0.579044117647 0.136029411765 0.128676470588 0.128676470588
0 0.0680147058824 0.183823529412 0.128676470588 0.128676470588
0 0.0 0.259191176471 0.102941176471 0.128676470588
0 0.590073529412 0.318014705882 0.128676470588 0.128676470588
0 0.306985294118 0.329044117647 0.128676470588 0.128676470588
0 0.134191176471 0.334558823529 0.128676470588 0.128676470588
0 0.207720588235 0.347426470588 0.128676470588 0.128676470588
0 0.345588235294 0.419117647059 0.128676470588 0.128676470588
0 0.498161764706 0.424632352941 0.128676470588 0.128676470588
0 0.106617647059 0.430147058824 0.128676470588 0.128676470588
0 0.0808823529412 0.0 0.128676470588 0.125
0 0.0606617647059 0.0275735294118 0.128676470588 0.128676470588
0 0.231617647059 0.0533088235294 0.128676470588 0.128676470588
0 0.0477941176471 0.0845588235294 0.128676470588 0.128676470588
0 0.132352941176 0.0882352941176 0.128676470588 0.128676470588
0 0.0 0.0919117647059 0.126838235294 0.128676470588
0 0.0 0.159926470588 0.115808823529 0.128676470588
0 0.529411764706 0.170955882353 0.128676470588 0.128676470588
0 0.00735294117647 0.196691176471 0.128676470588 0.128676470588
0 0.125 0.204044117647 0.128676470588 0.128676470588
0 0.553308823529 0.216911764706 0.128676470588 0.128676470588
0 0.130514705882 0.231617647059 0.128676470588 0.128676470588
0 0.200367647059 0.231617647059 0.128676470588 0.128676470588
0 0.0147058823529 0.238970588235 0.128676470588 0.128676470588
0 0.238970588235 0.264705882353 0.128676470588 0.128676470588
0 0.15625 0.266544117647 0.128676470588 0.128676470588
0 0.108455882353 0.283088235294 0.128676470588 0.128676470588
0 0.0147058823529 0.318014705882 0.128676470588 0.128676470588
0 0.0 0.319852941176 0.113970588235 0.128676470588
0 0.0698529411765 0.323529411765 0.128676470588 0.128676470588
0 0.0514705882353 0.363970588235 0.128676470588 0.128676470588
0 0.0 0.369485294118 0.112132352941 0.128676470588
0 0.180147058824 0.393382352941 0.128676470588 0.128676470588
0 0.0 0.397058823529 0.0863970588235 0.128676470588
0 0.0477941176471 0.398897058824 0.128676470588 0.128676470588
0 0.198529411765 0.441176470588 0.128676470588 0.128676470588
0 0.0 0.444852941176 0.117647058824 0.128676470588
0 0.115808823529 0.46875 0.128676470588 0.128676470588
0 0.0680147058824 0.479779411765 0.128676470588 0.128676470588
0 0.0 0.636029411765 0.0753676470588 0.128676470588
0 0.150735294118 0.65625 0.128676470588 0.128676470588
