0 0.4007453 0.1011129 0.1838135 0.1838135
0 0.1268482 0.2830982 0.1838135 0.1838135
0 0.8658188 0.4834659 0.1341812 0.1838135
0 0.6930247 0.0000100 0.1286665 0.0716812
0 0.8051571 0.0000100 0.1286665 0.1010929
0 0.7555247 0.0643482 0.1286665 0.1286665
0 0.9117747 0.1029512 0.0882253 0.1286665
0 0.8106718 0.1103041 0.1286665 0.1286665
0 0.0000100 0.1194953 0.1121224 0.1286665
0 0.0919218 0.1268482 0.1286665 0.1286665
0 0.2665541 0.2389806 0.1286665 0.1286665
0 0.5900835 0.2518482 0.1286665 0.1286665
0 0.9025835 0.3308924 0.0974165 0.1286665
0 0.5000100 0.3566276 0.1286665 0.1286665
0 0.1158188 0.4301571 0.1286665 0.1286665
0 0.5349365 0.4356718 0.1286665 0.1286665
0 0.0202306 0.4522159 0.1286665 0.1286665
0 0.3768482 0.4797894 0.1286665 0.1286665
0 0.6893482 0.4834659 0.1286665 0.1286665
0 0.5367747 0.5349365 0.1286665 0.1286665
0 0.1654512 0.5386129 0.1286665 0.1286665
0 0.2389806 0.5606718 0.1286665 0.1286665
0 0.0661865 0.6029512 0.1286665 0.1286665
0 0.4264806 0.6103041 0.1286665 0.1286665
0 0.0588335 0.6470688 0.1286665 0.1286665
0 0.0000100 0.6507453 0.1139606 0.1286665
0 0.2481718 0.6856718 0.1286665 0.1286665
0 0.1231718 0.7316276 0.1286665 0.1286665
0 0.0000100 0.7371424 0.0643282 0.1286665
0 0.5257453 0.7812600 0.1286665 0.1286665
0 0.1507453 0.7849365 0.1286665 0.1286665
0 0.0330982 0.8566276 0.1286665 0.1286665
0 0.5753776 0.8860394 0.1286665 0.1139606
0 0.0312600 0.9301571 0.1286665 0.0698429
0 0.0239071 0.7371424 0.1286665 0.1286665
