0 0.556985294118 0.461397058824 0.183823529412 0.183823529412
0 0.0863970588235 0.145220588235 0.128676470588 0.128676470588
0 0.319852941176 0.159926470588 0.128676470588 0.128676470588
0 0.0 0.209558823529 0.113970588235 0.128676470588
0 0.110294117647 0.272058823529 0.128676470588 0.128676470588
0 0.03125 0.283088235294 0.128676470588 0.128676470588
0 0.0 0.336397058824 0.0661764705882 0.128676470588
0 0.0294117647059 0.571691176471 0.128676470588 0.128676470588
0 0.0680147058824 0.584558823529 0.128676470588 0.128676470588
0 0.0 0.720588235294 0.108455882353 0.128676470588
0 0.0441176470588 0.110294117647 0.128676470588 0.128676470588
