0 0.433823529412 0.0165441176471 0.183823529412 0.183823529412
0 0.685661764706 0.216911764706 0.183823529412 0.183823529412
0 0.253676470588 0.720588235294 0.183823529412 0.183823529412
0 0.413602941176 0.0 0.128676470588 0.0698529411765
0 0.761029411765 0.0 0.128676470588 0.0716911764706
0 0.496323529412 0.0 0.128676470588 0.0772058823529
0 0.851102941176 0.0 0.128676470588 0.0845588235294
0 0.669117647059 0.0 0.128676470588 0.0919117647059
0 0.761029411765 0.0 0.128676470588 0.126838235294
0 0.871323529412 0.0422794117647 0.128676470588 0.128676470588
0 0.112132352941 0.0569852941176 0.128676470588 0.128676470588
0 0.808823529412 0.0606617647059 0.128676470588 0.128676470588
0 0.917279411765 0.0808823529412 0.0827205882353 0.128676470588
0 0.5625 0.117647058824 0.128676470588 0.128676470588
0 0.259191176471 0.141544117647 0.128676470588 0.128676470588
0 0.481617647059 0.147058823529 0.128676470588 0.128676470588
0 0.830882352941 0.169117647059 0.128676470588 0.128676470588
0 0.636029411765 0.198529411765 0.128676470588 0.128676470588
0 0.933823529412 0.202205882353 0.0661764705882 0.128676470588
0 0.251838235294 0.224264705882 0.128676470588 0.128676470588
0 0.591911764706 0.231617647059 0.128676470588 0.128676470588
0 0.283088235294 0.28125 0.128676470588 0.128676470588
0 0.897058823529 0.283088235294 0.102941176471 0.128676470588
0 0.104779411765 0.308823529412 0.128676470588 0.128676470588
0 0.465073529412 0.3125 0.128676470588 0.128676470588
0 0.806985294118 0.358455882353 0.128676470588 0.128676470588
0 0.623161764706 0.397058823529 0.128676470588 0.128676470588
0 0.538602941176 0.404411764706 0.128676470588 0.128676470588
0 0.299632352941 0.409926470588 0.128676470588 0.128676470588
0 0.404411764706 0.441176470588 0.128676470588 0.128676470588
0 0.647058823529 0.490808823529 0.128676470588 0.128676470588
0 0.852941176471 0.492647058824 0.128676470588 0.128676470588
0 0.672794117647 0.588235294118 0.128676470588 0.128676470588
0 0.227941176471 0.595588235294 0.128676470588 0.128676470588
0 0.845588235294 0.634191176471 0.128676470588 0.128676470588
0 0.145220588235 0.702205882353 0.128676470588 0.128676470588
0 0.851102941176 0.75 0.128676470588 0.128676470588
0 0.577205882353 0.768382352941 0.128676470588 0.128676470588
0 0.6875 0.772058823529 0.128676470588 0.128676470588
0 0.928308823529 0.775735294118 0.0716911764706 0.128676470588
0 0.435661764706 0.803308823529 0.128676470588 0.128676470588
0 0.895220588235 0.847426470588 0.104779411765 0.128676470588
0 0.0 0.849264705882 0.0753676470588 0.128676470588
0 0.799632352941 0.863970588235 0.128676470588 0.128676470588
0 0.0735294117647 0.873161764706 0.128676470588 0.126838235294
0 0.599264705882 0.886029411765 0.128676470588 0.113970588235
0 0.0 0.891544117647 0.101102941176 0.108455882353
0 0.266544117647 0.898897058824 0.128676470588 0.101102941176
0 0.398897058824 0.908088235294 0.128676470588 0.0919117647059
0 0.507352941176 0.924632352941 0.128676470588 0.0753676470588
0 0.0 0.926470588235 0.126838235294 0.0735294117647
0 0.0735294117647 0.933823529412 0.128676470588 0.0661764705882
0 0.444852941176 0.0 0.128676470588 0.0863970588235
0 0.575367647059 0.0 0.128676470588 0.0919117647059
0 0.161764705882 0.0955882352941 0.128676470588 0.128676470588
0 0.347426470588 0.0974264705882 0.128676470588 0.128676470588
0 0.154411764706 0.134191176471 0.128676470588 0.128676470588
0 0.931985294118 0.134191176471 0.0680147058824 0.128676470588
0 0.196691176471 0.202205882353 0.128676470588 0.128676470588
0 0.198529411765 0.284926470588 0.128676470588 0.128676470588
0 0.909926470588 0.667279411765 0.0900735294118 0.128676470588
