0 0.466911764706 0.613970588235 0.183823529412 0.183823529412
0 0.722426470588 0.0 0.128676470588 0.113970588235
0 0.378676470588 0.193014705882 0.128676470588 0.128676470588
0 0.566176470588 0.226102941176 0.128676470588 0.128676470588
0 0.463235294118 0.286764705882 0.128676470588 0.128676470588
0 0.356617647059 0.391544117647 0.128676470588 0.128676470588
0 0.273897058824 0.393382352941 0.128676470588 0.128676470588
0 0.459558823529 0.422794117647 0.128676470588 0.128676470588
0 0.5 0.441176470588 0.128676470588 0.128676470588
0 0.409926470588 0.472426470588 0.128676470588 0.128676470588
0 0.292279411765 0.485294117647 0.128676470588 0.128676470588
0 0.360294117647 0.507352941176 0.128676470588 0.128676470588
0 0.612132352941 0.509191176471 0.128676470588 0.128676470588
0 0.424632352941 0.53125 0.128676470588 0.128676470588
0 0.590073529412 0.547794117647 0.128676470588 0.128676470588
0 0.560661764706 0.568014705882 0.128676470588 0.128676470588
0 0.610294117647 0.639705882353 0.128676470588 0.128676470588
0 0.568014705882 0.643382352941 0.128676470588 0.128676470588
0 0.536764705882 0.652573529412 0.128676470588 0.128676470588
0 0.547794117647 0.696691176471 0.128676470588 0.128676470588
0 0.507352941176 0.722426470588 0.128676470588 0.128676470588
