0 0.8069953 0.0000100 0.1838135 0.1341812
0 0.5183924 0.1029512 0.1838135 0.1838135
0 0.4007453 0.2481718 0.1838135 0.1838135
0 0.6176571 0.3014806 0.1838135 0.1838135
0 0.2224365 0.7812600 0.1838135 0.1838135
0 0.4889806 0.6636129 0.1470488 0.1470488
0 0.4669218 0.7647159 0.1470488 0.1470488
0 0.3878776 0.0000100 0.1286665 0.0753576
0 0.0000100 0.0000100 0.0863871 0.0771959
0 0.0000100 0.0000100 0.1268282 0.1029312
0 0.1452306 0.0165541 0.1286665 0.1286665
0 0.2114071 0.0551571 0.1286665 0.1286665
0 0.1342012 0.1158188 0.1286665 0.1286665
0 0.0606718 0.1231718 0.1286665 0.1286665
0 0.1489071 0.1930247 0.1286665 0.1286665
0 0.3290541 0.2058924 0.1286665 0.1286665
0 0.8345688 0.2389806 0.1286665 0.1286665
0 0.5496424 0.2812600 0.1286665 0.1286665
0 0.7849365 0.3235394 0.1286665 0.1286665
0 0.3805247 0.3308924 0.1286665 0.1286665
0 0.4816276 0.3529512 0.1286665 0.1286665
0 0.2683924 0.3768482 0.1286665 0.1286665
0 0.2904512 0.4283188 0.1286665 0.1286665
0 0.0772159 0.5036865 0.1286665 0.1286665
0 0.3235394 0.5459659 0.1286665 0.1286665
0 0.4687600 0.6139806 0.1286665 0.1286665
0 0.5974365 0.6654512 0.1286665 0.1286665
0 0.0919218 0.1838335 0.1286665 0.1286665
0 0.8290541 0.3217012 0.1286665 0.1286665
0 0.4467012 0.3529512 0.1286665 0.1286665
0 0.4338335 0.3952306 0.1286665 0.1286665
