0 0.0992647058824 0.194852941176 0.147058823529 0.147058823529
0 0.659926470588 0.0 0.128676470588 0.112132352941
0 0.216911764706 0.0496323529412 0.128676470588 0.128676470588
0 0.806985294118 0.0900735294118 0.128676470588 0.128676470588
0 0.290441176471 0.15625 0.128676470588 0.128676470588
0 0.797794117647 0.207720588235 0.128676470588 0.128676470588
0 0.834558823529 0.152573529412 0.128676470588 0.128676470588
0 0.755514705882 0.158088235294 0.128676470588 0.128676470588
0 0.836397058824 0.310661764706 0.128676470588 0.128676470588
0 0.744485294118 0.362132352941 0.128676470588 0.128676470588
0 0.637867647059 0.413602941176 0.128676470588 0.128676470588
0 0.6875 0.459558823529 0.128676470588 0.128676470588
0 0.645220588235 0.488970588235 0.128676470588 0.128676470588
