0 0.6011129 0.3658188 0.1838135 0.1838135
0 0.4080982 0.3180247 0.1470488 0.1470488
0 0.0000100 0.2353041 0.1121224 0.1286665
0 0.0165541 0.2959659 0.1286665 0.1286665
0 0.4503776 0.2996424 0.1286665 0.1286665
0 0.0000100 0.3033188 0.0955782 0.1286665
0 0.4650835 0.3621424 0.1286665 0.1286665
0 0.3603041 0.3768482 0.1286665 0.1286665
0 0.5533188 0.4044218 0.1286665 0.1286665
0 0.3235394 0.4246424 0.1286665 0.1286665
0 0.5827306 0.4264806 0.1286665 0.1286665
0 0.3768482 0.4264806 0.1286665 0.1286665
0 0.5698629 0.4724365 0.1286665 0.1286665
0 0.4485394 0.4779512 0.1286665 0.1286665
0 0.3474365 0.4871424 0.1286665 0.1286665
0 0.2316276 0.5183924 0.1286665 0.1286665
0 0.2481718 0.5165541 0.1286665 0.1286665
0 0.4191276 0.5183924 0.1286665 0.1286665
0 0.3750100 0.5422894 0.1286665 0.1286665
0 0.2739071 0.5459659 0.1286665 0.1286665
0 0.4779512 0.5661865 0.1286665 0.1286665
0 0.4246424 0.5864071 0.1286665 0.1286665
0 0.5036865 0.5955982 0.1286665 0.1286665
0 0.2187600 0.6011129 0.1286665 0.1286665
0 0.3878776 0.4963335 0.1286665 0.1286665
