0 0.0643382352941 0.266544117647 0.183823529412 0.183823529412
0 0.481617647059 0.6875 0.183823529412 0.183823529412
0 0.707720588235 0.0533088235294 0.147058823529 0.147058823529
0 0.636029411765 0.0 0.128676470588 0.101102941176
0 0.470588235294 0.0 0.128676470588 0.126838235294
0 0.568014705882 0.0 0.128676470588 0.126838235294
0 0.604779411765 0.0 0.128676470588 0.128676470588
0 0.0 0.0128676470588 0.121323529412 0.128676470588
0 0.0698529411765 0.0514705882353 0.128676470588 0.128676470588
0 0.0 0.0588235294118 0.0790441176471 0.128676470588
0 0.106617647059 0.0735294117647 0.128676470588 0.128676470588
0 0.841911764706 0.0863970588235 0.128676470588 0.128676470588
0 0.584558823529 0.101102941176 0.128676470588 0.128676470588
0 0.665441176471 0.110294117647 0.128676470588 0.128676470588
0 0.145220588235 0.119485294118 0.128676470588 0.128676470588
0 0.0110294117647 0.123161764706 0.128676470588 0.128676470588
0 0.1875 0.123161764706 0.128676470588 0.128676470588
0 0.0533088235294 0.128676470588 0.128676470588 0.128676470588
0 0.487132352941 0.143382352941 0.128676470588 0.128676470588
0 0.113970588235 0.148897058824 0.128676470588 0.128676470588
0 0.349264705882 0.154411764706 0.128676470588 0.128676470588
0 0.0992647058824 0.159926470588 0.128676470588 0.128676470588
0 0.744485294118 0.170955882353 0.128676470588 0.128676470588
0 0.261029411765 0.181985294118 0.128676470588 0.128676470588
0 0.0514705882353 0.183823529412 0.128676470588 0.128676470588
0 0.819852941176 0.185661764706 0.128676470588 0.128676470588
0 0.851102941176 0.194852941176 0.128676470588 0.128676470588
0 0.00735294117647 0.205882352941 0.128676470588 0.128676470588
0 0.0220588235294 0.216911764706 0.128676470588 0.128676470588
0 0.0441176470588 0.251838235294 0.128676470588 0.128676470588
0 0.185661764706 0.259191176471 0.128676470588 0.128676470588
0 0.0551470588235 0.266544117647 0.128676470588 0.128676470588
0 0.154411764706 0.270220588235 0.128676470588 0.128676470588
0 0.244485294118 0.292279411765 0.128676470588 0.128676470588
0 0.0 0.338235294118 0.123161764706 0.128676470588
0 0.0 0.424632352941 0.106617647059 0.128676470588
0 0.205882352941 0.455882352941 0.128676470588 0.128676470588
0 0.112132352941 0.465073529412 0.128676470588 0.128676470588
0 0.0 0.472426470588 0.0882352941176 0.128676470588
0 0.0625 0.501838235294 0.128676470588 0.128676470588
0 0.0698529411765 0.560661764706 0.128676470588 0.128676470588
0 0.332720588235 0.773897058824 0.128676470588 0.128676470588
0 0.501838235294 0.8125 0.128676470588 0.128676470588
0 0.0 0.0588235294118 0.123161764706 0.128676470588
0 0.137867647059 0.154411764706 0.128676470588 0.128676470588
0 0.264705882353 0.21875 0.128676470588 0.128676470588
0 0.176470588235 0.323529411765 0.128676470588 0.128676470588
0 0.246323529412 0.347426470588 0.128676470588 0.128676470588
0 0.209558823529 0.365808823529 0.128676470588 0.128676470588
0 0.00919117647059 0.380514705882 0.128676470588 0.128676470588
0 0.0827205882353 0.384191176471 0.128676470588 0.128676470588
0 0.0294117647059 0.402573529412 0.128676470588 0.128676470588
0 0.244485294118 0.40625 0.128676470588 0.128676470588
0 0.0992647058824 0.424632352941 0.128676470588 0.128676470588
0 0.0533088235294 0.4375 0.128676470588 0.128676470588
0 0.141544117647 0.536764705882 0.128676470588 0.128676470588
0 0.0367647058824 0.544117647059 0.128676470588 0.128676470588
0 0.286764705882 0.665441176471 0.128676470588 0.128676470588
0 0.431985294118 0.806985294118 0.128676470588 0.128676470588
0 0.472426470588 0.829044117647 0.128676470588 0.128676470588
