0 0.784926470588 0.376838235294 0.128676470588 0.128676470588
0 0.862132352941 0.386029411765 0.128676470588 0.128676470588
0 0.841911764706 0.424632352941 0.128676470588 0.128676470588
0 0.735294117647 0.431985294118 0.128676470588 0.128676470588
0 0.926470588235 0.435661764706 0.0735294117647 0.128676470588
0 0.838235294118 0.511029411765 0.128676470588 0.128676470588
0 0.841911764706 0.580882352941 0.128676470588 0.128676470588
0 0.915441176471 0.613970588235 0.0845588235294 0.128676470588
0 0.886029411765 0.397058823529 0.113970588235 0.128676470588
0 0.685661764706 0.474264705882 0.128676470588 0.128676470588
0 0.851102941176 0.604779411765 0.128676470588 0.128676470588
