0 0.8217012 0.0257453 0.1470488 0.1470488
0 0.1691276 0.4044218 0.1470488 0.1470488
0 0.3382453 0.0000100 0.1286665 0.1066076
0 0.7702306 0.0128776 0.1286665 0.1286665
0 0.7205982 0.0183924 0.1286665 0.1286665
0 0.0000100 0.0386129 0.1029312 0.1286665
0 0.7720688 0.8419218 0.1286665 0.1286665
0 0.0275835 0.9283188 0.1286665 0.0716812
0 0.7683924 0.0000100 0.1286665 0.0845488
0 0.1158188 0.0992747 0.1286665 0.1286665
0 0.3033188 0.1378776 0.1286665 0.1286665
0 0.0772159 0.1507453 0.1286665 0.1286665
0 0.1819953 0.2812600 0.1286665 0.1286665
0 0.1544218 0.4761129 0.1286665 0.1286665
