0 0.2169218 0.4136129 0.1470488 0.1470488
0 0.6360394 0.0000100 0.1286665 0.1268282
0 0.6875100 0.0330982 0.1286665 0.1286665
0 0.2132453 0.3658188 0.1286665 0.1286665
0 0.0349365 0.5533188 0.1286665 0.1286665
0 0.2481718 0.5606718 0.1286665 0.1286665
0 0.1911865 0.6029512 0.1286665 0.1286665
0 0.1176571 0.6746424 0.1286665 0.1286665
0 0.4191276 0.7371424 0.1286665 0.1286665
0 0.0753776 0.8198629 0.1286665 0.1286665
0 0.2757453 0.2481718 0.1286665 0.1286665
0 0.2169218 0.3382453 0.1286665 0.1286665
0 0.1599365 0.4687600 0.1286665 0.1286665
0 0.2003776 0.5073629 0.1286665 0.1286665
0 0.1231718 0.5092012 0.1286665 0.1286665
0 0.3786865 0.5569953 0.1286665 0.1286665
0 0.1250100 0.5625100 0.1286665 0.1286665
0 0.1489071 0.5680247 0.1286665 0.1286665
0 0.0220688 0.6139806 0.1286665 0.1286665
0 0.4154512 0.6305247 0.1286665 0.1286665
0 0.1158188 0.6397159 0.1286665 0.1286665
0 0.4356718 0.6525835 0.1286665 0.1286665
0 0.1470688 0.6599365 0.1286665 0.1286665
0 0.3382453 0.7224365 0.1286665 0.1286665
0 0.0661865 0.7463335 0.1286665 0.1286665
0 0.3474365 0.7555247 0.1286665 0.1286665
0 0.1194953 0.7886129 0.1286665 0.1286665
0 0.3235394 0.8014806 0.1286665 0.1286665
0 0.0992747 0.9154512 0.1286665 0.0845488
