0 0.669117647059 0.363970588235 0.183823529412 0.183823529412
0 0.636029411765 0.0 0.128676470588 0.0643382352941
0 0.426470588235 0.00367647058824 0.128676470588 0.128676470588
0 0.253676470588 0.113970588235 0.128676470588 0.128676470588
0 0.477941176471 0.136029411765 0.128676470588 0.128676470588
0 0.0 0.147058823529 0.123161764706 0.128676470588
0 0.387867647059 0.207720588235 0.128676470588 0.128676470588
0 0.748161764706 0.261029411765 0.128676470588 0.128676470588
0 0.191176470588 0.275735294118 0.128676470588 0.128676470588
0 0.501838235294 0.277573529412 0.128676470588 0.128676470588
0 0.547794117647 0.310661764706 0.128676470588 0.128676470588
0 0.931985294118 0.34375 0.0680147058824 0.128676470588
0 0.834558823529 0.363970588235 0.128676470588 0.128676470588
0 0.884191176471 0.371323529412 0.115808823529 0.128676470588
0 0.158088235294 0.466911764706 0.128676470588 0.128676470588
0 0.117647058824 0.518382352941 0.128676470588 0.128676470588
0 0.0 0.527573529412 0.0974264705882 0.128676470588
0 0.770220588235 0.65625 0.128676470588 0.128676470588
0 0.253676470588 0.720588235294 0.128676470588 0.128676470588
0 0.4375 0.75 0.128676470588 0.128676470588
0 0.0 0.827205882353 0.126838235294 0.128676470588
0 0.0 0.911764705882 0.0698529411765 0.0882352941176
0 0.869485294118 0.915441176471 0.128676470588 0.0845588235294
0 0.663602941176 0.104779411765 0.128676470588 0.128676470588
0 0.641544117647 0.264705882353 0.128676470588 0.128676470588
0 0.634191176471 0.288602941176 0.128676470588 0.128676470588
0 0.0367647058824 0.501838235294 0.128676470588 0.128676470588
0 0.327205882353 0.571691176471 0.128676470588 0.128676470588
0 0.0404411764706 0.619485294118 0.128676470588 0.128676470588
0 0.0 0.634191176471 0.0698529411765 0.128676470588
