0 0.880514705882 0.0 0.119485294118 0.0643382352941
0 0.00183823529412 0.0 0.128676470588 0.0992647058824
0 0.0 0.0 0.0992647058824 0.121323529412
0 0.0 0.03125 0.0643382352941 0.128676470588
0 0.110294117647 0.123161764706 0.128676470588 0.128676470588
0 0.705882352941 0.154411764706 0.128676470588 0.128676470588
0 0.873161764706 0.159926470588 0.126838235294 0.128676470588
0 0.919117647059 0.196691176471 0.0808823529412 0.128676470588
0 0.0 0.373161764706 0.123161764706 0.128676470588
0 0.0 0.597426470588 0.102941176471 0.128676470588
