0 0.6066276 0.0422894 0.1838135 0.1838135
0 0.0257453 0.2628776 0.1286665 0.1286665
0 0.0992747 0.2757453 0.1286665 0.1286665
0 0.2922894 0.2849365 0.1286665 0.1286665
0 0.9062600 0.3069953 0.0937400 0.1286665
0 0.0000100 0.3566276 0.0827106 0.1286665
0 0.2720688 0.4099365 0.1286665 0.1286665
0 0.3180247 0.4301571 0.1286665 0.1286665
0 0.7169218 0.4393482 0.1286665 0.1286665
0 0.8952306 0.5974365 0.1047694 0.1286665
0 0.8474365 0.6562600 0.1286665 0.1286665
0 0.8621424 0.8051571 0.1286665 0.1286665
0 0.7279512 0.8143482 0.1286665 0.1286665
0 0.7886129 0.9044218 0.1286665 0.0955782
0 0.8970688 0.1194953 0.1029312 0.1286665
0 0.6672894 0.6121424 0.1286665 0.1286665
