0 0.6250100 0.5569953 0.1838135 0.1838135
0 0.5128776 0.6139806 0.1470488 0.1470488
0 0.1709659 0.8198629 0.1470488 0.1470488
0 0.5000100 0.4724365 0.1286665 0.1286665
0 0.6029512 0.5275835 0.1286665 0.1286665
0 0.6893482 0.6139806 0.1286665 0.1286665
0 0.5827306 0.6250100 0.1286665 0.1286665
0 0.5239071 0.4981718 0.1286665 0.1286665
0 0.5514806 0.5147159 0.1286665 0.1286665
0 0.7150835 0.5606718 0.1286665 0.1286665
0 0.5533188 0.6066276 0.1286665 0.1286665
0 0.7187600 0.6360394 0.1286665 0.1286665
0 0.8051571 0.6470688 0.1286665 0.1286665
0 0.6158188 0.6636129 0.1286665 0.1286665
0 0.8400835 0.6654512 0.1286665 0.1286665
0 0.7628776 0.6967012 0.1286665 0.1286665
0 0.7224365 0.7058924 0.1286665 0.1286665
0 0.8382453 0.7389806 0.1286665 0.1286665
0 0.6783188 0.7647159 0.1286665 0.1286665
0 0.7849365 0.7757453 0.1286665 0.1286665
0 0.7794218 0.8106718 0.1286665 0.1286665
0 0.6930247 0.8308924 0.1286665 0.1286665
0 0.4375100 0.9283188 0.1286665 0.0716812
