0 0.0147058823529 0.130514705882 0.128676470588 0.128676470588
0 0.588235294118 0.213235294118 0.128676470588 0.128676470588
0 0.09375 0.213235294118 0.128676470588 0.128676470588
0 0.0716911764706 0.238970588235 0.128676470588 0.128676470588
0 0.608455882353 0.248161764706 0.128676470588 0.128676470588
0 0.794117647059 0.327205882353 0.128676470588 0.128676470588
0 0.0477941176471 0.378676470588 0.128676470588 0.128676470588
0 0.0 0.395220588235 0.0753676470588 0.128676470588
0 0.0 0.490808823529 0.112132352941 0.128676470588
0 0.0 0.505514705882 0.0716911764706 0.128676470588
0 0.0 0.573529411765 0.102941176471 0.128676470588
0 0.398897058824 0.579044117647 0.128676470588 0.128676470588
0 0.325367647059 0.647058823529 0.128676470588 0.128676470588
0 0.422794117647 0.726102941176 0.128676470588 0.128676470588
0 0.34375 0.772058823529 0.128676470588 0.128676470588
0 0.373161764706 0.795955882353 0.128676470588 0.128676470588
0 0.371323529412 0.823529411765 0.128676470588 0.128676470588
0 0.382352941176 0.871323529412 0.128676470588 0.128676470588
0 0.110294117647 0.0 0.128676470588 0.0716911764706
0 0.238970588235 0.0 0.128676470588 0.0955882352941
0 0.242647058824 0.0 0.128676470588 0.108455882353
0 0.154411764706 0.0165441176471 0.128676470588 0.128676470588
0 0.148897058824 0.0827205882353 0.128676470588 0.128676470588
0 0.106617647059 0.0845588235294 0.128676470588 0.128676470588
0 0.272058823529 0.0863970588235 0.128676470588 0.128676470588
0 0.0 0.0974264705882 0.0882352941176 0.128676470588
0 0.558823529412 0.194852941176 0.128676470588 0.128676470588
0 0.755514705882 0.308823529412 0.128676470588 0.128676470588
0 0.139705882353 0.329044117647 0.128676470588 0.128676470588
0 0.808823529412 0.371323529412 0.128676470588 0.128676470588
0 0.766544117647 0.384191176471 0.128676470588 0.128676470588
0 0.417279411765 0.398897058824 0.128676470588 0.128676470588
0 0.0441176470588 0.408088235294 0.128676470588 0.128676470588
0 0.794117647059 0.420955882353 0.128676470588 0.128676470588
0 0.880514705882 0.455882352941 0.119485294118 0.128676470588
0 0.404411764706 0.623161764706 0.128676470588 0.128676470588
0 0.277573529412 0.632352941176 0.128676470588 0.128676470588
0 0.360294117647 0.65625 0.128676470588 0.128676470588
0 0.305147058824 0.711397058824 0.128676470588 0.128676470588
0 0.255514705882 0.711397058824 0.128676470588 0.128676470588
