0 0.5165541 0.0533188 0.1286665 0.1286665
0 0.2978041 0.0845688 0.1286665 0.1286665
0 0.2739071 0.0864071 0.1286665 0.1286665
0 0.3584659 0.1047894 0.1286665 0.1286665
0 0.3290541 0.1084659 0.1286665 0.1286665
0 0.4319953 0.1470688 0.1286665 0.1286665
0 0.6470688 0.2077306 0.1286665 0.1286665
0 0.3621424 0.2095688 0.1286665 0.1286665
0 0.4430247 0.2187600 0.1286665 0.1286665
0 0.3290541 0.2261129 0.1286665 0.1286665
0 0.3823629 0.2720688 0.1286665 0.1286665
0 0.3878776 0.3106718 0.1286665 0.1286665
0 0.2996424 0.3823629 0.1286665 0.1286665
0 0.2702306 0.0000100 0.1286665 0.1231518
0 0.4669218 0.0441276 0.1286665 0.1286665
0 0.3842012 0.0661865 0.1286665 0.1286665
0 0.6507453 0.1470688 0.1286665 0.1286665
0 0.6856718 0.1617747 0.1286665 0.1286665
0 0.3014806 0.1654512 0.1286665 0.1286665
0 0.6433924 0.2316276 0.1286665 0.1286665
0 0.4191276 0.3143482 0.1286665 0.1286665
0 0.3860394 0.3529512 0.1286665 0.1286665
0 0.3419218 0.3731718 0.1286665 0.1286665
