0 0.1397159 0.6728041 0.1838135 0.1838135
0 0.4301571 0.2261129 0.1470488 0.1470488
0 0.0000100 0.8970688 0.0919018 0.1029312
0 0.1250100 0.0000100 0.1286665 0.0882253
0 0.2077306 0.0000100 0.1286665 0.1249900
0 0.0000100 0.0569953 0.0955782 0.1286665
0 0.1121424 0.1507453 0.1286665 0.1286665
0 0.0000100 0.1580982 0.1029312 0.1286665
0 0.3492747 0.1838335 0.1286665 0.1286665
0 0.2426571 0.2408188 0.1286665 0.1286665
0 0.1764806 0.2610394 0.1286665 0.1286665
0 0.1911865 0.3805247 0.1286665 0.1286665
0 0.0422894 0.7003776 0.1286665 0.1286665
0 0.2996424 0.1562600 0.1286665 0.1286665
0 0.0845688 0.3106718 0.1286665 0.1286665
