0 0.110294117647 0.476102941176 0.183823529412 0.183823529412
0 0.549632352941 0.0 0.128676470588 0.0919117647059
0 0.365808823529 0.0533088235294 0.128676470588 0.128676470588
0 0.818014705882 0.0588235294118 0.128676470588 0.128676470588
0 0.472426470588 0.0606617647059 0.128676470588 0.128676470588
0 0.748161764706 0.102941176471 0.128676470588 0.128676470588
0 0.305147058824 0.123161764706 0.128676470588 0.128676470588
0 0.319852941176 0.165441176471 0.128676470588 0.128676470588
0 0.194852941176 0.172794117647 0.128676470588 0.128676470588
0 0.520220588235 0.21875 0.128676470588 0.128676470588
0 0.347426470588 0.308823529412 0.128676470588 0.128676470588
0 0.522058823529 0.358455882353 0.128676470588 0.128676470588
0 0.924632352941 0.439338235294 0.0753676470588 0.128676470588
0 0.759191176471 0.452205882353 0.128676470588 0.128676470588
0 0.579044117647 0.507352941176 0.128676470588 0.128676470588
0 0.0 0.577205882353 0.0863970588235 0.128676470588
0 0.722426470588 0.602941176471 0.128676470588 0.128676470588
0 0.402573529412 0.625 0.128676470588 0.128676470588
0 0.773897058824 0.652573529412 0.128676470588 0.128676470588
0 0.645220588235 0.808823529412 0.128676470588 0.128676470588
0 0.599264705882 0.919117647059 0.128676470588 0.0808823529412
0 0.371323529412 0.00919117647059 0.128676470588 0.128676470588
