0 0.3639806 0.6084659 0.1838135 0.1838135
0 0.7775835 0.2830982 0.1470488 0.1470488
0 0.3106718 0.0000100 0.1286665 0.0698429
0 0.9154512 0.0000100 0.0845488 0.1066076
0 0.0275835 0.0000100 0.1286665 0.1121224
0 0.0882453 0.0239071 0.1286665 0.1286665
0 0.1691276 0.0239071 0.1286665 0.1286665
0 0.0000100 0.0643482 0.0900635 0.1286665
0 0.0165541 0.1819953 0.1286665 0.1286665
0 0.4467012 0.2812600 0.1286665 0.1286665
0 0.6728041 0.2849365 0.1286665 0.1286665
0 0.3088335 0.3474365 0.1286665 0.1286665
0 0.0000100 0.3731718 0.0753576 0.1286665
0 0.6636129 0.3952306 0.1286665 0.1286665
0 0.2040541 0.2408188 0.1286665 0.1286665
