0 0.0790441176471 0.810661764706 0.183823529412 0.183823529412
0 0.705882352941 0.575367647059 0.128676470588 0.128676470588
0 0.345588235294 0.693014705882 0.128676470588 0.128676470588
0 0.242647058824 0.830882352941 0.128676470588 0.128676470588
0 0.0514705882353 0.854779411765 0.128676470588 0.128676470588
0 0.0183823529412 0.873161764706 0.128676470588 0.126838235294
0 0.170955882353 0.926470588235 0.128676470588 0.0735294117647
0 0.496323529412 0.571691176471 0.128676470588 0.128676470588
0 0.380514705882 0.648897058824 0.128676470588 0.128676470588
0 0.0496323529412 0.654411764706 0.128676470588 0.128676470588
0 0.03125 0.674632352941 0.128676470588 0.128676470588
0 0.143382352941 0.735294117647 0.128676470588 0.128676470588
0 0.0183823529412 0.753676470588 0.128676470588 0.128676470588
0 0.0 0.882352941176 0.110294117647 0.117647058824
0 0.0 0.920955882353 0.0643382352941 0.0790441176471
