0 0.485294117647 0.713235294118 0.147058823529 0.147058823529
0 0.363970588235 0.724264705882 0.147058823529 0.147058823529
0 0.522058823529 0.764705882353 0.147058823529 0.147058823529
0 0.472426470588 0.854779411765 0.147058823529 0.145220588235
0 0.0514705882353 0.887867647059 0.147058823529 0.112132352941
0 0.514705882353 0.886029411765 0.147058823529 0.113970588235
0 0.191176470588 0.887867647059 0.147058823529 0.112132352941
0 0.0477941176471 0.310661764706 0.128676470588 0.128676470588
0 0.200367647059 0.577205882353 0.128676470588 0.128676470588
0 0.137867647059 0.604779411765 0.128676470588 0.128676470588
0 0.518382352941 0.707720588235 0.128676470588 0.128676470588
0 0.553308823529 0.711397058824 0.128676470588 0.128676470588
0 0.0974264705882 0.724264705882 0.128676470588 0.128676470588
0 0.426470588235 0.727941176471 0.128676470588 0.128676470588
0 0.334558823529 0.757352941176 0.128676470588 0.128676470588
0 0.0 0.759191176471 0.0882352941176 0.128676470588
0 0.290441176471 0.762867647059 0.128676470588 0.128676470588
0 0.259191176471 0.772058823529 0.128676470588 0.128676470588
0 0.59375 0.78125 0.128676470588 0.128676470588
0 0.446691176471 0.784926470588 0.128676470588 0.128676470588
0 0.336397058824 0.794117647059 0.128676470588 0.128676470588
0 0.0147058823529 0.797794117647 0.128676470588 0.128676470588
0 0.0790441176471 0.806985294118 0.128676470588 0.128676470588
0 0.161764705882 0.810661764706 0.128676470588 0.128676470588
0 0.294117647059 0.810661764706 0.128676470588 0.128676470588
0 0.409926470588 0.810661764706 0.128676470588 0.128676470588
0 0.329044117647 0.821691176471 0.128676470588 0.128676470588
0 0.0 0.821691176471 0.126838235294 0.128676470588
0 0.0349264705882 0.823529411765 0.128676470588 0.128676470588
0 0.380514705882 0.834558823529 0.128676470588 0.128676470588
0 0.194852941176 0.847426470588 0.128676470588 0.128676470588
0 0.667279411765 0.847426470588 0.128676470588 0.128676470588
0 0.03125 0.863970588235 0.128676470588 0.128676470588
0 0.248161764706 0.871323529412 0.128676470588 0.128676470588
0 0.610294117647 0.878676470588 0.128676470588 0.121323529412
0 0.665441176471 0.880514705882 0.128676470588 0.119485294118
0 0.329044117647 0.887867647059 0.128676470588 0.112132352941
0 0.0 0.895220588235 0.126838235294 0.104779411765
0 0.141544117647 0.897058823529 0.128676470588 0.102941176471
