0 0.549632352941 0.0 0.183823529412 0.0919117647059
0 0.318014705882 0.0716911764706 0.183823529412 0.183823529412
0 0.779411764706 0.0 0.128676470588 0.0680147058824
0 0.920955882353 0.0661764705882 0.0790441176471 0.128676470588
0 0.759191176471 0.102941176471 0.128676470588 0.128676470588
0 0.851102941176 0.169117647059 0.128676470588 0.128676470588
0 0.284926470588 0.222426470588 0.128676470588 0.128676470588
0 0.878676470588 0.40625 0.121323529412 0.128676470588
0 0.698529411765 0.5625 0.128676470588 0.128676470588
0 0.711397058824 0.693014705882 0.128676470588 0.128676470588
