0 0.865808823529 0.273897058824 0.128676470588 0.128676470588
0 0.803308823529 0.286764705882 0.128676470588 0.128676470588
0 0.849264705882 0.314338235294 0.128676470588 0.128676470588
0 0.669117647059 0.325367647059 0.128676470588 0.128676470588
0 0.897058823529 0.422794117647 0.102941176471 0.128676470588
0 0.696691176471 0.435661764706 0.128676470588 0.128676470588
0 0.909926470588 0.470588235294 0.0900735294118 0.128676470588
0 0.770220588235 0.727941176471 0.128676470588 0.128676470588
0 0.838235294118 0.803308823529 0.128676470588 0.128676470588
0 0.886029411765 0.832720588235 0.113970588235 0.128676470588
0 0.819852941176 0.880514705882 0.128676470588 0.119485294118
