0 0.641544117647 0.0 0.183823529412 0.102941176471
0 0.0753676470588 0.0735294117647 0.183823529412 0.183823529412
0 0.523897058824 0.0 0.128676470588 0.128676470588
0 0.378676470588 0.0275735294118 0.128676470588 0.128676470588
0 0.566176470588 0.123161764706 0.128676470588 0.128676470588
0 0.0 0.159926470588 0.102941176471 0.128676470588
0 0.485294117647 0.172794117647 0.128676470588 0.128676470588
0 0.422794117647 0.237132352941 0.128676470588 0.128676470588
0 0.595588235294 0.259191176471 0.128676470588 0.128676470588
0 0.373161764706 0.301470588235 0.128676470588 0.128676470588
0 0.523897058824 0.336397058824 0.128676470588 0.128676470588
0 0.284926470588 0.450367647059 0.128676470588 0.128676470588
0 0.5625 0.461397058824 0.128676470588 0.128676470588
0 0.174632352941 0.492647058824 0.128676470588 0.128676470588
0 0.365808823529 0.496323529412 0.128676470588 0.128676470588
0 0.275735294118 0.522058823529 0.128676470588 0.128676470588
0 0.647058823529 0.527573529412 0.128676470588 0.128676470588
0 0.496323529412 0.551470588235 0.128676470588 0.128676470588
0 0.417279411765 0.575367647059 0.128676470588 0.128676470588
0 0.255514705882 0.582720588235 0.128676470588 0.128676470588
0 0.113970588235 0.584558823529 0.128676470588 0.128676470588
0 0.674632352941 0.595588235294 0.128676470588 0.128676470588
0 0.586397058824 0.597426470588 0.128676470588 0.128676470588
0 0.382352941176 0.606617647059 0.128676470588 0.128676470588
0 0.650735294118 0.654411764706 0.128676470588 0.128676470588
0 0.0404411764706 0.661764705882 0.128676470588 0.128676470588
0 0.663602941176 0.689338235294 0.128676470588 0.128676470588
0 0.430147058824 0.707720588235 0.128676470588 0.128676470588
0 0.582720588235 0.720588235294 0.128676470588 0.128676470588
0 0.591911764706 0.806985294118 0.128676470588 0.128676470588
0 0.755514705882 0.810661764706 0.128676470588 0.128676470588
0 0.0386029411765 0.834558823529 0.128676470588 0.128676470588
0 0.459558823529 0.847426470588 0.128676470588 0.128676470588
0 0.533088235294 0.851102941176 0.128676470588 0.128676470588
0 0.220588235294 0.880514705882 0.128676470588 0.119485294118
0 0.667279411765 0.893382352941 0.128676470588 0.106617647059
0 0.560661764706 0.90625 0.128676470588 0.09375
0 0.470588235294 0.908088235294 0.128676470588 0.0919117647059
0 0.367647058824 0.643382352941 0.128676470588 0.128676470588
