0 0.119485294118 0.261029411765 0.183823529412 0.183823529412
0 0.422794117647 0.430147058824 0.147058823529 0.147058823529
0 0.185661764706 0.709558823529 0.147058823529 0.147058823529
0 0.924632352941 0.00919117647059 0.0753676470588 0.128676470588
0 0.693014705882 0.134191176471 0.128676470588 0.128676470588
0 0.566176470588 0.169117647059 0.128676470588 0.128676470588
0 0.897058823529 0.209558823529 0.102941176471 0.128676470588
0 0.700367647059 0.238970588235 0.128676470588 0.128676470588
0 0.889705882353 0.301470588235 0.110294117647 0.128676470588
0 0.634191176471 0.327205882353 0.128676470588 0.128676470588
0 0.735294117647 0.378676470588 0.128676470588 0.128676470588
0 0.487132352941 0.411764705882 0.128676470588 0.128676470588
0 0.571691176471 0.424632352941 0.128676470588 0.128676470588
0 0.568014705882 0.472426470588 0.128676470588 0.128676470588
0 0.882352941176 0.512867647059 0.117647058824 0.128676470588
0 0.619485294118 0.518382352941 0.128676470588 0.128676470588
0 0.797794117647 0.545955882353 0.128676470588 0.128676470588
0 0.663602941176 0.547794117647 0.128676470588 0.128676470588
0 0.547794117647 0.580882352941 0.128676470588 0.128676470588
0 0.737132352941 0.610294117647 0.128676470588 0.128676470588
0 0.659926470588 0.647058823529 0.128676470588 0.128676470588
0 0.571691176471 0.680147058824 0.128676470588 0.128676470588
0 0.897058823529 0.709558823529 0.102941176471 0.128676470588
0 0.775735294118 0.775735294118 0.128676470588 0.128676470588
