0 0.2794218 0.0128776 0.1838135 0.1838135
0 0.4724365 0.8768482 0.1838135 0.1231518
0 0.1084659 0.0294218 0.1286665 0.1286665
0 0.0845688 0.2022159 0.1286665 0.1286665
0 0.0202306 0.2849365 0.1286665 0.1286665
0 0.2261129 0.3125100 0.1286665 0.1286665
0 0.0422894 0.3842012 0.1286665 0.1286665
0 0.2224365 0.4264806 0.1286665 0.1286665
0 0.0000100 0.4558924 0.1084459 0.1286665
0 0.1525835 0.4797894 0.1286665 0.1286665
0 0.0606718 0.5000100 0.1286665 0.1286665
0 0.2279512 0.5478041 0.1286665 0.1286665
0 0.1342012 0.5588335 0.1286665 0.1286665
0 0.2592012 0.5900835 0.1286665 0.1286665
0 0.1103041 0.6470688 0.1286665 0.1286665
0 0.2077306 0.6489071 0.1286665 0.1286665
0 0.0698629 0.6856718 0.1286665 0.1286665
0 0.1231718 0.7353041 0.1286665 0.1286665
0 0.1819953 0.1838335 0.1286665 0.1286665
0 0.1838335 0.2132453 0.1286665 0.1286665
0 0.0845688 0.3400835 0.1286665 0.1286665
0 0.1893482 0.4356718 0.1286665 0.1286665
0 0.1525835 0.8364071 0.1286665 0.1286665
0 0.2132453 0.8382453 0.1286665 0.1286665
