0 0.891544117647 0.0 0.108455882353 0.09375
0 0.147058823529 0.0 0.128676470588 0.0992647058824
0 0.564338235294 0.0 0.128676470588 0.126838235294
0 0.520220588235 0.03125 0.128676470588 0.128676470588
0 0.25 0.0514705882353 0.128676470588 0.128676470588
0 0.443014705882 0.0974264705882 0.128676470588 0.128676470588
0 0.351102941176 0.117647058824 0.128676470588 0.128676470588
0 0.766544117647 0.15625 0.128676470588 0.128676470588
0 0.231617647059 0.0 0.128676470588 0.0698529411765
0 0.731617647059 0.0 0.128676470588 0.0772058823529
0 0.849264705882 0.0 0.128676470588 0.108455882353
0 0.213235294118 0.0 0.128676470588 0.113970588235
0 0.104779411765 0.0 0.128676470588 0.126838235294
0 0.801470588235 0.00367647058824 0.128676470588 0.128676470588
0 0.382352941176 0.0845588235294 0.128676470588 0.128676470588
0 0.707720588235 0.159926470588 0.128676470588 0.128676470588
