0 0.305147058824 0.588235294118 0.183823529412 0.183823529412
0 0.503676470588 0.761029411765 0.183823529412 0.183823529412
0 0.0404411764706 0.790441176471 0.183823529412 0.183823529412
0 0.112132352941 0.542279411765 0.147058823529 0.147058823529
0 0.461397058824 0.544117647059 0.147058823529 0.147058823529
0 0.441176470588 0.854779411765 0.147058823529 0.145220588235
0 0.204044117647 0.897058823529 0.147058823529 0.102941176471
0 0.305147058824 0.90625 0.147058823529 0.09375
0 0.617647058824 0.126838235294 0.128676470588 0.128676470588
0 0.904411764706 0.1875 0.0955882352941 0.128676470588
0 0.838235294118 0.207720588235 0.128676470588 0.128676470588
0 0.553308823529 0.435661764706 0.128676470588 0.128676470588
0 0.424632352941 0.558823529412 0.128676470588 0.128676470588
0 0.560661764706 0.674632352941 0.128676470588 0.128676470588
0 0.555147058824 0.748161764706 0.128676470588 0.128676470588
0 0.231617647059 0.806985294118 0.128676470588 0.128676470588
0 0.625 0.838235294118 0.128676470588 0.128676470588
0 0.15625 0.898897058824 0.128676470588 0.101102941176
0 0.494485294118 0.803308823529 0.128676470588 0.128676470588
0 0.409926470588 0.814338235294 0.128676470588 0.128676470588
0 0.0845588235294 0.904411764706 0.128676470588 0.0955882352941
