0 0.748161764706 0.648897058824 0.183823529412 0.183823529412
0 0.873161764706 0.431985294118 0.126838235294 0.128676470588
0 0.919117647059 0.549632352941 0.0808823529412 0.128676470588
0 0.154411764706 0.626838235294 0.128676470588 0.128676470588
0 0.893382352941 0.647058823529 0.106617647059 0.128676470588
0 0.104779411765 0.658088235294 0.128676470588 0.128676470588
0 0.871323529412 0.680147058824 0.128676470588 0.128676470588
0 0.575367647059 0.794117647059 0.128676470588 0.128676470588
0 0.0477941176471 0.810661764706 0.128676470588 0.128676470588
0 0.636029411765 0.816176470588 0.128676470588 0.128676470588
0 0.829044117647 0.834558823529 0.128676470588 0.128676470588
0 0.764705882353 0.845588235294 0.128676470588 0.128676470588
0 0.806985294118 0.854779411765 0.128676470588 0.128676470588
0 0.731617647059 0.871323529412 0.128676470588 0.128676470588
0 0.700367647059 0.886029411765 0.128676470588 0.113970588235
0 0.933823529412 0.902573529412 0.0661764705882 0.0974264705882
0 0.90625 0.358455882353 0.09375 0.128676470588
0 0.895220588235 0.582720588235 0.104779411765 0.128676470588
0 0.836397058824 0.674632352941 0.128676470588 0.128676470588
0 0.172794117647 0.698529411765 0.128676470588 0.128676470588
0 0.246323529412 0.854779411765 0.128676470588 0.128676470588
0 0.299632352941 0.873161764706 0.128676470588 0.126838235294
0 0.329044117647 0.911764705882 0.128676470588 0.0882352941176
0 0.661764705882 0.924632352941 0.128676470588 0.0753676470588
