0 0.450367647059 0.461397058824 0.183823529412 0.183823529412
0 0.764705882353 0.398897058824 0.147058823529 0.147058823529
0 0.545955882353 0.369485294118 0.128676470588 0.128676470588
0 0.591911764706 0.384191176471 0.128676470588 0.128676470588
0 0.810661764706 0.391544117647 0.128676470588 0.128676470588
0 0.575367647059 0.408088235294 0.128676470588 0.128676470588
0 0.698529411765 0.408088235294 0.128676470588 0.128676470588
0 0.490808823529 0.413602941176 0.128676470588 0.128676470588
0 0.512867647059 0.411764705882 0.128676470588 0.128676470588
0 0.582720588235 0.443014705882 0.128676470588 0.128676470588
0 0.819852941176 0.455882352941 0.128676470588 0.128676470588
0 0.681985294118 0.457720588235 0.128676470588 0.128676470588
0 0.777573529412 0.466911764706 0.128676470588 0.128676470588
0 0.735294117647 0.472426470588 0.128676470588 0.128676470588
0 0.522058823529 0.477941176471 0.128676470588 0.128676470588
0 0.625 0.487132352941 0.128676470588 0.128676470588
0 0.867647058824 0.487132352941 0.128676470588 0.128676470588
0 0.15625 0.5 0.128676470588 0.128676470588
0 0.582720588235 0.5 0.128676470588 0.128676470588
0 0.205882352941 0.525735294118 0.128676470588 0.128676470588
0 0.110294117647 0.527573529412 0.128676470588 0.128676470588
0 0.277573529412 0.536764705882 0.128676470588 0.128676470588
0 0.352941176471 0.540441176471 0.128676470588 0.128676470588
0 0.625 0.558823529412 0.128676470588 0.128676470588
0 0.487132352941 0.5625 0.128676470588 0.128676470588
0 0.527573529412 0.595588235294 0.128676470588 0.128676470588
0 0.435661764706 0.597426470588 0.128676470588 0.128676470588
0 0.652573529412 0.613970588235 0.128676470588 0.128676470588
0 0.5 0.623161764706 0.128676470588 0.128676470588
0 0.59375 0.632352941176 0.128676470588 0.128676470588
0 0.321691176471 0.659926470588 0.128676470588 0.128676470588
0 0.363970588235 0.665441176471 0.128676470588 0.128676470588
0 0.314338235294 0.696691176471 0.128676470588 0.128676470588
0 0.840073529412 0.387867647059 0.128676470588 0.128676470588
0 0.628676470588 0.509191176471 0.128676470588 0.128676470588
0 0.658088235294 0.534926470588 0.128676470588 0.128676470588
0 0.310661764706 0.772058823529 0.128676470588 0.128676470588
