0 0.470588235294 0.540441176471 0.183823529412 0.183823529412
0 0.205882352941 0.556985294118 0.183823529412 0.183823529412
0 0.522058823529 0.829044117647 0.183823529412 0.170955882353
0 0.540441176471 0.417279411765 0.128676470588 0.128676470588
0 0.0 0.466911764706 0.0882352941176 0.128676470588
0 0.435661764706 0.472426470588 0.128676470588 0.128676470588
0 0.132352941176 0.553308823529 0.128676470588 0.128676470588
0 0.367647058824 0.5625 0.128676470588 0.128676470588
0 0.0183823529412 0.571691176471 0.128676470588 0.128676470588
0 0.702205882353 0.602941176471 0.128676470588 0.128676470588
0 0.604779411765 0.630514705882 0.128676470588 0.128676470588
0 0.729779411765 0.762867647059 0.128676470588 0.128676470588
0 0.669117647059 0.832720588235 0.128676470588 0.128676470588
