0 0.0863970588235 0.262867647059 0.147058823529 0.147058823529
0 0.801470588235 0.917279411765 0.128676470588 0.0827205882353
0 0.183823529412 0.4375 0.128676470588 0.128676470588
0 0.209558823529 0.457720588235 0.128676470588 0.128676470588
0 0.193014705882 0.549632352941 0.128676470588 0.128676470588
0 0.634191176471 0.788602941176 0.128676470588 0.128676470588
0 0.705882352941 0.867647058824 0.128676470588 0.128676470588
0 0.794117647059 0.878676470588 0.128676470588 0.121323529412
0 0.681985294118 0.884191176471 0.128676470588 0.115808823529
0 0.825367647059 0.919117647059 0.128676470588 0.0808823529412
0 0.867647058824 0.926470588235 0.128676470588 0.0735294117647
