0 0.654411764706 0.0 0.128676470588 0.0900735294118
0 0.667279411765 0.0459558823529 0.128676470588 0.128676470588
0 0.345588235294 0.115808823529 0.128676470588 0.128676470588
0 0.0 0.202205882353 0.0974264705882 0.128676470588
0 0.568014705882 0.268382352941 0.128676470588 0.128676470588
0 0.167279411765 0.273897058824 0.128676470588 0.128676470588
0 0.862132352941 0.306985294118 0.128676470588 0.128676470588
0 0.441176470588 0.373161764706 0.128676470588 0.128676470588
0 0.393382352941 0.610294117647 0.128676470588 0.128676470588
0 0.555147058824 0.676470588235 0.128676470588 0.128676470588
0 0.266544117647 0.0349264705882 0.128676470588 0.128676470588
0 0.650735294118 0.319852941176 0.128676470588 0.128676470588
