0 0.40625 0.0 0.147058823529 0.0735294117647
0 0.290441176471 0.0 0.147058823529 0.108455882353
0 0.575367647059 0.0 0.147058823529 0.130514705882
0 0.452205882353 0.0367647058824 0.147058823529 0.147058823529
0 0.03125 0.0477941176471 0.147058823529 0.147058823529
0 0.332720588235 0.0863970588235 0.147058823529 0.147058823529
0 0.509191176471 0.400735294118 0.147058823529 0.147058823529
0 0.261029411765 0.408088235294 0.147058823529 0.147058823529
0 0.832720588235 0.485294117647 0.147058823529 0.147058823529
0 0.284926470588 0.755514705882 0.147058823529 0.147058823529
0 0.0 0.801470588235 0.136029411765 0.147058823529
0 0.341911764706 0.0147058823529 0.128676470588 0.128676470588
0 0.639705882353 0.0367647058824 0.128676470588 0.128676470588
0 0.21875 0.0992647058824 0.128676470588 0.128676470588
0 0.830882352941 0.229779411765 0.128676470588 0.128676470588
0 0.727941176471 0.235294117647 0.128676470588 0.128676470588
0 0.900735294118 0.268382352941 0.0992647058824 0.128676470588
0 0.751838235294 0.284926470588 0.128676470588 0.128676470588
0 0.797794117647 0.40625 0.128676470588 0.128676470588
0 0.588235294118 0.422794117647 0.128676470588 0.128676470588
0 0.00735294117647 0.779411764706 0.128676470588 0.128676470588
