0 0.0312600 0.0000100 0.1838135 0.1580782
0 0.5606718 0.1985394 0.1470488 0.1470488
0 0.1617747 0.0220688 0.1286665 0.1286665
0 0.3033188 0.0661865 0.1286665 0.1286665
0 0.2150835 0.2592012 0.1286665 0.1286665
0 0.3547894 0.8033188 0.1286665 0.1286665
0 0.4797894 0.8106718 0.1286665 0.1286665
0 0.6213335 0.8437600 0.1286665 0.1286665
0 0.7628776 0.8658188 0.1286665 0.1286665
0 0.4062600 0.8768482 0.1286665 0.1231518
0 0.0698629 0.9154512 0.1286665 0.0845488
0 0.1967012 0.9301571 0.1286665 0.0698429
0 0.2812600 0.0183924 0.1286665 0.1286665
0 0.4080982 0.0735394 0.1286665 0.1286665
0 0.4632453 0.1103041 0.1286665 0.1286665
0 0.4007453 0.1231718 0.1286665 0.1286665
0 0.3547894 0.1250100 0.1286665 0.1286665
0 0.9172894 0.2941276 0.0827106 0.1286665
