0 0.196691176471 0.0 0.183823529412 0.115808823529
0 0.382352941176 0.139705882353 0.183823529412 0.183823529412
0 0.878676470588 0.387867647059 0.121323529412 0.183823529412
0 0.525735294118 0.790441176471 0.183823529412 0.183823529412
0 0.194852941176 0.3125 0.147058823529 0.147058823529
0 0.641544117647 0.0257352941176 0.128676470588 0.128676470588
0 0.722426470588 0.0551470588235 0.128676470588 0.128676470588
0 0.310661764706 0.125 0.128676470588 0.128676470588
0 0.327205882353 0.207720588235 0.128676470588 0.128676470588
0 0.909926470588 0.224264705882 0.0900735294118 0.128676470588
0 0.623161764706 0.279411764706 0.128676470588 0.128676470588
0 0.806985294118 0.314338235294 0.128676470588 0.128676470588
0 0.0 0.341911764706 0.126838235294 0.128676470588
0 0.6875 0.34375 0.128676470588 0.128676470588
0 0.485294117647 0.360294117647 0.128676470588 0.128676470588
0 0.639705882353 0.386029411765 0.128676470588 0.128676470588
0 0.132352941176 0.397058823529 0.128676470588 0.128676470588
0 0.795955882353 0.422794117647 0.128676470588 0.128676470588
0 0.746323529412 0.457720588235 0.128676470588 0.128676470588
0 0.205882352941 0.498161764706 0.128676470588 0.128676470588
0 0.597426470588 0.522058823529 0.128676470588 0.128676470588
0 0.0 0.538602941176 0.0955882352941 0.128676470588
0 0.479779411765 0.610294117647 0.128676470588 0.128676470588
0 0.569852941176 0.615808823529 0.128676470588 0.128676470588
0 0.211397058824 0.628676470588 0.128676470588 0.128676470588
0 0.389705882353 0.678308823529 0.128676470588 0.128676470588
0 0.196691176471 0.744485294118 0.128676470588 0.128676470588
0 0.0349264705882 0.847426470588 0.128676470588 0.128676470588
0 0.514705882353 0.917279411765 0.128676470588 0.0827205882353
0 0.448529411765 0.0275735294118 0.128676470588 0.128676470588
0 0.0698529411765 0.150735294118 0.128676470588 0.128676470588
0 0.419117647059 0.246323529412 0.128676470588 0.128676470588
0 0.803308823529 0.286764705882 0.128676470588 0.128676470588
0 0.137867647059 0.454044117647 0.128676470588 0.128676470588
0 0.246323529412 0.483455882353 0.128676470588 0.128676470588
0 0.327205882353 0.542279411765 0.128676470588 0.128676470588
0 0.630514705882 0.568014705882 0.128676470588 0.128676470588
0 0.663602941176 0.571691176471 0.128676470588 0.128676470588
0 0.181985294118 0.639705882353 0.128676470588 0.128676470588
