0 0.420955882353 0.637867647059 0.183823529412 0.183823529412
0 0.788602941176 0.0 0.128676470588 0.102941176471
0 0.735294117647 0.0974264705882 0.128676470588 0.128676470588
0 0.226102941176 0.148897058824 0.128676470588 0.128676470588
0 0.876838235294 0.196691176471 0.123161764706 0.128676470588
0 0.645220588235 0.227941176471 0.128676470588 0.128676470588
0 0.404411764706 0.284926470588 0.128676470588 0.128676470588
0 0.553308823529 0.329044117647 0.128676470588 0.128676470588
0 0.422794117647 0.422794117647 0.128676470588 0.128676470588
0 0.523897058824 0.441176470588 0.128676470588 0.128676470588
0 0.0845588235294 0.533088235294 0.128676470588 0.128676470588
0 0.834558823529 0.59375 0.128676470588 0.128676470588
0 0.909926470588 0.663602941176 0.0900735294118 0.128676470588
0 0.0386029411765 0.784926470588 0.128676470588 0.128676470588
0 0.764705882353 0.0 0.128676470588 0.0790441176471
0 0.0165441176471 0.0845588235294 0.128676470588 0.128676470588
0 0.21875 0.193014705882 0.128676470588 0.128676470588
0 0.819852941176 0.229779411765 0.128676470588 0.128676470588
0 0.139705882353 0.246323529412 0.128676470588 0.128676470588
0 0.266544117647 0.332720588235 0.128676470588 0.128676470588
0 0.428308823529 0.373161764706 0.128676470588 0.128676470588
0 0.0698529411765 0.419117647059 0.128676470588 0.128676470588
0 0.851102941176 0.496323529412 0.128676470588 0.128676470588
