0 0.617647058824 0.0992647058824 0.183823529412 0.183823529412
0 0.216911764706 0.389705882353 0.183823529412 0.183823529412
0 0.871323529412 0.573529411765 0.128676470588 0.128676470588
0 0.75 0.615808823529 0.128676470588 0.128676470588
0 0.841911764706 0.661764705882 0.128676470588 0.128676470588
0 0.665441176471 0.665441176471 0.128676470588 0.128676470588
0 0.711397058824 0.691176470588 0.128676470588 0.128676470588
0 0.895220588235 0.766544117647 0.104779411765 0.128676470588
0 0.834558823529 0.830882352941 0.128676470588 0.128676470588
0 0.400735294118 0.483455882353 0.128676470588 0.128676470588
0 0.911764705882 0.485294117647 0.0882352941176 0.128676470588
