0 0.200367647059 0.457720588235 0.183823529412 0.183823529412
0 0.420955882353 0.654411764706 0.183823529412 0.183823529412
0 0.681985294118 0.797794117647 0.183823529412 0.183823529412
0 0.602941176471 0.604779411765 0.147058823529 0.147058823529
0 0.84375 0.759191176471 0.147058823529 0.147058823529
0 0.621323529412 0.768382352941 0.147058823529 0.147058823529
0 0.869485294118 0.909926470588 0.130514705882 0.0900735294118
0 0.261029411765 0.159926470588 0.128676470588 0.128676470588
0 0.683823529412 0.207720588235 0.128676470588 0.128676470588
0 0.647058823529 0.431985294118 0.128676470588 0.128676470588
0 0.597426470588 0.443014705882 0.128676470588 0.128676470588
0 0.347426470588 0.46875 0.128676470588 0.128676470588
0 0.647058823529 0.472426470588 0.128676470588 0.128676470588
0 0.893382352941 0.483455882353 0.106617647059 0.128676470588
0 0.613970588235 0.498161764706 0.128676470588 0.128676470588
0 0.933823529412 0.498161764706 0.0661764705882 0.128676470588
0 0.65625 0.498161764706 0.128676470588 0.128676470588
0 0.402573529412 0.501838235294 0.128676470588 0.128676470588
0 0.647058823529 0.534926470588 0.128676470588 0.128676470588
0 0.930147058824 0.544117647059 0.0698529411765 0.128676470588
0 0.845588235294 0.545955882353 0.128676470588 0.128676470588
0 0.873161764706 0.556985294118 0.126838235294 0.128676470588
0 0.716911764706 0.590073529412 0.128676470588 0.128676470588
0 0.860294117647 0.59375 0.128676470588 0.128676470588
0 0.737132352941 0.665441176471 0.128676470588 0.128676470588
0 0.904411764706 0.700367647059 0.0955882352941 0.128676470588
0 0.663602941176 0.705882352941 0.128676470588 0.128676470588
0 0.466911764706 0.784926470588 0.128676470588 0.128676470588
0 0.851102941176 0.821691176471 0.128676470588 0.128676470588
0 0.685661764706 0.876838235294 0.128676470588 0.123161764706
0 0.345588235294 0.893382352941 0.128676470588 0.106617647059
0 0.78125 0.915441176471 0.128676470588 0.0845588235294
0 0.615808823529 0.920955882353 0.128676470588 0.0790441176471
0 0.547794117647 0.413602941176 0.128676470588 0.128676470588
0 0.577205882353 0.465073529412 0.128676470588 0.128676470588
0 0.549632352941 0.472426470588 0.128676470588 0.128676470588
0 0.775735294118 0.472426470588 0.128676470588 0.128676470588
0 0.3125 0.474264705882 0.128676470588 0.128676470588
0 0.862132352941 0.476102941176 0.128676470588 0.128676470588
0 0.393382352941 0.487132352941 0.128676470588 0.128676470588
0 0.823529411765 0.487132352941 0.128676470588 0.128676470588
0 0.571691176471 0.498161764706 0.128676470588 0.128676470588
0 0.836397058824 0.501838235294 0.128676470588 0.128676470588
0 0.834558823529 0.522058823529 0.128676470588 0.128676470588
0 0.799632352941 0.538602941176 0.128676470588 0.128676470588
0 0.669117647059 0.558823529412 0.128676470588 0.128676470588
0 0.926470588235 0.573529411765 0.0735294117647 0.128676470588
0 0.630514705882 0.588235294118 0.128676470588 0.128676470588
0 0.931985294118 0.597426470588 0.0680147058824 0.128676470588
0 0.705882352941 0.625 0.128676470588 0.128676470588
0 0.922794117647 0.669117647059 0.0772058823529 0.128676470588
0 0.647058823529 0.672794117647 0.128676470588 0.128676470588
0 0.568014705882 0.691176470588 0.128676470588 0.128676470588
0 0.711397058824 0.691176470588 0.128676470588 0.128676470588
0 0.608455882353 0.733455882353 0.128676470588 0.128676470588
0 0.538602941176 0.751838235294 0.128676470588 0.128676470588
0 0.566176470588 0.755514705882 0.128676470588 0.128676470588
0 0.909926470588 0.790441176471 0.0900735294118 0.128676470588
0 0.898897058824 0.814338235294 0.101102941176 0.128676470588
0 0.558823529412 0.821691176471 0.128676470588 0.128676470588
0 0.428308823529 0.834558823529 0.128676470588 0.128676470588
0 0.617647058824 0.840073529412 0.128676470588 0.128676470588
0 0.391544117647 0.841911764706 0.128676470588 0.128676470588
0 0.647058823529 0.847426470588 0.128676470588 0.128676470588
0 0.367647058824 0.869485294118 0.128676470588 0.128676470588
0 0.606617647059 0.873161764706 0.128676470588 0.126838235294
0 0.860294117647 0.882352941176 0.128676470588 0.117647058824
0 0.266544117647 0.893382352941 0.128676470588 0.106617647059
0 0.742647058824 0.893382352941 0.128676470588 0.106617647059
