0 0.303308823529 0.726102941176 0.147058823529 0.147058823529
0 0.0974264705882 0.529411764706 0.128676470588 0.128676470588
0 0.202205882353 0.575367647059 0.128676470588 0.128676470588
0 0.121323529412 0.579044117647 0.128676470588 0.128676470588
0 0.0422794117647 0.558823529412 0.128676470588 0.128676470588
0 0.0680147058824 0.571691176471 0.128676470588 0.128676470588
0 0.0 0.610294117647 0.101102941176 0.128676470588
0 0.0 0.731617647059 0.101102941176 0.128676470588
0 0.0128676470588 0.795955882353 0.128676470588 0.128676470588
0 0.0753676470588 0.863970588235 0.128676470588 0.128676470588
