0 0.286764705882 0.720588235294 0.183823529412 0.183823529412
0 0.891544117647 0.288602941176 0.108455882353 0.128676470588
0 0.533088235294 0.494485294118 0.128676470588 0.128676470588
0 0.319852941176 0.584558823529 0.128676470588 0.128676470588
0 0.244485294118 0.595588235294 0.128676470588 0.128676470588
0 0.623161764706 0.608455882353 0.128676470588 0.128676470588
0 0.498161764706 0.623161764706 0.128676470588 0.128676470588
0 0.448529411765 0.65625 0.128676470588 0.128676470588
0 0.488970588235 0.733455882353 0.128676470588 0.128676470588
0 0.176470588235 0.402573529412 0.128676470588 0.128676470588
0 0.523897058824 0.422794117647 0.128676470588 0.128676470588
0 0.700367647059 0.597426470588 0.128676470588 0.128676470588
0 0.485294117647 0.889705882353 0.128676470588 0.110294117647
