0 0.0000100 0.1948629 0.1525635 0.1838135
0 0.0459659 0.0312600 0.1286665 0.1286665
0 0.1911865 0.0514806 0.1286665 0.1286665
0 0.0386129 0.1342012 0.1286665 0.1286665
0 0.1158188 0.1580982 0.1286665 0.1286665
0 0.0606718 0.1930247 0.1286665 0.1286665
0 0.3198629 0.2426571 0.1286665 0.1286665
0 0.0000100 0.2665541 0.0661665 0.1286665
0 0.0000100 0.3474365 0.0753576 0.1286665
0 0.0808924 0.0661865 0.1286665 0.1286665
0 0.0735394 0.1176571 0.1286665 0.1286665
0 0.1525835 0.1801571 0.1286665 0.1286665
0 0.0606718 0.2518482 0.1286665 0.1286665
0 0.0000100 0.3970688 0.1029312 0.1286665
