0 0.5900835 0.0000100 0.1838135 0.1249900
0 0.5974365 0.0018482 0.1286665 0.1286665
0 0.6011129 0.0459659 0.1286665 0.1286665
0 0.9044218 0.2371424 0.0955782 0.1286665
0 0.7114071 0.2555247 0.1286665 0.1286665
0 0.8878776 0.2757453 0.1121224 0.1286665
0 0.7353041 0.2922894 0.1286665 0.1286665
0 0.8952306 0.4117747 0.1047694 0.1286665
0 0.8603041 0.4834659 0.1286665 0.1286665
0 0.8786865 0.5606718 0.1213135 0.1286665
0 0.6875100 0.0000100 0.1286665 0.1102841
0 0.5735394 0.1231718 0.1286665 0.1286665
0 0.8106718 0.3327306 0.1286665 0.1286665
0 0.8933924 0.3603041 0.1066076 0.1286665
0 0.8253776 0.4301571 0.1286665 0.1286665
0 0.9191276 0.4411865 0.0808724 0.1286665
0 0.8970688 0.5055247 0.1029312 0.1286665
0 0.8455982 0.5459659 0.1286665 0.1286665
