0 0.4301571 0.4375100 0.1470488 0.1470488
0 0.4981718 0.0092012 0.1286665 0.1286665
0 0.6672894 0.0165541 0.1286665 0.1286665
0 0.6011129 0.0974365 0.1286665 0.1286665
0 0.4853041 0.1103041 0.1286665 0.1286665
0 0.1011129 0.1323629 0.1286665 0.1286665
0 0.5000100 0.1672894 0.1286665 0.1286665
0 0.6047894 0.2187600 0.1286665 0.1286665
0 0.1342012 0.3878776 0.1286665 0.1286665
0 0.6709659 0.8474365 0.1286665 0.1286665
0 0.2812600 0.0000100 0.1286665 0.1268282
0 0.2775835 0.2941276 0.1286665 0.1286665
0 0.0000100 0.3805247 0.1102841 0.1286665
0 0.3088335 0.3933924 0.1286665 0.1286665
0 0.3915541 0.4154512 0.1286665 0.1286665
0 0.3658188 0.4228041 0.1286665 0.1286665
0 0.3290541 0.4650835 0.1286665 0.1286665
0 0.2941276 0.4742747 0.1286665 0.1286665
0 0.2500100 0.4981718 0.1286665 0.1286665
0 0.4375100 0.5937600 0.1286665 0.1286665
0 0.2573629 0.7555247 0.1286665 0.1286665
0 0.2702306 0.8805247 0.1286665 0.1194753
0 0.1268482 0.9301571 0.1286665 0.0698429
