0 0.6286865 0.5845688 0.1838135 0.1838135
0 0.0992747 0.8878776 0.1838135 0.1121224
0 0.3547894 0.3566276 0.1470488 0.1470488
0 0.4117747 0.5808924 0.1470488 0.1470488
0 0.6433924 0.7316276 0.1470488 0.1470488
0 0.5606718 0.8566276 0.1470488 0.1433724
0 0.1911865 0.0000100 0.1286665 0.0882253
0 0.1709659 0.0128776 0.1286665 0.1286665
0 0.2334659 0.1268482 0.1286665 0.1286665
0 0.8455982 0.5036865 0.1286665 0.1286665
0 0.7371424 0.6580982 0.1286665 0.1286665
0 0.7169218 0.7077306 0.1286665 0.1286665
