0 0.5698629 0.5606718 0.1838135 0.1838135
0 0.0294218 0.8364071 0.1470488 0.1470488
0 0.0974365 0.3125100 0.1286665 0.1286665
0 0.4356718 0.3933924 0.1286665 0.1286665
0 0.6286865 0.4797894 0.1286665 0.1286665
0 0.2169218 0.5625100 0.1286665 0.1286665
0 0.5606718 0.5717012 0.1286665 0.1286665
0 0.5717012 0.6066276 0.1286665 0.1286665
0 0.3878776 0.6580982 0.1286665 0.1286665
0 0.5330982 0.6746424 0.1286665 0.1286665
0 0.4283188 0.8731718 0.1286665 0.1268282
0 0.2224365 0.4025835 0.1286665 0.1286665
0 0.3584659 0.4117747 0.1286665 0.1286665
0 0.6139806 0.4283188 0.1286665 0.1286665
0 0.7702306 0.4393482 0.1286665 0.1286665
0 0.1194953 0.4577306 0.1286665 0.1286665
0 0.1819953 0.5055247 0.1286665 0.1286665
0 0.5018482 0.7518482 0.1286665 0.1286665
