0 0.0000100 0.0386129 0.1415341 0.1838135
0 0.3419218 0.0000100 0.1286665 0.0643282
0 0.3713335 0.0000100 0.1286665 0.0643282
0 0.3933924 0.0000100 0.1286665 0.0845488
0 0.4356718 0.0000100 0.1286665 0.0863871
0 0.5422894 0.0000100 0.1286665 0.1010929
0 0.1103041 0.0000100 0.1286665 0.1286665
0 0.1709659 0.0018482 0.1286665 0.1286665
0 0.3970688 0.0128776 0.1286665 0.1286665
0 0.0000100 0.0349365 0.1010929 0.1286665
0 0.0000100 0.1121424 0.1268282 0.1286665
0 0.4834659 0.1176571 0.1286665 0.1286665
0 0.0000100 0.1342012 0.1176371 0.1286665
0 0.4393482 0.1470688 0.1286665 0.1286665
0 0.4228041 0.1562600 0.1286665 0.1286665
0 0.0000100 0.1617747 0.1286665 0.1286665
0 0.0000100 0.2040541 0.1286665 0.1286665
0 0.0478041 0.2334659 0.1286665 0.1286665
0 0.0183924 0.2426571 0.1286665 0.1286665
0 0.4448629 0.2426571 0.1286665 0.1286665
0 0.4411865 0.3272159 0.1286665 0.1286665
0 0.5698629 0.3437600 0.1286665 0.1286665
0 0.6599365 0.3750100 0.1286665 0.1286665
0 0.5533188 0.3842012 0.1286665 0.1286665
0 0.4724365 0.4283188 0.1286665 0.1286665
0 0.3731718 0.4356718 0.1286665 0.1286665
0 0.5588335 0.4467012 0.1286665 0.1286665
0 0.4430247 0.4595688 0.1286665 0.1286665
0 0.0882453 0.4705982 0.1286665 0.1286665
0 0.5349365 0.4908188 0.1286665 0.1286665
0 0.3805247 0.4944953 0.1286665 0.1286665
0 0.5165541 0.5110394 0.1286665 0.1286665
0 0.0000100 0.5974365 0.1249900 0.1286665
0 0.0386129 0.6342012 0.1286665 0.1286665
0 0.4761129 0.6360394 0.1286665 0.1286665
0 0.5183924 0.6470688 0.1286665 0.1286665
0 0.0110394 0.6580982 0.1286665 0.1286665
0 0.7444953 0.6838335 0.1286665 0.1286665
0 0.0000100 0.7095688 0.0808724 0.1286665
0 0.5036865 0.7481718 0.1286665 0.1286665
0 0.6194953 0.7500100 0.1286665 0.1286665
0 0.7279512 0.7555247 0.1286665 0.1286665
0 0.2132453 0.7978041 0.1286665 0.1286665
0 0.0441276 0.8069953 0.1286665 0.1286665
0 0.5220688 0.9154512 0.1286665 0.0845488
0 0.3915541 0.0000100 0.1286665 0.1121224
0 0.4724365 0.4044218 0.1286665 0.1286665
0 0.5717012 0.4062600 0.1286665 0.1286665
0 0.5202306 0.4264806 0.1286665 0.1286665
0 0.3529512 0.4540541 0.1286665 0.1286665
0 0.4228041 0.4871424 0.1286665 0.1286665
0 0.4540541 0.5827306 0.1286665 0.1286665
0 0.4650835 0.6029512 0.1286665 0.1286665
