0 0.0257352941176 0.332720588235 0.147058823529 0.147058823529
0 0.397058823529 0.636029411765 0.147058823529 0.147058823529
0 0.213235294118 0.724264705882 0.128676470588 0.128676470588
0 0.148897058824 0.0 0.128676470588 0.0955882352941
0 0.376838235294 0.556985294118 0.128676470588 0.128676470588
0 0.139705882353 0.580882352941 0.128676470588 0.128676470588
0 0.397058823529 0.588235294118 0.128676470588 0.128676470588
0 0.266544117647 0.698529411765 0.128676470588 0.128676470588
0 0.477941176471 0.715073529412 0.128676470588 0.128676470588
0 0.231617647059 0.751838235294 0.128676470588 0.128676470588
0 0.240808823529 0.786764705882 0.128676470588 0.128676470588
