0 0.319852941176 0.0 0.128676470588 0.0772058823529
0 0.514705882353 0.0 0.128676470588 0.0808823529412
0 0.689338235294 0.0 0.128676470588 0.0882352941176
0 0.341911764706 0.0 0.128676470588 0.0900735294118
0 0.566176470588 0.0 0.128676470588 0.0919117647059
0 0.612132352941 0.0 0.128676470588 0.0900735294118
0 0.542279411765 0.0 0.128676470588 0.110294117647
0 0.604779411765 0.0 0.128676470588 0.113970588235
0 0.784926470588 0.00183823529412 0.128676470588 0.128676470588
0 0.433823529412 0.03125 0.128676470588 0.128676470588
0 0.685661764706 0.0459558823529 0.128676470588 0.128676470588
0 0.623161764706 0.0514705882353 0.128676470588 0.128676470588
0 0.422794117647 0.117647058824 0.128676470588 0.128676470588
0 0.259191176471 0.147058823529 0.128676470588 0.128676470588
