0 0.352941176471 0.431985294118 0.147058823529 0.147058823529
0 0.505514705882 0.556985294118 0.147058823529 0.147058823529
0 0.755514705882 0.347426470588 0.128676470588 0.128676470588
0 0.803308823529 0.373161764706 0.128676470588 0.128676470588
0 0.860294117647 0.393382352941 0.128676470588 0.128676470588
0 0.643382352941 0.400735294118 0.128676470588 0.128676470588
0 0.884191176471 0.409926470588 0.115808823529 0.128676470588
0 0.818014705882 0.435661764706 0.128676470588 0.128676470588
0 0.577205882353 0.446691176471 0.128676470588 0.128676470588
0 0.46875 0.494485294118 0.128676470588 0.128676470588
