0 0.634191176471 0.0845588235294 0.183823529412 0.183823529412
0 0.540441176471 0.0238970588235 0.128676470588 0.128676470588
0 0.270220588235 0.0900735294118 0.128676470588 0.128676470588
0 0.444852941176 0.202205882353 0.128676470588 0.128676470588
0 0.619485294118 0.3125 0.128676470588 0.128676470588
0 0.356617647059 0.356617647059 0.128676470588 0.128676470588
0 0.761029411765 0.386029411765 0.128676470588 0.128676470588
0 0.242647058824 0.498161764706 0.128676470588 0.128676470588
0 0.477941176471 0.509191176471 0.128676470588 0.128676470588
0 0.658088235294 0.665441176471 0.128676470588 0.128676470588
0 0.430147058824 0.6875 0.128676470588 0.128676470588
0 0.634191176471 0.400735294118 0.128676470588 0.128676470588
