0 0.6213335 0.1305247 0.1470488 0.1470488
0 0.0018482 0.4448629 0.1470488 0.1470488
0 0.5183924 0.0000100 0.1286665 0.0661665
0 0.4595688 0.0000100 0.1286665 0.1121224
0 0.4761129 0.0239071 0.1286665 0.1286665
0 0.3823629 0.0569953 0.1286665 0.1286665
0 0.5661865 0.0000100 0.1286665 0.0863871
0 0.5092012 0.0000100 0.1286665 0.1066076
0 0.5974365 0.0496424 0.1286665 0.1286665
0 0.4099365 0.0955982 0.1286665 0.1286665
0 0.4540541 0.1103041 0.1286665 0.1286665
0 0.5422894 0.1948629 0.1286665 0.1286665
0 0.5661865 0.2353041 0.1286665 0.1286665
