0 0.654411764706 0.253676470588 0.183823529412 0.183823529412
0 0.632352941176 0.698529411765 0.183823529412 0.183823529412
0 0.472426470588 0.0 0.128676470588 0.126838235294
0 0.0367647058824 0.03125 0.128676470588 0.128676470588
0 0.0808823529412 0.21875 0.128676470588 0.128676470588
0 0.159926470588 0.371323529412 0.128676470588 0.128676470588
0 0.0441176470588 0.386029411765 0.128676470588 0.128676470588
0 0.0 0.488970588235 0.110294117647 0.128676470588
0 0.310661764706 0.522058823529 0.128676470588 0.128676470588
0 0.102941176471 0.560661764706 0.128676470588 0.128676470588
0 0.233455882353 0.602941176471 0.128676470588 0.128676470588
0 0.327205882353 0.680147058824 0.128676470588 0.128676470588
0 0.0974264705882 0.681985294118 0.128676470588 0.128676470588
0 0.0 0.705882352941 0.0882352941176 0.128676470588
0 0.466911764706 0.711397058824 0.128676470588 0.128676470588
0 0.544117647059 0.762867647059 0.128676470588 0.128676470588
0 0.0716911764706 0.829044117647 0.128676470588 0.128676470588
0 0.0 0.115808823529 0.115808823529 0.128676470588
0 0.0680147058824 0.251838235294 0.128676470588 0.128676470588
