0 0.595588235294 0.237132352941 0.183823529412 0.183823529412
0 0.556985294118 0.825367647059 0.183823529412 0.174632352941
0 0.492647058824 0.441176470588 0.128676470588 0.128676470588
0 0.713235294118 0.729779411765 0.128676470588 0.128676470588
0 0.619485294118 0.821691176471 0.128676470588 0.128676470588
0 0.702205882353 0.849264705882 0.128676470588 0.128676470588
0 0.514705882353 0.875 0.128676470588 0.125
0 0.623161764706 0.900735294118 0.128676470588 0.0992647058824
0 0.849264705882 0.919117647059 0.128676470588 0.0808823529412
0 0.555147058824 0.920955882353 0.128676470588 0.0790441176471
0 0.810661764706 0.922794117647 0.128676470588 0.0772058823529
0 0.884191176471 0.922794117647 0.115808823529 0.0772058823529
0 0.716911764706 0.931985294118 0.128676470588 0.0680147058824
0 0.601102941176 0.716911764706 0.128676470588 0.128676470588
0 0.643382352941 0.775735294118 0.128676470588 0.128676470588
0 0.534926470588 0.889705882353 0.128676470588 0.110294117647
0 0.474264705882 0.891544117647 0.128676470588 0.108455882353
0 0.573529411765 0.897058823529 0.128676470588 0.102941176471
