0 0.555147058824 0.244485294118 0.183823529412 0.183823529412
0 0.345588235294 0.444852941176 0.183823529412 0.183823529412
0 0.569852941176 0.520220588235 0.183823529412 0.183823529412
0 0.573529411765 0.836397058824 0.183823529412 0.163602941176
0 0.78125 0.371323529412 0.128676470588 0.128676470588
0 0.696691176471 0.373161764706 0.128676470588 0.128676470588
0 0.746323529412 0.391544117647 0.128676470588 0.128676470588
0 0.775735294118 0.400735294118 0.128676470588 0.128676470588
0 0.498161764706 0.430147058824 0.128676470588 0.128676470588
0 0.702205882353 0.446691176471 0.128676470588 0.128676470588
0 0.615808823529 0.492647058824 0.128676470588 0.128676470588
0 0.5 0.512867647059 0.128676470588 0.128676470588
0 0.680147058824 0.520220588235 0.128676470588 0.128676470588
0 0.439338235294 0.568014705882 0.128676470588 0.128676470588
0 0.584558823529 0.615808823529 0.128676470588 0.128676470588
0 0.685661764706 0.615808823529 0.128676470588 0.128676470588
0 0.623161764706 0.619485294118 0.128676470588 0.128676470588
0 0.588235294118 0.65625 0.128676470588 0.128676470588
0 0.65625 0.658088235294 0.128676470588 0.128676470588
0 0.630514705882 0.680147058824 0.128676470588 0.128676470588
0 0.487132352941 0.685661764706 0.128676470588 0.128676470588
0 0.369485294118 0.713235294118 0.128676470588 0.128676470588
0 0.479779411765 0.726102941176 0.128676470588 0.128676470588
0 0.586397058824 0.727941176471 0.128676470588 0.128676470588
0 0.417279411765 0.735294117647 0.128676470588 0.128676470588
0 0.560661764706 0.737132352941 0.128676470588 0.128676470588
0 0.523897058824 0.75 0.128676470588 0.128676470588
0 0.189338235294 0.762867647059 0.128676470588 0.128676470588
0 0.294117647059 0.801470588235 0.128676470588 0.128676470588
0 0.375 0.806985294118 0.128676470588 0.128676470588
0 0.147058823529 0.816176470588 0.128676470588 0.128676470588
0 0.360294117647 0.834558823529 0.128676470588 0.128676470588
0 0.283088235294 0.847426470588 0.128676470588 0.128676470588
0 0.242647058824 0.851102941176 0.128676470588 0.128676470588
0 0.169117647059 0.895220588235 0.128676470588 0.104779411765
0 0.913602941176 0.897058823529 0.0863970588235 0.102941176471
0 0.314338235294 0.900735294118 0.128676470588 0.0992647058824
0 0.235294117647 0.913602941176 0.128676470588 0.0863970588235
0 0.158088235294 0.928308823529 0.128676470588 0.0716911764706
0 0.481617647059 0.297794117647 0.128676470588 0.128676470588
0 0.424632352941 0.325367647059 0.128676470588 0.128676470588
0 0.409926470588 0.334558823529 0.128676470588 0.128676470588
0 0.779411764706 0.345588235294 0.128676470588 0.128676470588
0 0.386029411765 0.347426470588 0.128676470588 0.128676470588
0 0.560661764706 0.397058823529 0.128676470588 0.128676470588
0 0.797794117647 0.422794117647 0.128676470588 0.128676470588
0 0.729779411765 0.446691176471 0.128676470588 0.128676470588
0 0.764705882353 0.450367647059 0.128676470588 0.128676470588
0 0.672794117647 0.454044117647 0.128676470588 0.128676470588
0 0.597426470588 0.498161764706 0.128676470588 0.128676470588
0 0.634191176471 0.520220588235 0.128676470588 0.128676470588
0 0.693014705882 0.538602941176 0.128676470588 0.128676470588
0 0.461397058824 0.575367647059 0.128676470588 0.128676470588
0 0.555147058824 0.625 0.128676470588 0.128676470588
0 0.459558823529 0.628676470588 0.128676470588 0.128676470588
0 0.5 0.652573529412 0.128676470588 0.128676470588
0 0.522058823529 0.658088235294 0.128676470588 0.128676470588
0 0.588235294118 0.685661764706 0.128676470588 0.128676470588
0 0.443014705882 0.702205882353 0.128676470588 0.128676470588
0 0.643382352941 0.709558823529 0.128676470588 0.128676470588
0 0.617647058824 0.715073529412 0.128676470588 0.128676470588
0 0.459558823529 0.71875 0.128676470588 0.128676470588
0 0.384191176471 0.727941176471 0.128676470588 0.128676470588
0 0.610294117647 0.744485294118 0.128676470588 0.128676470588
0 0.330882352941 0.761029411765 0.128676470588 0.128676470588
0 0.365808823529 0.779411764706 0.128676470588 0.128676470588
0 0.663602941176 0.799632352941 0.128676470588 0.128676470588
0 0.488970588235 0.808823529412 0.128676470588 0.128676470588
0 0.308823529412 0.8125 0.128676470588 0.128676470588
0 0.735294117647 0.816176470588 0.128676470588 0.128676470588
0 0.125 0.834558823529 0.128676470588 0.128676470588
0 0.126838235294 0.882352941176 0.128676470588 0.117647058824
