0 0.838235294118 0.0330882352941 0.147058823529 0.147058823529
0 0.0 0.0514705882353 0.139705882353 0.147058823529
0 0.375 0.428308823529 0.147058823529 0.147058823529
0 0.577205882353 0.0 0.128676470588 0.0900735294118
0 0.152573529412 0.0 0.128676470588 0.0992647058824
0 0.0 0.0 0.0790441176471 0.110294117647
0 0.465073529412 0.0 0.128676470588 0.113970588235
0 0.753676470588 0.0 0.128676470588 0.115808823529
0 0.216911764706 0.00551470588235 0.128676470588 0.128676470588
0 0.696691176471 0.0183823529412 0.128676470588 0.128676470588
0 0.15625 0.0238970588235 0.128676470588 0.128676470588
0 0.0 0.0257352941176 0.113970588235 0.128676470588
0 0.931985294118 0.0330882352941 0.0680147058824 0.128676470588
0 0.110294117647 0.0386029411765 0.128676470588 0.128676470588
0 0.573529411765 0.0404411764706 0.128676470588 0.128676470588
0 0.667279411765 0.0533088235294 0.128676470588 0.128676470588
0 0.391544117647 0.0698529411765 0.128676470588 0.128676470588
0 0.0680147058824 0.101102941176 0.128676470588 0.128676470588
0 0.185661764706 0.108455882353 0.128676470588 0.128676470588
0 0.336397058824 0.123161764706 0.128676470588 0.128676470588
0 0.0 0.126838235294 0.117647058824 0.128676470588
0 0.459558823529 0.126838235294 0.128676470588 0.128676470588
0 0.222426470588 0.134191176471 0.128676470588 0.128676470588
0 0.341911764706 0.185661764706 0.128676470588 0.128676470588
0 0.193014705882 0.1875 0.128676470588 0.128676470588
0 0.884191176471 0.216911764706 0.115808823529 0.128676470588
0 0.268382352941 0.222426470588 0.128676470588 0.128676470588
0 0.104779411765 0.248161764706 0.128676470588 0.128676470588
0 0.900735294118 0.257352941176 0.0992647058824 0.128676470588
0 0.540441176471 0.316176470588 0.128676470588 0.128676470588
0 0.792279411765 0.316176470588 0.128676470588 0.128676470588
0 0.0 0.360294117647 0.0992647058824 0.128676470588
0 0.358455882353 0.376838235294 0.128676470588 0.128676470588
0 0.0 0.454044117647 0.0735294117647 0.128676470588
0 0.165441176471 0.459558823529 0.128676470588 0.128676470588
0 0.0183823529412 0.472426470588 0.128676470588 0.128676470588
0 0.0661764705882 0.520220588235 0.128676470588 0.128676470588
0 0.209558823529 0.53125 0.128676470588 0.128676470588
0 0.409926470588 0.555147058824 0.128676470588 0.128676470588
0 0.0459558823529 0.569852941176 0.128676470588 0.128676470588
0 0.0 0.597426470588 0.123161764706 0.128676470588
0 0.233455882353 0.623161764706 0.128676470588 0.128676470588
0 0.0238970588235 0.634191176471 0.128676470588 0.128676470588
0 0.0 0.647058823529 0.0882352941176 0.128676470588
