0 0.2739071 0.2371424 0.1286665 0.1286665
0 0.3272159 0.2408188 0.1286665 0.1286665
0 0.3731718 0.2518482 0.1286665 0.1286665
0 0.2665541 0.2573629 0.1286665 0.1286665
0 0.0000100 0.2628776 0.0955782 0.1286665
0 0.0000100 0.2739071 0.0808724 0.1286665
0 0.2058924 0.2978041 0.1286665 0.1286665
0 0.2720688 0.3069953 0.1286665 0.1286665
0 0.0000100 0.3106718 0.0661665 0.1286665
0 0.1121424 0.3180247 0.1286665 0.1286665
0 0.1728041 0.3235394 0.1286665 0.1286665
0 0.2316276 0.3474365 0.1286665 0.1286665
0 0.7463335 0.3474365 0.1286665 0.1286665
0 0.1911865 0.3621424 0.1286665 0.1286665
0 0.3419218 0.3768482 0.1286665 0.1286665
0 0.6103041 0.3805247 0.1286665 0.1286665
0 0.6562600 0.3970688 0.1286665 0.1286665
0 0.3842012 0.4025835 0.1286665 0.1286665
0 0.5073629 0.4117747 0.1286665 0.1286665
0 0.2095688 0.4191276 0.1286665 0.1286665
0 0.6415541 0.4301571 0.1286665 0.1286665
0 0.5588335 0.4393482 0.1286665 0.1286665
0 0.9044218 0.4467012 0.0955782 0.1286665
0 0.1930247 0.4485394 0.1286665 0.1286665
0 0.3970688 0.4687600 0.1286665 0.1286665
0 0.0000100 0.4834659 0.0863871 0.1286665
0 0.5312600 0.5128776 0.1286665 0.1286665
0 0.0000100 0.5551571 0.0827106 0.1286665
0 0.3161865 0.6176571 0.1286665 0.1286665
0 0.4926571 0.6213335 0.1286665 0.1286665
0 0.2187600 0.6231718 0.1286665 0.1286665
0 0.2592012 0.7500100 0.1286665 0.1286665
0 0.1562600 0.7720688 0.1286665 0.1286665
0 0.9080982 0.8125100 0.0919018 0.1286665
0 0.0000100 0.8492747 0.0808724 0.1286665
0 0.1728041 0.8529512 0.1286665 0.1286665
0 0.4944953 0.8970688 0.1286665 0.1029312
0 0.7261129 0.9099365 0.1286665 0.0900635
0 0.0147159 0.9246424 0.1286665 0.0753576
0 0.0000100 0.9264806 0.1047694 0.0735194
0 0.2628776 0.9264806 0.1286665 0.0735194
0 0.1930247 0.9319953 0.1286665 0.0680047
