0 0.693014705882 0.498161764706 0.128676470588 0.128676470588
0 0.909926470588 0.722426470588 0.0900735294118 0.128676470588
0 0.03125 0.373161764706 0.128676470588 0.128676470588
0 0.637867647059 0.488970588235 0.128676470588 0.128676470588
0 0.840073529412 0.501838235294 0.128676470588 0.128676470588
0 0.0 0.584558823529 0.112132352941 0.128676470588
0 0.571691176471 0.658088235294 0.128676470588 0.128676470588
0 0.0882352941176 0.665441176471 0.128676470588 0.128676470588
0 0.0 0.670955882353 0.0716911764706 0.128676470588
0 0.0551470588235 0.672794117647 0.128676470588 0.128676470588
0 0.15625 0.672794117647 0.128676470588 0.128676470588
0 0.694852941176 0.680147058824 0.128676470588 0.128676470588
0 0.288602941176 0.685661764706 0.128676470588 0.128676470588
0 0.0275735294118 0.6875 0.128676470588 0.128676470588
0 0.485294117647 0.702205882353 0.128676470588 0.128676470588
0 0.329044117647 0.722426470588 0.128676470588 0.128676470588
0 0.472426470588 0.733455882353 0.128676470588 0.128676470588
0 0.279411764706 0.740808823529 0.128676470588 0.128676470588
0 0.476102941176 0.773897058824 0.128676470588 0.128676470588
0 0.884191176471 0.777573529412 0.115808823529 0.128676470588
0 0.924632352941 0.779411764706 0.0753676470588 0.128676470588
0 0.0238970588235 0.783088235294 0.128676470588 0.128676470588
0 0.310661764706 0.794117647059 0.128676470588 0.128676470588
0 0.158088235294 0.819852941176 0.128676470588 0.128676470588
0 0.112132352941 0.834558823529 0.128676470588 0.128676470588
0 0.154411764706 0.871323529412 0.128676470588 0.128676470588
0 0.21875 0.889705882353 0.128676470588 0.110294117647
0 0.53125 0.919117647059 0.128676470588 0.0808823529412
0 0.672794117647 0.919117647059 0.128676470588 0.0808823529412
0 0.288602941176 0.922794117647 0.128676470588 0.0772058823529
