0 0.193014705882 0.137867647059 0.183823529412 0.183823529412
0 0.0900735294118 0.303308823529 0.183823529412 0.183823529412
0 0.0 0.860294117647 0.148897058824 0.139705882353
0 0.295955882353 0.0294117647059 0.128676470588 0.128676470588
0 0.0 0.0386029411765 0.115808823529 0.128676470588
0 0.257352941176 0.0477941176471 0.128676470588 0.128676470588
0 0.301470588235 0.0790441176471 0.128676470588 0.128676470588
0 0.0 0.178308823529 0.0790441176471 0.128676470588
0 0.101102941176 0.200367647059 0.128676470588 0.128676470588
0 0.0294117647059 0.391544117647 0.128676470588 0.128676470588
0 0.102941176471 0.40625 0.128676470588 0.128676470588
0 0.248161764706 0.413602941176 0.128676470588 0.128676470588
0 0.185661764706 0.422794117647 0.128676470588 0.128676470588
0 0.128676470588 0.428308823529 0.128676470588 0.128676470588
0 0.159926470588 0.441176470588 0.128676470588 0.128676470588
0 0.170955882353 0.545955882353 0.128676470588 0.128676470588
0 0.0588235294118 0.551470588235 0.128676470588 0.128676470588
0 0.0 0.632352941176 0.119485294118 0.128676470588
0 0.216911764706 0.0441176470588 0.128676470588 0.128676470588
0 0.00551470588235 0.145220588235 0.128676470588 0.128676470588
0 0.0900735294118 0.261029411765 0.128676470588 0.128676470588
0 0.0422794117647 0.444852941176 0.128676470588 0.128676470588
0 0.108455882353 0.46875 0.128676470588 0.128676470588
0 0.21875 0.498161764706 0.128676470588 0.128676470588
0 0.110294117647 0.604779411765 0.128676470588 0.128676470588
