0 0.786764705882 0.152573529412 0.183823529412 0.183823529412
0 0.255514705882 0.613970588235 0.183823529412 0.183823529412
0 0.181985294118 0.0349264705882 0.128676470588 0.128676470588
0 0.181985294118 0.108455882353 0.128676470588 0.128676470588
0 0.176470588235 0.321691176471 0.128676470588 0.128676470588
0 0.0441176470588 0.336397058824 0.128676470588 0.128676470588
0 0.0 0.382352941176 0.0698529411765 0.128676470588
0 0.134191176471 0.731617647059 0.128676470588 0.128676470588
0 0.231617647059 0.779411764706 0.128676470588 0.128676470588
0 0.575367647059 0.00735294117647 0.128676470588 0.128676470588
0 0.137867647059 0.215073529412 0.128676470588 0.128676470588
0 0.327205882353 0.321691176471 0.128676470588 0.128676470588
0 0.141544117647 0.560661764706 0.128676470588 0.128676470588
0 0.207720588235 0.617647058824 0.128676470588 0.128676470588
0 0.338235294118 0.759191176471 0.128676470588 0.128676470588
