0 0.544117647059 0.152573529412 0.183823529412 0.183823529412
0 0.786764705882 0.279411764706 0.147058823529 0.147058823529
0 0.619485294118 0.408088235294 0.147058823529 0.147058823529
0 0.457720588235 0.441176470588 0.147058823529 0.147058823529
0 0.0 0.454044117647 0.0753676470588 0.147058823529
0 0.713235294118 0.465073529412 0.147058823529 0.147058823529
0 0.0 0.476102941176 0.145220588235 0.147058823529
0 0.647058823529 0.511029411765 0.147058823529 0.147058823529
0 0.582720588235 0.575367647059 0.147058823529 0.147058823529
0 0.463235294118 0.630514705882 0.147058823529 0.147058823529
0 0.672794117647 0.457720588235 0.128676470588 0.128676470588
