0 0.862132352941 0.0 0.128676470588 0.0680147058824
0 0.922794117647 0.0 0.0772058823529 0.128676470588
0 0.851102941176 0.0716911764706 0.128676470588 0.128676470588
0 0.895220588235 0.102941176471 0.104779411765 0.128676470588
0 0.827205882353 0.106617647059 0.128676470588 0.128676470588
0 0.604779411765 0.117647058824 0.128676470588 0.128676470588
0 0.897058823529 0.161764705882 0.102941176471 0.128676470588
0 0.654411764706 0.198529411765 0.128676470588 0.128676470588
0 0.915441176471 0.21875 0.0845588235294 0.128676470588
0 0.65625 0.238970588235 0.128676470588 0.128676470588
0 0.884191176471 0.272058823529 0.115808823529 0.128676470588
