0 0.404411764706 0.362132352941 0.147058823529 0.147058823529
0 0.119485294118 0.908088235294 0.147058823529 0.0919117647059
0 0.0514705882353 0.773897058824 0.128676470588 0.128676470588
0 0.0165441176471 0.819852941176 0.128676470588 0.128676470588
0 0.373161764706 0.196691176471 0.128676470588 0.128676470588
0 0.373161764706 0.222426470588 0.128676470588 0.128676470588
0 0.400735294118 0.246323529412 0.128676470588 0.128676470588
0 0.341911764706 0.248161764706 0.128676470588 0.128676470588
0 0.398897058824 0.266544117647 0.128676470588 0.128676470588
0 0.472426470588 0.275735294118 0.128676470588 0.128676470588
0 0.380514705882 0.487132352941 0.128676470588 0.128676470588
0 0.213235294118 0.501838235294 0.128676470588 0.128676470588
0 0.330882352941 0.525735294118 0.128676470588 0.128676470588
0 0.0882352941176 0.568014705882 0.128676470588 0.128676470588
0 0.0716911764706 0.612132352941 0.128676470588 0.128676470588
0 0.0477941176471 0.667279411765 0.128676470588 0.128676470588
0 0.178308823529 0.700367647059 0.128676470588 0.128676470588
0 0.104779411765 0.724264705882 0.128676470588 0.128676470588
0 0.0845588235294 0.834558823529 0.128676470588 0.128676470588
0 0.0 0.873161764706 0.0919117647059 0.126838235294
0 0.0 0.919117647059 0.126838235294 0.0808823529412
