0 0.8419218 0.1323629 0.1580782 0.1838135
0 0.4246424 0.0000100 0.1286665 0.1231518
0 0.4761129 0.1305247 0.1286665 0.1286665
0 0.6599365 0.1728041 0.1286665 0.1286665
0 0.9264806 0.3400835 0.0735194 0.1286665
0 0.5992747 0.3603041 0.1286665 0.1286665
0 0.0000100 0.4650835 0.0863871 0.1286665
0 0.3915541 0.4742747 0.1286665 0.1286665
0 0.9172894 0.5864071 0.0827106 0.1286665
0 0.4926571 0.6066276 0.1286665 0.1286665
0 0.9025835 0.6305247 0.0974165 0.1286665
0 0.1360394 0.6967012 0.1286665 0.1286665
0 0.3161865 0.7003776 0.1286665 0.1286665
0 0.1875100 0.8658188 0.1286665 0.1286665
