0 0.6617747 0.0000100 0.1286665 0.0698429
0 0.8915541 0.0000100 0.1084459 0.0753576
0 0.0606718 0.0000100 0.1286665 0.1139606
0 0.8088335 0.0202306 0.1286665 0.1286665
0 0.0000100 0.0349365 0.0661665 0.1286665
0 0.8989071 0.0533188 0.1010929 0.1286665
0 0.0000100 0.1047894 0.0919018 0.1286665
0 0.0000100 0.1746424 0.1249900 0.1286665
0 0.6709659 0.1948629 0.1286665 0.1286665
0 0.1470688 0.2444953 0.1286665 0.1286665
0 0.7297894 0.2481718 0.1286665 0.1286665
0 0.2353041 0.2720688 0.1286665 0.1286665
0 0.3989071 0.3400835 0.1286665 0.1286665
0 0.0386129 0.3455982 0.1286665 0.1286665
0 0.8694953 0.3676571 0.1286665 0.1286665
0 0.7077306 0.4375100 0.1286665 0.1286665
0 0.0000100 0.4411865 0.0900635 0.1286665
0 0.2205982 0.4522159 0.1286665 0.1286665
0 0.4853041 0.4595688 0.1286665 0.1286665
0 0.3970688 0.5275835 0.1286665 0.1286665
0 0.1691276 0.5386129 0.1286665 0.1286665
0 0.2371424 0.5478041 0.1286665 0.1286665
0 0.0000100 0.5753776 0.0974165 0.1286665
0 0.5533188 0.5900835 0.1286665 0.1286665
0 0.1029512 0.5974365 0.1286665 0.1286665
0 0.2481718 0.7095688 0.1286665 0.1286665
0 0.5092012 0.7518482 0.1286665 0.1286665
0 0.4080982 0.7647159 0.1286665 0.1286665
0 0.0312600 0.7849365 0.1286665 0.1286665
0 0.0000100 0.8529512 0.0661665 0.1286665
0 0.5478041 0.8603041 0.1286665 0.1286665
0 0.3860394 0.8878776 0.1286665 0.1121224
0 0.3014806 0.9099365 0.1286665 0.0900635
0 0.1489071 0.9154512 0.1286665 0.0845488
