0 0.7500100 0.0000100 0.1286665 0.1157988
0 0.8878776 0.2720688 0.1121224 0.1286665
0 0.8272159 0.3511129 0.1286665 0.1286665
0 0.8511129 0.4724365 0.1286665 0.1286665
0 0.4944953 0.5330982 0.1286665 0.1286665
0 0.9209659 0.6029512 0.0790341 0.1286665
0 0.8125100 0.7077306 0.1286665 0.1286665
0 0.6562600 0.7114071 0.1286665 0.1286665
0 0.7481718 0.7481718 0.1286665 0.1286665
0 0.9007453 0.7830982 0.0992547 0.1286665
0 0.8731718 0.8455982 0.1268282 0.1286665
0 0.7610394 0.8915541 0.1286665 0.1084459
0 0.7922894 0.2794218 0.1286665 0.1286665
0 0.7959659 0.4503776 0.1286665 0.1286665
