0 0.680147058824 0.132352941176 0.183823529412 0.183823529412
0 0.0183823529412 0.422794117647 0.183823529412 0.183823529412
0 0.689338235294 0.737132352941 0.183823529412 0.183823529412
0 0.876838235294 0.0 0.123161764706 0.0882352941176
0 0.659926470588 0.0 0.128676470588 0.115808823529
0 0.794117647059 0.0 0.128676470588 0.126838235294
0 0.676470588235 0.0477941176471 0.128676470588 0.128676470588
0 0.556985294118 0.0772058823529 0.128676470588 0.128676470588
0 0.617647058824 0.0845588235294 0.128676470588 0.128676470588
0 0.444852941176 0.123161764706 0.128676470588 0.128676470588
0 0.397058823529 0.134191176471 0.128676470588 0.128676470588
0 0.90625 0.134191176471 0.09375 0.128676470588
0 0.477941176471 0.137867647059 0.128676470588 0.128676470588
0 0.886029411765 0.174632352941 0.113970588235 0.128676470588
0 0.536764705882 0.180147058824 0.128676470588 0.128676470588
0 0.441176470588 0.1875 0.128676470588 0.128676470588
0 0.634191176471 0.207720588235 0.128676470588 0.128676470588
0 0.590073529412 0.209558823529 0.128676470588 0.128676470588
0 0.492647058824 0.209558823529 0.128676470588 0.128676470588
0 0.549632352941 0.251838235294 0.128676470588 0.128676470588
0 0.858455882353 0.268382352941 0.128676470588 0.128676470588
0 0.400735294118 0.272058823529 0.128676470588 0.128676470588
0 0.448529411765 0.299632352941 0.128676470588 0.128676470588
0 0.40625 0.338235294118 0.128676470588 0.128676470588
0 0.518382352941 0.369485294118 0.128676470588 0.128676470588
0 0.689338235294 0.373161764706 0.128676470588 0.128676470588
0 0.422794117647 0.415441176471 0.128676470588 0.128676470588
0 0.685661764706 0.485294117647 0.128676470588 0.128676470588
0 0.625 0.512867647059 0.128676470588 0.128676470588
0 0.6875 0.720588235294 0.128676470588 0.128676470588
0 0.768382352941 0.766544117647 0.128676470588 0.128676470588
0 0.852941176471 0.884191176471 0.128676470588 0.115808823529
0 0.610294117647 0.268382352941 0.128676470588 0.128676470588
0 0.612132352941 0.3125 0.128676470588 0.128676470588
0 0.893382352941 0.772058823529 0.106617647059 0.128676470588
0 0.90625 0.875 0.09375 0.125
