0 0.209558823529 0.450367647059 0.183823529412 0.183823529412
0 0.0 0.545955882353 0.125 0.183823529412
0 0.0496323529412 0.71875 0.183823529412 0.183823529412
0 0.376838235294 0.821691176471 0.183823529412 0.178308823529
0 0.327205882353 0.0 0.128676470588 0.0643382352941
0 0.0514705882353 0.0183823529412 0.128676470588 0.128676470588
0 0.498161764706 0.0459558823529 0.128676470588 0.128676470588
0 0.0 0.0882352941176 0.0992647058824 0.128676470588
0 0.240808823529 0.132352941176 0.128676470588 0.128676470588
0 0.0569852941176 0.148897058824 0.128676470588 0.128676470588
0 0.525735294118 0.255514705882 0.128676470588 0.128676470588
0 0.147058823529 0.273897058824 0.128676470588 0.128676470588
0 0.0275735294118 0.295955882353 0.128676470588 0.128676470588
0 0.215073529412 0.340073529412 0.128676470588 0.128676470588
0 0.257352941176 0.380514705882 0.128676470588 0.128676470588
0 0.450367647059 0.391544117647 0.128676470588 0.128676470588
0 0.0882352941176 0.415441176471 0.128676470588 0.128676470588
0 0.0 0.420955882353 0.0900735294118 0.128676470588
0 0.172794117647 0.444852941176 0.128676470588 0.128676470588
0 0.683823529412 0.479779411765 0.128676470588 0.128676470588
0 0.0 0.496323529412 0.0643382352941 0.128676470588
0 0.0477941176471 0.527573529412 0.128676470588 0.128676470588
0 0.25 0.544117647059 0.128676470588 0.128676470588
0 0.387867647059 0.558823529412 0.128676470588 0.128676470588
0 0.139705882353 0.602941176471 0.128676470588 0.128676470588
0 0.509191176471 0.601102941176 0.128676470588 0.128676470588
0 0.0863970588235 0.652573529412 0.128676470588 0.128676470588
0 0.836397058824 0.685661764706 0.128676470588 0.128676470588
0 0.461397058824 0.71875 0.128676470588 0.128676470588
0 0.360294117647 0.733455882353 0.128676470588 0.128676470588
0 0.268382352941 0.751838235294 0.128676470588 0.128676470588
0 0.602941176471 0.759191176471 0.128676470588 0.128676470588
0 0.737132352941 0.768382352941 0.128676470588 0.128676470588
0 0.00367647058824 0.779411764706 0.128676470588 0.128676470588
0 0.84375 0.78125 0.128676470588 0.128676470588
0 0.150735294118 0.810661764706 0.128676470588 0.128676470588
0 0.455882352941 0.834558823529 0.128676470588 0.128676470588
0 0.0716911764706 0.865808823529 0.128676470588 0.128676470588
0 0.352941176471 0.865808823529 0.128676470588 0.128676470588
0 0.641544117647 0.869485294118 0.128676470588 0.128676470588
0 0.222426470588 0.90625 0.128676470588 0.09375
0 0.525735294118 0.915441176471 0.128676470588 0.0845588235294
0 0.0 0.919117647059 0.102941176471 0.0808823529412
0 0.430147058824 0.930147058824 0.128676470588 0.0698529411765
0 0.0 0.123161764706 0.0882352941176 0.128676470588
0 0.0900735294118 0.169117647059 0.128676470588 0.128676470588
0 0.53125 0.84375 0.128676470588 0.128676470588
