0 0.310661764706 0.556985294118 0.183823529412 0.183823529412
0 0.485294117647 0.420955882353 0.128676470588 0.128676470588
0 0.441176470588 0.606617647059 0.128676470588 0.128676470588
0 0.397058823529 0.691176470588 0.128676470588 0.128676470588
0 0.318014705882 0.700367647059 0.128676470588 0.128676470588
0 0.845588235294 0.818014705882 0.128676470588 0.128676470588
0 0.422794117647 0.443014705882 0.128676470588 0.128676470588
0 0.446691176471 0.463235294118 0.128676470588 0.128676470588
0 0.384191176471 0.465073529412 0.128676470588 0.128676470588
0 0.439338235294 0.511029411765 0.128676470588 0.128676470588
0 0.476102941176 0.571691176471 0.128676470588 0.128676470588
0 0.360294117647 0.645220588235 0.128676470588 0.128676470588
0 0.235294117647 0.647058823529 0.128676470588 0.128676470588
0 0.237132352941 0.691176470588 0.128676470588 0.128676470588
0 0.167279411765 0.766544117647 0.128676470588 0.128676470588
0 0.130514705882 0.803308823529 0.128676470588 0.128676470588
0 0.227941176471 0.808823529412 0.128676470588 0.128676470588
0 0.705882352941 0.915441176471 0.128676470588 0.0845588235294
