0 0.4522159 0.1746424 0.1838135 0.1838135
0 0.3842012 0.3529512 0.1286665 0.1286665
0 0.5312600 0.3639806 0.1286665 0.1286665
0 0.1783188 0.4246424 0.1286665 0.1286665
0 0.2683924 0.4871424 0.1286665 0.1286665
0 0.9154512 0.5478041 0.0845488 0.1286665
0 0.1783188 0.0000100 0.1286665 0.0863871
0 0.3272159 0.0000100 0.1286665 0.1029312
0 0.3933924 0.0717012 0.1286665 0.1286665
0 0.6452306 0.0992747 0.1286665 0.1286665
0 0.3400835 0.2297894 0.1286665 0.1286665
0 0.5625100 0.2610394 0.1286665 0.1286665
0 0.7316276 0.2904512 0.1286665 0.1286665
0 0.0661865 0.2978041 0.1286665 0.1286665
0 0.1801571 0.3731718 0.1286665 0.1286665
0 0.5330982 0.4375100 0.1286665 0.1286665
0 0.7665541 0.5441276 0.1286665 0.1286665
