0 0.0000100 0.1250100 0.0992547 0.1838135
0 0.6397159 0.5367747 0.1838135 0.1838135
0 0.3676571 0.0000100 0.1286665 0.0771959
0 0.5955982 0.0000100 0.1286665 0.0771959
0 0.7628776 0.0000100 0.1286665 0.1213135
0 0.4724365 0.0404512 0.1286665 0.1286665
0 0.2757453 0.0643482 0.1286665 0.1286665
0 0.7536865 0.1525835 0.1286665 0.1286665
0 0.2316276 0.1967012 0.1286665 0.1286665
0 0.4816276 0.2242747 0.1286665 0.1286665
0 0.0478041 0.3106718 0.1286665 0.1286665
0 0.7849365 0.3217012 0.1286665 0.1286665
0 0.8970688 0.3437600 0.1029312 0.1286665
0 0.0000100 0.3492747 0.0680047 0.1286665
0 0.3327306 0.3529512 0.1286665 0.1286665
0 0.6636129 0.3786865 0.1286665 0.1286665
0 0.1636129 0.4705982 0.1286665 0.1286665
0 0.2978041 0.4834659 0.1286665 0.1286665
0 0.0349365 0.5514806 0.1286665 0.1286665
0 0.0000100 0.5680247 0.0643282 0.1286665
0 0.2371424 0.6930247 0.1286665 0.1286665
0 0.0000100 0.7022159 0.1010929 0.1286665
0 0.7003776 0.7941276 0.1286665 0.1286665
0 0.4742747 0.0808924 0.1286665 0.1286665
0 0.0772159 0.2316276 0.1286665 0.1286665
0 0.2830982 0.6764806 0.1286665 0.1286665
