0 0.8694953 0.3989071 0.1286665 0.1286665
0 0.8014806 0.4154512 0.1286665 0.1286665
0 0.7426571 0.4228041 0.1286665 0.1286665
0 0.7555247 0.5312600 0.1286665 0.1286665
0 0.8345688 0.5900835 0.1286665 0.1286665
0 0.8033188 0.6323629 0.1286665 0.1286665
0 0.6967012 0.6580982 0.1286665 0.1286665
0 0.6378776 0.6580982 0.1286665 0.1286665
0 0.8253776 0.6746424 0.1286665 0.1286665
0 0.7739071 0.7022159 0.1286665 0.1286665
0 0.4044218 0.7334659 0.1286665 0.1286665
0 0.6268482 0.7353041 0.1286665 0.1286665
0 0.8161865 0.7500100 0.1286665 0.1286665
0 0.6709659 0.7775835 0.1286665 0.1286665
0 0.8419218 0.7996424 0.1286665 0.1286665
0 0.8051571 0.8511129 0.1286665 0.1286665
0 0.8878776 0.9264806 0.1121224 0.0735194
0 0.8584659 0.5275835 0.1286665 0.1286665
0 0.7316276 0.6084659 0.1286665 0.1286665
0 0.7132453 0.6250100 0.1286665 0.1286665
0 0.8511129 0.6562600 0.1286665 0.1286665
0 0.7279512 0.6911865 0.1286665 0.1286665
0 0.6489071 0.8694953 0.1286665 0.1286665
0 0.6911865 0.8823629 0.1286665 0.1176371
0 0.9319953 0.9117747 0.0680047 0.0882253
