0 0.0000100 0.3731718 0.1635929 0.1838135
0 0.0073629 0.5882453 0.1838135 0.1838135
0 0.3842012 0.5478041 0.1286665 0.1286665
0 0.2628776 0.6801571 0.1286665 0.1286665
0 0.3731718 0.7022159 0.1286665 0.1286665
0 0.4926571 0.7353041 0.1286665 0.1286665
0 0.3786865 0.7720688 0.1286665 0.1286665
0 0.3014806 0.7812600 0.1286665 0.1286665
0 0.4669218 0.8327306 0.1286665 0.1286665
0 0.3253776 0.8933924 0.1286665 0.1066076
0 0.3474365 0.5606718 0.1286665 0.1286665
0 0.0643482 0.7592012 0.1286665 0.1286665
0 0.0717012 0.7904512 0.1286665 0.1286665
0 0.4246424 0.8639806 0.1286665 0.1286665
