0 0.773897058824 0.0220588235294 0.183823529412 0.183823529412
0 0.542279411765 0.0 0.128676470588 0.0643382352941
0 0.930147058824 0.125 0.0698529411765 0.128676470588
0 0.8125 0.235294117647 0.128676470588 0.128676470588
0 0.6875 0.3125 0.128676470588 0.128676470588
0 0.683823529412 0.0 0.128676470588 0.0863970588235
0 0.724264705882 0.0 0.128676470588 0.115808823529
0 0.544117647059 0.0386029411765 0.128676470588 0.128676470588
0 0.610294117647 0.0459558823529 0.128676470588 0.128676470588
0 0.755514705882 0.0808823529412 0.128676470588 0.128676470588
0 0.579044117647 0.0882352941176 0.128676470588 0.128676470588
0 0.716911764706 0.130514705882 0.128676470588 0.128676470588
0 0.643382352941 0.143382352941 0.128676470588 0.128676470588
0 0.735294117647 0.159926470588 0.128676470588 0.128676470588
0 0.650735294118 0.248161764706 0.128676470588 0.128676470588
