0 0.0 0.654411764706 0.176470588235 0.183823529412
0 0.0477941176471 0.503676470588 0.128676470588 0.128676470588
0 0.161764705882 0.505514705882 0.128676470588 0.128676470588
0 0.176470588235 0.534926470588 0.128676470588 0.128676470588
0 0.0183823529412 0.5625 0.128676470588 0.128676470588
0 0.0 0.621323529412 0.119485294118 0.128676470588
0 0.0735294117647 0.647058823529 0.128676470588 0.128676470588
0 0.0 0.661764705882 0.0772058823529 0.128676470588
0 0.139705882353 0.676470588235 0.128676470588 0.128676470588
0 0.238970588235 0.696691176471 0.128676470588 0.128676470588
0 0.0 0.709558823529 0.0790441176471 0.128676470588
0 0.0919117647059 0.748161764706 0.128676470588 0.128676470588
0 0.0 0.775735294118 0.0974264705882 0.128676470588
0 0.00735294117647 0.814338235294 0.128676470588 0.128676470588
0 0.0606617647059 0.827205882353 0.128676470588 0.128676470588
0 0.0 0.829044117647 0.0900735294118 0.128676470588
0 0.194852941176 0.875 0.128676470588 0.125
0 0.165441176471 0.920955882353 0.128676470588 0.0790441176471
0 0.0 0.595588235294 0.0753676470588 0.128676470588
0 0.0477941176471 0.625 0.128676470588 0.128676470588
0 0.0845588235294 0.694852941176 0.128676470588 0.128676470588
0 0.110294117647 0.737132352941 0.128676470588 0.128676470588
0 0.0 0.742647058824 0.123161764706 0.128676470588
0 0.0 0.748161764706 0.0827205882353 0.128676470588
0 0.0 0.775735294118 0.0753676470588 0.128676470588
0 0.0735294117647 0.78125 0.128676470588 0.128676470588
0 0.00919117647059 0.784926470588 0.128676470588 0.128676470588
0 0.0514705882353 0.797794117647 0.128676470588 0.128676470588
0 0.0790441176471 0.808823529412 0.128676470588 0.128676470588
0 0.00551470588235 0.841911764706 0.128676470588 0.128676470588
0 0.226102941176 0.847426470588 0.128676470588 0.128676470588
0 0.0 0.863970588235 0.0753676470588 0.128676470588
0 0.0 0.865808823529 0.121323529412 0.128676470588
0 0.0 0.908088235294 0.0661764705882 0.0919117647059
0 0.00735294117647 0.922794117647 0.128676470588 0.0772058823529
