0 0.639705882353 0.0 0.128676470588 0.0735294117647
0 0.777573529412 0.0 0.128676470588 0.0845588235294
0 0.727941176471 0.0 0.128676470588 0.0992647058824
0 0.816176470588 0.0 0.128676470588 0.115808823529
0 0.775735294118 0.0 0.128676470588 0.123161764706
0 0.720588235294 0.00919117647059 0.128676470588 0.128676470588
0 0.825367647059 0.0275735294118 0.128676470588 0.128676470588
0 0.630514705882 0.0386029411765 0.128676470588 0.128676470588
0 0.823529411765 0.102941176471 0.128676470588 0.128676470588
0 0.744485294118 0.09375 0.128676470588 0.128676470588
