0 0.7077306 0.5992747 0.1838135 0.1838135
0 0.0110394 0.0000100 0.1470488 0.1378576
0 0.9044218 0.0000100 0.0955782 0.0661665
0 0.1194953 0.0000100 0.1286665 0.0716812
0 0.3198629 0.0000100 0.1286665 0.0735194
0 0.8419218 0.0000100 0.1286665 0.0790341
0 0.2683924 0.0000100 0.1286665 0.1047694
0 0.7371424 0.0000100 0.1286665 0.1102841
0 0.4062600 0.0220688 0.1286665 0.1286665
0 0.8400835 0.0514806 0.1286665 0.1286665
0 0.7077306 0.0864071 0.1286665 0.1286665
0 0.7739071 0.0882453 0.1286665 0.1286665
0 0.8768482 0.1029512 0.1231518 0.1286665
0 0.2371424 0.1194953 0.1286665 0.1286665
0 0.7003776 0.1360394 0.1286665 0.1286665
0 0.7904512 0.1654512 0.1286665 0.1286665
0 0.8731718 0.1893482 0.1268282 0.1286665
0 0.6746424 0.2095688 0.1286665 0.1286665
0 0.7830982 0.3125100 0.1286665 0.1286665
0 0.6911865 0.3308924 0.1286665 0.1286665
0 0.1654512 0.3455982 0.1286665 0.1286665
0 0.6911865 0.5698629 0.1286665 0.1286665
0 0.6231718 0.6066276 0.1286665 0.1286665
0 0.8125100 0.7794218 0.1286665 0.1286665
0 0.7003776 0.0000100 0.1286665 0.1249900
0 0.3786865 0.1691276 0.1286665 0.1286665
0 0.2426571 0.1801571 0.1286665 0.1286665
0 0.7077306 0.2058924 0.1286665 0.1286665
0 0.0441276 0.3033188 0.1286665 0.1286665
0 0.1011129 0.3125100 0.1286665 0.1286665
0 0.8989071 0.3915541 0.1010929 0.1286665
