0 0.0919117647059 0.382352941176 0.128676470588 0.128676470588
0 0.0 0.433823529412 0.104779411765 0.128676470588
0 0.0367647058824 0.672794117647 0.128676470588 0.128676470588
0 0.0753676470588 0.722426470588 0.128676470588 0.128676470588
0 0.0900735294118 0.426470588235 0.128676470588 0.128676470588
0 0.279411764706 0.873161764706 0.128676470588 0.126838235294
0 0.0330882352941 0.876838235294 0.128676470588 0.123161764706
0 0.126838235294 0.876838235294 0.128676470588 0.123161764706
0 0.224264705882 0.882352941176 0.128676470588 0.117647058824
0 0.136029411765 0.904411764706 0.128676470588 0.0955882352941
0 0.301470588235 0.928308823529 0.128676470588 0.0716911764706
