0 0.3327306 0.6378776 0.1838135 0.1838135
0 0.6378776 0.6985394 0.1470488 0.1470488
0 0.6875100 0.8621424 0.1470488 0.1378576
0 0.6672894 0.0000100 0.1286665 0.0955782
0 0.8327306 0.0110394 0.1286665 0.1286665
0 0.2867747 0.0864071 0.1286665 0.1286665
0 0.7702306 0.1599365 0.1286665 0.1286665
0 0.6415541 0.2628776 0.1286665 0.1286665
0 0.1691276 0.4503776 0.1286665 0.1286665
0 0.3345688 0.4981718 0.1286665 0.1286665
0 0.2095688 0.6580982 0.1286665 0.1286665
0 0.3161865 0.6948629 0.1286665 0.1286665
