0 0.827205882353 0.431985294118 0.128676470588 0.128676470588
0 0.726102941176 0.476102941176 0.128676470588 0.128676470588
0 0.909926470588 0.523897058824 0.0900735294118 0.128676470588
0 0.900735294118 0.569852941176 0.0992647058824 0.128676470588
0 0.751838235294 0.579044117647 0.128676470588 0.128676470588
0 0.834558823529 0.582720588235 0.128676470588 0.128676470588
0 0.838235294118 0.612132352941 0.128676470588 0.128676470588
0 0.772058823529 0.643382352941 0.128676470588 0.128676470588
0 0.863970588235 0.643382352941 0.128676470588 0.128676470588
0 0.841911764706 0.707720588235 0.128676470588 0.128676470588
0 0.803308823529 0.716911764706 0.128676470588 0.128676470588
0 0.628676470588 0.845588235294 0.128676470588 0.128676470588
