0 0.694852941176 0.174632352941 0.183823529412 0.183823529412
0 0.389705882353 0.658088235294 0.183823529412 0.183823529412
0 0.3125 0.130514705882 0.147058823529 0.147058823529
0 0.851102941176 0.0 0.128676470588 0.0753676470588
0 0.680147058824 0.0 0.128676470588 0.104779411765
0 0.825367647059 0.0128676470588 0.128676470588 0.128676470588
0 0.886029411765 0.03125 0.113970588235 0.128676470588
0 0.764705882353 0.0349264705882 0.128676470588 0.128676470588
0 0.819852941176 0.0845588235294 0.128676470588 0.128676470588
0 0.746323529412 0.117647058824 0.128676470588 0.128676470588
0 0.165441176471 0.137867647059 0.128676470588 0.128676470588
0 0.713235294118 0.152573529412 0.128676470588 0.128676470588
0 0.270220588235 0.205882352941 0.128676470588 0.128676470588
0 0.373161764706 0.224264705882 0.128676470588 0.128676470588
0 0.588235294118 0.314338235294 0.128676470588 0.128676470588
0 0.503676470588 0.347426470588 0.128676470588 0.128676470588
0 0.580882352941 0.409926470588 0.128676470588 0.128676470588
0 0.507352941176 0.422794117647 0.128676470588 0.128676470588
0 0.196691176471 0.509191176471 0.128676470588 0.128676470588
0 0.518382352941 0.547794117647 0.128676470588 0.128676470588
0 0.678308823529 0.571691176471 0.128676470588 0.128676470588
0 0.547794117647 0.637867647059 0.128676470588 0.128676470588
0 0.830882352941 0.645220588235 0.128676470588 0.128676470588
0 0.65625 0.652573529412 0.128676470588 0.128676470588
0 0.724264705882 0.670955882353 0.128676470588 0.128676470588
0 0.873161764706 0.696691176471 0.126838235294 0.128676470588
0 0.284926470588 0.700367647059 0.128676470588 0.128676470588
0 0.185661764706 0.707720588235 0.128676470588 0.128676470588
0 0.0183823529412 0.722426470588 0.128676470588 0.128676470588
0 0.492647058824 0.729779411765 0.128676470588 0.128676470588
0 0.667279411765 0.738970588235 0.128676470588 0.128676470588
0 0.704044117647 0.738970588235 0.128676470588 0.128676470588
0 0.832720588235 0.753676470588 0.128676470588 0.128676470588
0 0.534926470588 0.762867647059 0.128676470588 0.128676470588
0 0.0716911764706 0.766544117647 0.128676470588 0.128676470588
0 0.0 0.768382352941 0.123161764706 0.128676470588
0 0.477941176471 0.775735294118 0.128676470588 0.128676470588
0 0.318014705882 0.784926470588 0.128676470588 0.128676470588
0 0.738970588235 0.784926470588 0.128676470588 0.128676470588
0 0.0 0.797794117647 0.0900735294118 0.128676470588
0 0.615808823529 0.821691176471 0.128676470588 0.128676470588
0 0.137867647059 0.827205882353 0.128676470588 0.128676470588
0 0.0294117647059 0.832720588235 0.128676470588 0.128676470588
0 0.584558823529 0.840073529412 0.128676470588 0.128676470588
0 0.645220588235 0.840073529412 0.128676470588 0.128676470588
0 0.0588235294118 0.847426470588 0.128676470588 0.128676470588
0 0.534926470588 0.847426470588 0.128676470588 0.128676470588
0 0.0 0.869485294118 0.0882352941176 0.128676470588
0 0.711397058824 0.871323529412 0.128676470588 0.128676470588
0 0.0183823529412 0.897058823529 0.128676470588 0.102941176471
0 0.847426470588 0.898897058824 0.128676470588 0.101102941176
0 0.347426470588 0.919117647059 0.128676470588 0.0808823529412
0 0.652573529412 0.930147058824 0.128676470588 0.0698529411765
0 0.759191176471 0.0 0.128676470588 0.102941176471
0 0.891544117647 0.0 0.108455882353 0.108455882353
0 0.897058823529 0.0606617647059 0.102941176471 0.128676470588
0 0.0845588235294 0.0680147058824 0.128676470588 0.128676470588
0 0.713235294118 0.0808823529412 0.128676470588 0.128676470588
0 0.193014705882 0.117647058824 0.128676470588 0.128676470588
0 0.797794117647 0.139705882353 0.128676470588 0.128676470588
0 0.428308823529 0.161764705882 0.128676470588 0.128676470588
0 0.200367647059 0.196691176471 0.128676470588 0.128676470588
0 0.911764705882 0.226102941176 0.0882352941176 0.128676470588
0 0.211397058824 0.229779411765 0.128676470588 0.128676470588
0 0.222426470588 0.242647058824 0.128676470588 0.128676470588
0 0.297794117647 0.242647058824 0.128676470588 0.128676470588
0 0.238970588235 0.297794117647 0.128676470588 0.128676470588
0 0.884191176471 0.305147058824 0.115808823529 0.128676470588
0 0.533088235294 0.329044117647 0.128676470588 0.128676470588
0 0.575367647059 0.363970588235 0.128676470588 0.128676470588
0 0.647058823529 0.378676470588 0.128676470588 0.128676470588
0 0.533088235294 0.391544117647 0.128676470588 0.128676470588
0 0.825367647059 0.404411764706 0.128676470588 0.128676470588
0 0.626838235294 0.433823529412 0.128676470588 0.128676470588
0 0.720588235294 0.435661764706 0.128676470588 0.128676470588
0 0.318014705882 0.470588235294 0.128676470588 0.128676470588
0 0.691176470588 0.472426470588 0.128676470588 0.128676470588
0 0.584558823529 0.476102941176 0.128676470588 0.128676470588
0 0.648897058824 0.534926470588 0.128676470588 0.128676470588
0 0.492647058824 0.549632352941 0.128676470588 0.128676470588
0 0.716911764706 0.553308823529 0.128676470588 0.128676470588
0 0.641544117647 0.556985294118 0.128676470588 0.128676470588
0 0.711397058824 0.597426470588 0.128676470588 0.128676470588
0 0.784926470588 0.604779411765 0.128676470588 0.128676470588
0 0.663602941176 0.612132352941 0.128676470588 0.128676470588
0 0.590073529412 0.626838235294 0.128676470588 0.128676470588
0 0.522058823529 0.634191176471 0.128676470588 0.128676470588
0 0.198529411765 0.641544117647 0.128676470588 0.128676470588
0 0.262867647059 0.669117647059 0.128676470588 0.128676470588
0 0.248161764706 0.674632352941 0.128676470588 0.128676470588
0 0.621323529412 0.694852941176 0.128676470588 0.128676470588
0 0.694852941176 0.696691176471 0.128676470588 0.128676470588
0 0.823529411765 0.704044117647 0.128676470588 0.128676470588
0 0.141544117647 0.711397058824 0.128676470588 0.128676470588
0 0.327205882353 0.711397058824 0.128676470588 0.128676470588
0 0.584558823529 0.716911764706 0.128676470588 0.128676470588
0 0.0 0.71875 0.104779411765 0.128676470588
0 0.244485294118 0.722426470588 0.128676470588 0.128676470588
0 0.766544117647 0.733455882353 0.128676470588 0.128676470588
0 0.360294117647 0.748161764706 0.128676470588 0.128676470588
0 0.722426470588 0.748161764706 0.128676470588 0.128676470588
0 0.571691176471 0.75 0.128676470588 0.128676470588
0 0.0349264705882 0.773897058824 0.128676470588 0.128676470588
0 0.283088235294 0.777573529412 0.128676470588 0.128676470588
0 0.205882352941 0.784926470588 0.128676470588 0.128676470588
0 0.784926470588 0.790441176471 0.128676470588 0.128676470588
0 0.384191176471 0.801470588235 0.128676470588 0.128676470588
0 0.435661764706 0.803308823529 0.128676470588 0.128676470588
0 0.382352941176 0.829044117647 0.128676470588 0.128676470588
0 0.0 0.834558823529 0.0680147058824 0.128676470588
0 0.321691176471 0.834558823529 0.128676470588 0.128676470588
0 0.790441176471 0.834558823529 0.128676470588 0.128676470588
0 0.474264705882 0.840073529412 0.128676470588 0.128676470588
0 0.505514705882 0.847426470588 0.128676470588 0.128676470588
0 0.852941176471 0.860294117647 0.128676470588 0.128676470588
0 0.222426470588 0.873161764706 0.128676470588 0.126838235294
0 0.435661764706 0.873161764706 0.128676470588 0.126838235294
0 0.676470588235 0.876838235294 0.128676470588 0.123161764706
0 0.181985294118 0.878676470588 0.128676470588 0.121323529412
0 0.330882352941 0.884191176471 0.128676470588 0.115808823529
0 0.106617647059 0.889705882353 0.128676470588 0.110294117647
0 0.794117647059 0.891544117647 0.128676470588 0.108455882353
0 0.547794117647 0.897058823529 0.128676470588 0.102941176471
0 0.205882352941 0.904411764706 0.128676470588 0.0955882352941
0 0.0790441176471 0.922794117647 0.128676470588 0.0772058823529
0 0.420955882353 0.922794117647 0.128676470588 0.0772058823529
0 0.273897058824 0.933823529412 0.128676470588 0.0661764705882
