0 0.871323529412 0.751838235294 0.128676470588 0.183823529412
0 0.426470588235 0.775735294118 0.183823529412 0.183823529412
0 0.715073529412 0.511029411765 0.128676470588 0.128676470588
0 0.715073529412 0.773897058824 0.128676470588 0.128676470588
0 0.209558823529 0.841911764706 0.128676470588 0.128676470588
0 0.748161764706 0.522058823529 0.128676470588 0.128676470588
0 0.876838235294 0.637867647059 0.123161764706 0.128676470588
0 0.928308823529 0.643382352941 0.0716911764706 0.128676470588
0 0.849264705882 0.654411764706 0.128676470588 0.128676470588
0 0.579044117647 0.676470588235 0.128676470588 0.128676470588
0 0.917279411765 0.6875 0.0827205882353 0.128676470588
0 0.683823529412 0.694852941176 0.128676470588 0.128676470588
0 0.810661764706 0.709558823529 0.128676470588 0.128676470588
0 0.601102941176 0.713235294118 0.128676470588 0.128676470588
0 0.509191176471 0.724264705882 0.128676470588 0.128676470588
0 0.650735294118 0.738970588235 0.128676470588 0.128676470588
0 0.862132352941 0.744485294118 0.128676470588 0.128676470588
0 0.759191176471 0.751838235294 0.128676470588 0.128676470588
0 0.617647058824 0.786764705882 0.128676470588 0.128676470588
0 0.534926470588 0.790441176471 0.128676470588 0.128676470588
0 0.663602941176 0.790441176471 0.128676470588 0.128676470588
0 0.25 0.794117647059 0.128676470588 0.128676470588
0 0.266544117647 0.795955882353 0.128676470588 0.128676470588
0 0.689338235294 0.801470588235 0.128676470588 0.128676470588
0 0.566176470588 0.8125 0.128676470588 0.128676470588
0 0.516544117647 0.823529411765 0.128676470588 0.128676470588
0 0.0 0.851102941176 0.0643382352941 0.128676470588
0 0.233455882353 0.858455882353 0.128676470588 0.128676470588
0 0.204044117647 0.860294117647 0.128676470588 0.128676470588
0 0.154411764706 0.862132352941 0.128676470588 0.128676470588
0 0.145220588235 0.891544117647 0.128676470588 0.108455882353
0 0.0569852941176 0.897058823529 0.128676470588 0.102941176471
0 0.165441176471 0.913602941176 0.128676470588 0.0863970588235
0 0.264705882353 0.930147058824 0.128676470588 0.0698529411765
