0 0.306985294118 0.0 0.147058823529 0.0772058823529
0 0.75 0.183823529412 0.147058823529 0.147058823529
0 0.422794117647 0.134191176471 0.128676470588 0.128676470588
0 0.277573529412 0.0 0.128676470588 0.0735294117647
0 0.606617647059 0.0 0.128676470588 0.110294117647
0 0.194852941176 0.0 0.128676470588 0.123161764706
0 0.501838235294 0.0643382352941 0.128676470588 0.128676470588
0 0.610294117647 0.0716911764706 0.128676470588 0.128676470588
0 0.444852941176 0.0845588235294 0.128676470588 0.128676470588
0 0.560661764706 0.147058823529 0.128676470588 0.128676470588
0 0.514705882353 0.148897058824 0.128676470588 0.128676470588
0 0.674632352941 0.205882352941 0.128676470588 0.128676470588
0 0.707720588235 0.229779411765 0.128676470588 0.128676470588
0 0.636029411765 0.237132352941 0.128676470588 0.128676470588
0 0.727941176471 0.237132352941 0.128676470588 0.128676470588
0 0.696691176471 0.257352941176 0.128676470588 0.128676470588
0 0.0 0.284926470588 0.112132352941 0.128676470588
0 0.834558823529 0.290441176471 0.128676470588 0.128676470588
0 0.625 0.319852941176 0.128676470588 0.128676470588
0 0.768382352941 0.321691176471 0.128676470588 0.128676470588
0 0.0863970588235 0.380514705882 0.128676470588 0.128676470588
