0 0.386029411765 0.21875 0.183823529412 0.183823529412
0 0.773897058824 0.636029411765 0.128676470588 0.128676470588
0 0.768382352941 0.733455882353 0.128676470588 0.128676470588
0 0.716911764706 0.735294117647 0.128676470588 0.128676470588
0 0.678308823529 0.838235294118 0.128676470588 0.128676470588
0 0.599264705882 0.911764705882 0.128676470588 0.0882352941176
0 0.740808823529 0.924632352941 0.128676470588 0.0753676470588
0 0.601102941176 0.753676470588 0.128676470588 0.128676470588
0 0.772058823529 0.777573529412 0.128676470588 0.128676470588
0 0.632352941176 0.786764705882 0.128676470588 0.128676470588
0 0.772058823529 0.823529411765 0.128676470588 0.128676470588
0 0.630514705882 0.847426470588 0.128676470588 0.128676470588
0 0.729779411765 0.862132352941 0.128676470588 0.128676470588
0 0.667279411765 0.875 0.128676470588 0.125
