0 0.8676571 0.2996424 0.1323429 0.1838135
0 0.4411865 0.0790541 0.1286665 0.1286665
0 0.5202306 0.2536865 0.1286665 0.1286665
0 0.0000100 0.3345688 0.0882253 0.1286665
0 0.0000100 0.3915541 0.1249900 0.1286665
0 0.4797894 0.4283188 0.1286665 0.1286665
0 0.4558924 0.5661865 0.1286665 0.1286665
0 0.9117747 0.8786865 0.0882253 0.1213135
0 0.5606718 0.0478041 0.1286665 0.1286665
0 0.5514806 0.0790541 0.1286665 0.1286665
0 0.5239071 0.0790541 0.1286665 0.1286665
0 0.6342012 0.1691276 0.1286665 0.1286665
0 0.0514806 0.2849365 0.1286665 0.1286665
0 0.0827306 0.3345688 0.1286665 0.1286665
0 0.0974365 0.3933924 0.1286665 0.1286665
0 0.0330982 0.3970688 0.1286665 0.1286665
0 0.2941276 0.4209659 0.1286665 0.1286665
0 0.0955982 0.4393482 0.1286665 0.1286665
0 0.2463335 0.4540541 0.1286665 0.1286665
0 0.8051571 0.7389806 0.1286665 0.1286665
0 0.9246424 0.8547894 0.0753576 0.1286665
0 0.8529512 0.9007453 0.1286665 0.0992547
