0 0.00367647058824 0.579044117647 0.147058823529 0.147058823529
0 0.345588235294 0.0 0.128676470588 0.110294117647
0 0.0863970588235 0.00919117647059 0.128676470588 0.128676470588
0 0.143382352941 0.0349264705882 0.128676470588 0.128676470588
0 0.0386029411765 0.0753676470588 0.128676470588 0.128676470588
0 0.349264705882 0.130514705882 0.128676470588 0.128676470588
0 0.799632352941 0.336397058824 0.128676470588 0.128676470588
0 0.404411764706 0.347426470588 0.128676470588 0.128676470588
0 0.288602941176 0.384191176471 0.128676470588 0.128676470588
0 0.873161764706 0.389705882353 0.126838235294 0.128676470588
0 0.428308823529 0.422794117647 0.128676470588 0.128676470588
0 0.931985294118 0.450367647059 0.0680147058824 0.128676470588
0 0.321691176471 0.553308823529 0.128676470588 0.128676470588
0 0.191176470588 0.556985294118 0.128676470588 0.128676470588
0 0.0 0.59375 0.0753676470588 0.128676470588
0 0.772058823529 0.625 0.128676470588 0.128676470588
0 0.108455882353 0.648897058824 0.128676470588 0.128676470588
0 0.751838235294 0.667279411765 0.128676470588 0.128676470588
0 0.255514705882 0.71875 0.128676470588 0.128676470588
0 0.00919117647059 0.755514705882 0.128676470588 0.128676470588
0 0.101102941176 0.757352941176 0.128676470588 0.128676470588
0 0.209558823529 0.784926470588 0.128676470588 0.128676470588
0 0.198529411765 0.810661764706 0.128676470588 0.128676470588
0 0.375 0.845588235294 0.128676470588 0.128676470588
0 0.165441176471 0.876838235294 0.128676470588 0.123161764706
0 0.0404411764706 0.895220588235 0.128676470588 0.104779411765
0 0.0 0.898897058824 0.0772058823529 0.101102941176
0 0.233455882353 0.913602941176 0.128676470588 0.0863970588235
0 0.174632352941 0.0735294117647 0.128676470588 0.128676470588
0 0.365808823529 0.34375 0.128676470588 0.128676470588
0 0.930147058824 0.384191176471 0.0698529411765 0.128676470588
0 0.384191176471 0.483455882353 0.128676470588 0.128676470588
0 0.347426470588 0.485294117647 0.128676470588 0.128676470588
0 0.665441176471 0.617647058824 0.128676470588 0.128676470588
0 0.305147058824 0.751838235294 0.128676470588 0.128676470588
0 0.0863970588235 0.797794117647 0.128676470588 0.128676470588
0 0.0 0.836397058824 0.119485294118 0.128676470588
0 0.0 0.847426470588 0.0974264705882 0.128676470588
0 0.0808823529412 0.849264705882 0.128676470588 0.128676470588
