0 0.299632352941 0.0 0.128676470588 0.101102941176
0 0.0606617647059 0.0 0.128676470588 0.102941176471
0 0.141544117647 0.170955882353 0.128676470588 0.128676470588
0 0.369485294118 0.314338235294 0.128676470588 0.128676470588
0 0.564338235294 0.341911764706 0.128676470588 0.128676470588
0 0.28125 0.365808823529 0.128676470588 0.128676470588
0 0.411764705882 0.408088235294 0.128676470588 0.128676470588
0 0.0 0.422794117647 0.128676470588 0.128676470588
0 0.196691176471 0.428308823529 0.128676470588 0.128676470588
0 0.119485294118 0.571691176471 0.128676470588 0.128676470588
0 0.808823529412 0.873161764706 0.128676470588 0.126838235294
0 0.0 0.884191176471 0.0900735294118 0.115808823529
0 0.595588235294 0.913602941176 0.128676470588 0.0863970588235
