0 0.7592012 0.5055247 0.1470488 0.1470488
0 0.1838335 0.1231718 0.1286665 0.1286665
0 0.0055247 0.1507453 0.1286665 0.1286665
0 0.2775835 0.2444953 0.1286665 0.1286665
0 0.4779512 0.4595688 0.1286665 0.1286665
0 0.5717012 0.4816276 0.1286665 0.1286665
0 0.0220688 0.4908188 0.1286665 0.1286665
0 0.4742747 0.6047894 0.1286665 0.1286665
0 0.4467012 0.7261129 0.1286665 0.1286665
0 0.2702306 0.7353041 0.1286665 0.1286665
0 0.1139806 0.7389806 0.1286665 0.1286665
0 0.3069953 0.7665541 0.1286665 0.1286665
0 0.4154512 0.7904512 0.1286665 0.1286665
0 0.1746424 0.8547894 0.1286665 0.1286665
0 0.2849365 0.2922894 0.1286665 0.1286665
0 0.2978041 0.7114071 0.1286665 0.1286665
