0 0.123161764706 0.288602941176 0.183823529412 0.183823529412
0 0.501838235294 0.0 0.128676470588 0.112132352941
0 0.575367647059 0.0147058823529 0.128676470588 0.128676470588
0 0.136029411765 0.248161764706 0.128676470588 0.128676470588
0 0.0974264705882 0.272058823529 0.128676470588 0.128676470588
0 0.573529411765 0.0 0.128676470588 0.0882352941176
0 0.608455882353 0.0 0.128676470588 0.0919117647059
0 0.908088235294 0.0 0.0919117647059 0.113970588235
0 0.457720588235 0.0 0.128676470588 0.126838235294
0 0.336397058824 0.0422794117647 0.128676470588 0.128676470588
0 0.431985294118 0.0514705882353 0.128676470588 0.128676470588
0 0.522058823529 0.0606617647059 0.128676470588 0.128676470588
0 0.375 0.0643382352941 0.128676470588 0.128676470588
0 0.411764705882 0.0643382352941 0.128676470588 0.128676470588
0 0.329044117647 0.0735294117647 0.128676470588 0.128676470588
0 0.454044117647 0.0753676470588 0.128676470588 0.128676470588
0 0.347426470588 0.0845588235294 0.128676470588 0.128676470588
0 0.409926470588 0.0974264705882 0.128676470588 0.128676470588
0 0.198529411765 0.101102941176 0.128676470588 0.128676470588
0 0.430147058824 0.110294117647 0.128676470588 0.128676470588
0 0.375 0.110294117647 0.128676470588 0.128676470588
0 0.248161764706 0.123161764706 0.128676470588 0.128676470588
0 0.200367647059 0.139705882353 0.128676470588 0.128676470588
0 0.113970588235 0.141544117647 0.128676470588 0.128676470588
0 0.134191176471 0.159926470588 0.128676470588 0.128676470588
0 0.290441176471 0.159926470588 0.128676470588 0.128676470588
0 0.0238970588235 0.172794117647 0.128676470588 0.128676470588
0 0.272058823529 0.180147058824 0.128676470588 0.128676470588
0 0.169117647059 0.193014705882 0.128676470588 0.128676470588
0 0.229779411765 0.198529411765 0.128676470588 0.128676470588
0 0.0 0.21875 0.113970588235 0.128676470588
0 0.272058823529 0.244485294118 0.128676470588 0.128676470588
0 0.0 0.259191176471 0.0992647058824 0.128676470588
0 0.205882352941 0.277573529412 0.128676470588 0.128676470588
0 0.0441176470588 0.286764705882 0.128676470588 0.128676470588
