0 0.792279411765 0.0367647058824 0.183823529412 0.183823529412
0 0.198529411765 0.580882352941 0.183823529412 0.183823529412
0 0.759191176471 0.0753676470588 0.128676470588 0.128676470588
0 0.900735294118 0.141544117647 0.0992647058824 0.128676470588
0 0.779411764706 0.154411764706 0.128676470588 0.128676470588
0 0.625 0.176470588235 0.128676470588 0.128676470588
0 0.545955882353 0.235294117647 0.128676470588 0.128676470588
0 0.909926470588 0.244485294118 0.0900735294118 0.128676470588
0 0.924632352941 0.310661764706 0.0753676470588 0.128676470588
0 0.930147058824 0.360294117647 0.0698529411765 0.128676470588
0 0.740808823529 0.134191176471 0.128676470588 0.128676470588
0 0.860294117647 0.185661764706 0.128676470588 0.128676470588
0 0.922794117647 0.198529411765 0.0772058823529 0.128676470588
0 0.571691176471 0.200367647059 0.128676470588 0.128676470588
0 0.794117647059 0.220588235294 0.128676470588 0.128676470588
0 0.834558823529 0.318014705882 0.128676470588 0.128676470588
0 0.886029411765 0.358455882353 0.113970588235 0.128676470588
