0 0.887867647059 0.477941176471 0.112132352941 0.128676470588
0 0.931985294118 0.518382352941 0.0680147058824 0.128676470588
0 0.876838235294 0.542279411765 0.123161764706 0.128676470588
0 0.834558823529 0.566176470588 0.128676470588 0.128676470588
0 0.788602941176 0.612132352941 0.128676470588 0.128676470588
0 0.829044117647 0.623161764706 0.128676470588 0.128676470588
0 0.887867647059 0.623161764706 0.112132352941 0.128676470588
0 0.886029411765 0.681985294118 0.113970588235 0.128676470588
0 0.840073529412 0.727941176471 0.128676470588 0.128676470588
0 0.847426470588 0.419117647059 0.128676470588 0.128676470588
0 0.924632352941 0.571691176471 0.0753676470588 0.128676470588
0 0.810661764706 0.577205882353 0.128676470588 0.128676470588
0 0.917279411765 0.595588235294 0.0827205882353 0.128676470588
0 0.858455882353 0.674632352941 0.128676470588 0.128676470588
