0 0.347426470588 0.389705882353 0.183823529412 0.183823529412
0 0.332720588235 0.163602941176 0.147058823529 0.147058823529
0 0.246323529412 0.277573529412 0.147058823529 0.147058823529
0 0.389705882353 0.336397058824 0.147058823529 0.147058823529
0 0.253676470588 0.365808823529 0.147058823529 0.147058823529
0 0.351102941176 0.273897058824 0.128676470588 0.128676470588
0 0.275735294118 0.314338235294 0.128676470588 0.128676470588
0 0.290441176471 0.330882352941 0.128676470588 0.128676470588
0 0.238970588235 0.428308823529 0.128676470588 0.128676470588
0 0.248161764706 0.46875 0.128676470588 0.128676470588
0 0.470588235294 0.553308823529 0.128676470588 0.128676470588
0 0.356617647059 0.577205882353 0.128676470588 0.128676470588
0 0.409926470588 0.580882352941 0.128676470588 0.128676470588
0 0.0606617647059 0.759191176471 0.128676470588 0.128676470588
0 0.288602941176 0.200367647059 0.128676470588 0.128676470588
0 0.316176470588 0.560661764706 0.128676470588 0.128676470588
