0 0.354779411765 0.305147058824 0.128676470588 0.128676470588
0 0.382352941176 0.3125 0.128676470588 0.128676470588
0 0.450367647059 0.327205882353 0.128676470588 0.128676470588
0 0.391544117647 0.380514705882 0.128676470588 0.128676470588
0 0.441176470588 0.409926470588 0.128676470588 0.128676470588
0 0.0588235294118 0.420955882353 0.128676470588 0.128676470588
0 0.205882352941 0.422794117647 0.128676470588 0.128676470588
0 0.268382352941 0.428308823529 0.128676470588 0.128676470588
0 0.443014705882 0.448529411765 0.128676470588 0.128676470588
0 0.233455882353 0.457720588235 0.128676470588 0.128676470588
