0 0.748161764706 0.863970588235 0.147058823529 0.136029411765
0 0.873161764706 0.71875 0.126838235294 0.128676470588
0 0.821691176471 0.814338235294 0.128676470588 0.128676470588
0 0.854779411765 0.834558823529 0.128676470588 0.128676470588
0 0.696691176471 0.847426470588 0.128676470588 0.128676470588
0 0.897058823529 0.873161764706 0.102941176471 0.126838235294
0 0.676470588235 0.880514705882 0.128676470588 0.119485294118
0 0.933823529412 0.887867647059 0.0661764705882 0.112132352941
0 0.893382352941 0.90625 0.106617647059 0.09375
0 0.632352941176 0.917279411765 0.128676470588 0.0827205882353
