0 0.4393482 0.0386129 0.1838135 0.1838135
0 0.0000100 0.1470688 0.1525635 0.1838135
0 0.3198629 0.2058924 0.1838135 0.1838135
0 0.4889806 0.5514806 0.1838135 0.1838135
0 0.7187600 0.9136129 0.1470488 0.0863871
0 0.6709659 0.0992747 0.1286665 0.1286665
0 0.7169218 0.2261129 0.1286665 0.1286665
0 0.8382453 0.4485394 0.1286665 0.1286665
0 0.7628776 0.4687600 0.1286665 0.1286665
0 0.2261129 0.4981718 0.1286665 0.1286665
0 0.3603041 0.5257453 0.1286665 0.1286665
0 0.5937600 0.5533188 0.1286665 0.1286665
0 0.0661865 0.5606718 0.1286665 0.1286665
0 0.1378776 0.5845688 0.1286665 0.1286665
0 0.8033188 0.6342012 0.1286665 0.1286665
0 0.8933924 0.6470688 0.1066076 0.1286665
0 0.4926571 0.7040541 0.1286665 0.1286665
0 0.7058924 0.7334659 0.1286665 0.1286665
0 0.4283188 0.7794218 0.1286665 0.1286665
0 0.7683924 0.7775835 0.1286665 0.1286665
0 0.5220688 0.8345688 0.1286665 0.1286665
0 0.7665541 0.3584659 0.1286665 0.1286665
