0 0.0919218 0.5992747 0.1286665 0.1286665
0 0.7647159 0.6580982 0.1286665 0.1286665
0 0.5735394 0.8069953 0.1286665 0.1286665
0 0.2610394 0.9025835 0.1286665 0.0974165
0 0.0625100 0.5698629 0.1286665 0.1286665
0 0.6250100 0.6433924 0.1286665 0.1286665
0 0.5000100 0.6764806 0.1286665 0.1286665
0 0.7683924 0.6801571 0.1286665 0.1286665
0 0.5680247 0.7702306 0.1286665 0.1286665
0 0.4062600 0.8180247 0.1286665 0.1286665
0 0.7610394 0.8308924 0.1286665 0.1286665
0 0.7426571 0.8694953 0.1286665 0.1286665
0 0.4742747 0.8860394 0.1286665 0.1139606
0 0.3915541 0.9044218 0.1286665 0.0955782
