0 0.34375 0.119485294118 0.183823529412 0.183823529412
0 0.470588235294 0.544117647059 0.183823529412 0.183823529412
0 0.227941176471 0.840073529412 0.183823529412 0.159926470588
0 0.707720588235 0.0349264705882 0.147058823529 0.147058823529
0 0.632352941176 0.0 0.128676470588 0.0698529411765
0 0.742647058824 0.0 0.128676470588 0.0974264705882
0 0.455882352941 0.0 0.128676470588 0.115808823529
0 0.604779411765 0.0 0.128676470588 0.117647058824
0 0.613970588235 0.0183823529412 0.128676470588 0.128676470588
0 0.862132352941 0.0753676470588 0.128676470588 0.128676470588
0 0.821691176471 0.113970588235 0.128676470588 0.128676470588
0 0.882352941176 0.115808823529 0.117647058824 0.128676470588
0 0.744485294118 0.136029411765 0.128676470588 0.128676470588
0 0.869485294118 0.139705882353 0.128676470588 0.128676470588
0 0.829044117647 0.152573529412 0.128676470588 0.128676470588
0 0.711397058824 0.226102941176 0.128676470588 0.128676470588
0 0.786764705882 0.310661764706 0.128676470588 0.128676470588
0 0.810661764706 0.367647058824 0.128676470588 0.128676470588
0 0.402573529412 0.533088235294 0.128676470588 0.128676470588
0 0.779411764706 0.0 0.128676470588 0.108455882353
0 0.863970588235 0.00919117647059 0.128676470588 0.128676470588
0 0.623161764706 0.0625 0.128676470588 0.128676470588
0 0.59375 0.115808823529 0.128676470588 0.128676470588
0 0.8125 0.21875 0.128676470588 0.128676470588
0 0.409926470588 0.678308823529 0.128676470588 0.128676470588
