0 0.768382352941 0.672794117647 0.147058823529 0.147058823529
0 0.645220588235 0.75 0.147058823529 0.147058823529
0 0.538602941176 0.772058823529 0.147058823529 0.147058823529
0 0.448529411765 0.805147058824 0.147058823529 0.147058823529
0 0.613970588235 0.834558823529 0.147058823529 0.147058823529
0 0.726102941176 0.654411764706 0.128676470588 0.128676470588
0 0.566176470588 0.742647058824 0.128676470588 0.128676470588
0 0.610294117647 0.768382352941 0.128676470588 0.128676470588
0 0.584558823529 0.783088235294 0.128676470588 0.128676470588
0 0.597426470588 0.803308823529 0.128676470588 0.128676470588
0 0.623161764706 0.819852941176 0.128676470588 0.128676470588
0 0.897058823529 0.821691176471 0.102941176471 0.128676470588
0 0.564338235294 0.832720588235 0.128676470588 0.128676470588
0 0.681985294118 0.832720588235 0.128676470588 0.128676470588
0 0.485294117647 0.841911764706 0.128676470588 0.128676470588
0 0.514705882353 0.845588235294 0.128676470588 0.128676470588
0 0.544117647059 0.845588235294 0.128676470588 0.128676470588
0 0.590073529412 0.869485294118 0.128676470588 0.128676470588
0 0.485294117647 0.873161764706 0.128676470588 0.126838235294
0 0.534926470588 0.878676470588 0.128676470588 0.121323529412
0 0.569852941176 0.886029411765 0.128676470588 0.113970588235
0 0.509191176471 0.897058823529 0.128676470588 0.102941176471
0 0.652573529412 0.926470588235 0.128676470588 0.0735294117647
0 0.556985294118 0.930147058824 0.128676470588 0.0698529411765
