0 0.424632352941 0.0 0.128676470588 0.0900735294118
0 0.555147058824 0.0 0.128676470588 0.0974264705882
0 0.689338235294 0.0 0.128676470588 0.104779411765
0 0.661764705882 0.0386029411765 0.128676470588 0.128676470588
0 0.834558823529 0.0845588235294 0.128676470588 0.128676470588
0 0.792279411765 0.108455882353 0.128676470588 0.128676470588
0 0.602941176471 0.0 0.128676470588 0.0919117647059
0 0.512867647059 0.0 0.128676470588 0.113970588235
0 0.584558823529 0.0183823529412 0.128676470588 0.128676470588
0 0.547794117647 0.0294117647059 0.128676470588 0.128676470588
0 0.474264705882 0.0441176470588 0.128676470588 0.128676470588
0 0.590073529412 0.0698529411765 0.128676470588 0.128676470588
0 0.549632352941 0.0827205882353 0.128676470588 0.128676470588
0 0.641544117647 0.0827205882353 0.128676470588 0.128676470588
0 0.610294117647 0.0863970588235 0.128676470588 0.128676470588
0 0.746323529412 0.137867647059 0.128676470588 0.128676470588
0 0.0900735294118 0.170955882353 0.128676470588 0.128676470588
