0 0.286764705882 0.492647058824 0.183823529412 0.183823529412
0 0.0790441176471 0.332720588235 0.128676470588 0.128676470588
0 0.665441176471 0.476102941176 0.128676470588 0.128676470588
0 0.420955882353 0.551470588235 0.128676470588 0.128676470588
0 0.0625 0.588235294118 0.128676470588 0.128676470588
0 0.724264705882 0.713235294118 0.128676470588 0.128676470588
0 0.847426470588 0.733455882353 0.128676470588 0.128676470588
0 0.409926470588 0.75 0.128676470588 0.128676470588
0 0.705882352941 0.797794117647 0.128676470588 0.128676470588
0 0.288602941176 0.847426470588 0.128676470588 0.128676470588
0 0.0294117647059 0.889705882353 0.128676470588 0.110294117647
