0 0.0955882352941 0.270220588235 0.183823529412 0.183823529412
0 0.0 0.413602941176 0.163602941176 0.183823529412
0 0.213235294118 0.448529411765 0.183823529412 0.183823529412
0 0.488970588235 0.847426470588 0.183823529412 0.152573529412
0 0.0661764705882 0.189338235294 0.128676470588 0.128676470588
0 0.571691176471 0.334558823529 0.128676470588 0.128676470588
0 0.292279411765 0.411764705882 0.128676470588 0.128676470588
0 0.797794117647 0.420955882353 0.128676470588 0.128676470588
0 0.457720588235 0.522058823529 0.128676470588 0.128676470588
0 0.261029411765 0.564338235294 0.128676470588 0.128676470588
0 0.327205882353 0.634191176471 0.128676470588 0.128676470588
0 0.169117647059 0.641544117647 0.128676470588 0.128676470588
0 0.00551470588235 0.707720588235 0.128676470588 0.128676470588
0 0.134191176471 0.764705882353 0.128676470588 0.128676470588
0 0.378676470588 0.806985294118 0.128676470588 0.128676470588
0 0.310661764706 0.0661764705882 0.128676470588 0.128676470588
0 0.360294117647 0.139705882353 0.128676470588 0.128676470588
