0 0.5790541 0.0900835 0.1838135 0.1838135
0 0.2592012 0.0000100 0.1286665 0.0753576
0 0.2904512 0.0000100 0.1286665 0.1139606
0 0.2003776 0.1176571 0.1286665 0.1286665
0 0.7371424 0.1433924 0.1286665 0.1286665
0 0.2720688 0.1507453 0.1286665 0.1286665
0 0.7334659 0.2150835 0.1286665 0.1286665
0 0.6856718 0.2187600 0.1286665 0.1286665
0 0.8511129 0.2481718 0.1286665 0.1286665
0 0.2849365 0.2628776 0.1286665 0.1286665
0 0.6856718 0.2867747 0.1286665 0.1286665
0 0.8566276 0.3272159 0.1286665 0.1286665
0 0.5753776 0.3768482 0.1286665 0.1286665
0 0.4117747 0.3952306 0.1286665 0.1286665
0 0.8106718 0.3933924 0.1286665 0.1286665
0 0.5661865 0.4117747 0.1286665 0.1286665
0 0.4136129 0.4485394 0.1286665 0.1286665
0 0.7647159 0.9191276 0.1286665 0.0808724
0 0.7647159 0.0000100 0.1286665 0.0992547
0 0.2794218 0.0569953 0.1286665 0.1286665
0 0.7444953 0.1121424 0.1286665 0.1286665
0 0.3180247 0.1397159 0.1286665 0.1286665
0 0.5349365 0.1433924 0.1286665 0.1286665
0 0.7481718 0.3033188 0.1286665 0.1286665
0 0.7573629 0.4080982 0.1286665 0.1286665
0 0.3290541 0.4375100 0.1286665 0.1286665
0 0.3492747 0.4705982 0.1286665 0.1286665
0 0.5220688 0.4724365 0.1286665 0.1286665
