0 0.0 0.696691176471 0.15625 0.183823529412
0 0.222426470588 0.487132352941 0.128676470588 0.128676470588
0 0.170955882353 0.516544117647 0.128676470588 0.128676470588
0 0.358455882353 0.847426470588 0.128676470588 0.128676470588
0 0.352941176471 0.897058823529 0.128676470588 0.102941176471
0 0.00183823529412 0.5 0.128676470588 0.128676470588
0 0.115808823529 0.501838235294 0.128676470588 0.128676470588
0 0.125 0.566176470588 0.128676470588 0.128676470588
0 0.262867647059 0.571691176471 0.128676470588 0.128676470588
0 0.209558823529 0.575367647059 0.128676470588 0.128676470588
0 0.34375 0.726102941176 0.128676470588 0.128676470588
0 0.373161764706 0.729779411765 0.128676470588 0.128676470588
0 0.371323529412 0.75 0.128676470588 0.128676470588
0 0.415441176471 0.786764705882 0.128676470588 0.128676470588
0 0.488970588235 0.786764705882 0.128676470588 0.128676470588
0 0.542279411765 0.818014705882 0.128676470588 0.128676470588
0 0.498161764706 0.863970588235 0.128676470588 0.128676470588
0 0.496323529412 0.897058823529 0.128676470588 0.102941176471
0 0.422794117647 0.902573529412 0.128676470588 0.0974264705882
0 0.40625 0.922794117647 0.128676470588 0.0772058823529
0 0.474264705882 0.922794117647 0.128676470588 0.0772058823529
