0 0.8603041 0.2114071 0.1286665 0.1286665
0 0.8842012 0.2353041 0.1157988 0.1286665
0 0.8639806 0.2702306 0.1286665 0.1286665
0 0.6691276 0.2996424 0.1286665 0.1286665
0 0.2353041 0.3253776 0.1286665 0.1286665
0 0.8989071 0.3327306 0.1010929 0.1286665
0 0.2996424 0.3364071 0.1286665 0.1286665
0 0.4209659 0.3842012 0.1286665 0.1286665
0 0.3161865 0.3878776 0.1286665 0.1286665
0 0.2518482 0.3933924 0.1286665 0.1286665
0 0.4228041 0.4338335 0.1286665 0.1286665
0 0.6470688 0.4338335 0.1286665 0.1286665
0 0.6967012 0.4779512 0.1286665 0.1286665
0 0.2371424 0.3547894 0.1286665 0.1286665
