0 0.0147058823529 0.652573529412 0.183823529412 0.183823529412
0 0.297794117647 0.417279411765 0.128676470588 0.128676470588
0 0.34375 0.507352941176 0.128676470588 0.128676470588
0 0.487132352941 0.514705882353 0.128676470588 0.128676470588
0 0.534926470588 0.569852941176 0.128676470588 0.128676470588
0 0.466911764706 0.626838235294 0.128676470588 0.128676470588
0 0.378676470588 0.628676470588 0.128676470588 0.128676470588
0 0.523897058824 0.647058823529 0.128676470588 0.128676470588
0 0.0588235294118 0.75 0.128676470588 0.128676470588
0 0.0404411764706 0.840073529412 0.128676470588 0.128676470588
0 0.446691176471 0.509191176471 0.128676470588 0.128676470588
0 0.470588235294 0.577205882353 0.128676470588 0.128676470588
0 0.108455882353 0.794117647059 0.128676470588 0.128676470588
