0 0.400735294118 0.0 0.183823529412 0.169117647059
0 0.279411764706 0.0 0.128676470588 0.0643382352941
0 0.141544117647 0.0955882352941 0.128676470588 0.128676470588
0 0.676470588235 0.117647058824 0.128676470588 0.128676470588
0 0.788602941176 0.123161764706 0.128676470588 0.128676470588
0 0.28125 0.134191176471 0.128676470588 0.128676470588
0 0.726102941176 0.176470588235 0.128676470588 0.128676470588
0 0.306985294118 0.255514705882 0.128676470588 0.128676470588
0 0.455882352941 0.367647058824 0.128676470588 0.128676470588
0 0.696691176471 0.704044117647 0.128676470588 0.128676470588
0 0.790441176471 0.8125 0.128676470588 0.128676470588
