0 0.104779411765 0.0 0.128676470588 0.0753676470588
0 0.235294117647 0.0533088235294 0.128676470588 0.128676470588
0 0.0 0.119485294118 0.112132352941 0.128676470588
0 0.0992647058824 0.205882352941 0.128676470588 0.128676470588
0 0.0 0.222426470588 0.121323529412 0.128676470588
0 0.0349264705882 0.303308823529 0.128676470588 0.128676470588
0 0.143382352941 0.327205882353 0.128676470588 0.128676470588
0 0.00735294117647 0.389705882353 0.128676470588 0.128676470588
0 0.220588235294 0.411764705882 0.128676470588 0.128676470588
0 0.147058823529 0.454044117647 0.128676470588 0.128676470588
0 0.0 0.511029411765 0.0808823529412 0.128676470588
0 0.0808823529412 0.613970588235 0.128676470588 0.128676470588
0 0.237132352941 0.659926470588 0.128676470588 0.128676470588
0 0.108455882353 0.726102941176 0.128676470588 0.128676470588
