0 0.0000100 0.6139806 0.1176371 0.1286665
0 0.1691276 0.6213335 0.1286665 0.1286665
0 0.0000100 0.6489071 0.0661665 0.1286665
0 0.3474365 0.6691276 0.1286665 0.1286665
0 0.1066276 0.6985394 0.1286665 0.1286665
0 0.0000100 0.7316276 0.1268282 0.1286665
0 0.2132453 0.8143482 0.1286665 0.1286665
0 0.1415541 0.8364071 0.1286665 0.1286665
0 0.0478041 0.8639806 0.1286665 0.1286665
0 0.3235394 0.8805247 0.1286665 0.1194753
0 0.2573629 0.9062600 0.1286665 0.0937400
0 0.3161865 0.6029512 0.1286665 0.1286665
0 0.0000100 0.9338335 0.0698429 0.0661665
