0 0.2463335 0.0000100 0.1838135 0.1139606
0 0.3842012 0.6948629 0.1838135 0.1838135
0 0.0000100 0.0239071 0.1360194 0.1470488
0 0.4595688 0.0625100 0.1470488 0.1470488
0 0.5128776 0.2242747 0.1470488 0.1470488
0 0.5294218 0.0000100 0.1286665 0.0716812
0 0.6029512 0.0000100 0.1286665 0.0900635
0 0.4117747 0.0000100 0.1286665 0.0974165
0 0.4154512 0.0753776 0.1286665 0.1286665
0 0.7683924 0.0937600 0.1286665 0.1286665
0 0.6452306 0.1066276 0.1286665 0.1286665
0 0.3989071 0.1378776 0.1286665 0.1286665
0 0.4558924 0.1489071 0.1286665 0.1286665
0 0.7242747 0.1875100 0.1286665 0.1286665
0 0.5845688 0.2003776 0.1286665 0.1286665
0 0.2757453 0.2959659 0.1286665 0.1286665
0 0.7022159 0.3088335 0.1286665 0.1286665
0 0.4191276 0.3492747 0.1286665 0.1286665
0 0.4963335 0.3952306 0.1286665 0.1286665
0 0.6139806 0.4080982 0.1286665 0.1286665
0 0.5698629 0.4264806 0.1286665 0.1286665
0 0.1985394 0.6250100 0.1286665 0.1286665
0 0.2022159 0.6746424 0.1286665 0.1286665
0 0.5128776 0.4448629 0.1286665 0.1286665
