0 0.334558823529 0.0 0.183823529412 0.0919117647059
0 0.200367647059 0.0238970588235 0.147058823529 0.147058823529
0 0.277573529412 0.0 0.128676470588 0.125
0 0.363970588235 0.0588235294118 0.128676470588 0.128676470588
0 0.4375 0.0992647058824 0.128676470588 0.128676470588
0 0.450367647059 0.165441176471 0.128676470588 0.128676470588
0 0.356617647059 0.224264705882 0.128676470588 0.128676470588
0 0.329044117647 0.284926470588 0.128676470588 0.128676470588
0 0.174632352941 0.0 0.128676470588 0.119485294118
0 0.380514705882 0.148897058824 0.128676470588 0.128676470588
