0 0.6728041 0.6819953 0.1838135 0.1838135
0 0.4062600 0.1636129 0.1470488 0.1470488
0 0.2095688 0.2849365 0.1470488 0.1470488
0 0.3290541 0.3511129 0.1470488 0.1470488
0 0.4301571 0.4393482 0.1470488 0.1470488
0 0.3125100 0.2444953 0.1286665 0.1286665
0 0.4908188 0.2794218 0.1286665 0.1286665
0 0.1470688 0.4522159 0.1286665 0.1286665
0 0.1654512 0.4834659 0.1286665 0.1286665
0 0.5625100 0.5349365 0.1286665 0.1286665
0 0.1580982 0.6323629 0.1286665 0.1286665
0 0.6562600 0.6617747 0.1286665 0.1286665
0 0.2830982 0.6709659 0.1286665 0.1286665
0 0.7573629 0.6875100 0.1286665 0.1286665
0 0.2812600 0.8492747 0.1286665 0.1286665
0 0.4393482 0.9209659 0.1286665 0.0790341
0 0.3658188 0.9301571 0.1286665 0.0698429
0 0.2739071 0.1433924 0.1286665 0.1286665
0 0.3713335 0.1599365 0.1286665 0.1286665
0 0.5294218 0.2610394 0.1286665 0.1286665
0 0.2003776 0.2628776 0.1286665 0.1286665
0 0.3272159 0.3290541 0.1286665 0.1286665
0 0.7426571 0.6507453 0.1286665 0.1286665
0 0.1746424 0.6654512 0.1286665 0.1286665
0 0.7978041 0.6856718 0.1286665 0.1286665
0 0.2683924 0.8235394 0.1286665 0.1286665
0 0.3455982 0.9172894 0.1286665 0.0827106
