0 0.0312600 0.3842012 0.1286665 0.1286665
0 0.2500100 0.4044218 0.1286665 0.1286665
0 0.4669218 0.4650835 0.1286665 0.1286665
0 0.4375100 0.4724365 0.1286665 0.1286665
0 0.3731718 0.6580982 0.1286665 0.1286665
0 0.0698629 0.7481718 0.1286665 0.1286665
0 0.7205982 0.7830982 0.1286665 0.1286665
0 0.4650835 0.7941276 0.1286665 0.1286665
0 0.3897159 0.8217012 0.1286665 0.1286665
0 0.2187600 0.8345688 0.1286665 0.1286665
0 0.5496424 0.8364071 0.1286665 0.1286665
0 0.6856718 0.8676571 0.1286665 0.1286665
0 0.4467012 0.8860394 0.1286665 0.1139606
0 0.7978041 0.8878776 0.1286665 0.1121224
0 0.2922894 0.8051571 0.1286665 0.1286665
0 0.5404512 0.9154512 0.1286665 0.0845488
