0 0.305147058824 0.744485294118 0.183823529412 0.183823529412
0 0.115808823529 0.0 0.128676470588 0.0845588235294
0 0.123161764706 0.0661764705882 0.128676470588 0.128676470588
0 0.0992647058824 0.165441176471 0.128676470588 0.128676470588
0 0.639705882353 0.338235294118 0.128676470588 0.128676470588
0 0.268382352941 0.371323529412 0.128676470588 0.128676470588
0 0.382352941176 0.376838235294 0.128676470588 0.128676470588
0 0.0790441176471 0.448529411765 0.128676470588 0.128676470588
0 0.189338235294 0.520220588235 0.128676470588 0.128676470588
0 0.547794117647 0.534926470588 0.128676470588 0.128676470588
0 0.0735294117647 0.553308823529 0.128676470588 0.128676470588
0 0.205882352941 0.597426470588 0.128676470588 0.128676470588
0 0.615808823529 0.628676470588 0.128676470588 0.128676470588
0 0.0459558823529 0.650735294118 0.128676470588 0.128676470588
0 0.147058823529 0.676470588235 0.128676470588 0.128676470588
0 0.705882352941 0.676470588235 0.128676470588 0.128676470588
0 0.167279411765 0.102941176471 0.128676470588 0.128676470588
0 0.231617647059 0.193014705882 0.128676470588 0.128676470588
0 0.345588235294 0.211397058824 0.128676470588 0.128676470588
0 0.284926470588 0.242647058824 0.128676470588 0.128676470588
0 0.580882352941 0.536764705882 0.128676470588 0.128676470588
