0 0.509191176471 0.0533088235294 0.183823529412 0.183823529412
0 0.189338235294 0.231617647059 0.183823529412 0.183823529412
0 0.702205882353 0.113970588235 0.128676470588 0.128676470588
0 0.913602941176 0.233455882353 0.0863970588235 0.128676470588
0 0.444852941176 0.238970588235 0.128676470588 0.128676470588
0 0.476102941176 0.329044117647 0.128676470588 0.128676470588
0 0.597426470588 0.345588235294 0.128676470588 0.128676470588
0 0.415441176471 0.373161764706 0.128676470588 0.128676470588
0 0.630514705882 0.444852941176 0.128676470588 0.128676470588
0 0.53125 0.492647058824 0.128676470588 0.128676470588
0 0.560661764706 0.522058823529 0.128676470588 0.128676470588
0 0.520220588235 0.545955882353 0.128676470588 0.128676470588
0 0.808823529412 0.551470588235 0.128676470588 0.128676470588
0 0.665441176471 0.588235294118 0.128676470588 0.128676470588
0 0.806985294118 0.658088235294 0.128676470588 0.128676470588
0 0.540441176471 0.722426470588 0.128676470588 0.128676470588
0 0.700367647059 0.852941176471 0.128676470588 0.128676470588
0 0.8125 0.746323529412 0.128676470588 0.128676470588
0 0.834558823529 0.761029411765 0.128676470588 0.128676470588
0 0.860294117647 0.772058823529 0.128676470588 0.128676470588
