0 0.4981718 0.0000100 0.1838135 0.1249900
0 0.0000100 0.1103041 0.1231518 0.1838135
0 0.1544218 0.1342012 0.1838135 0.1838135
0 0.0753776 0.3217012 0.1838135 0.1838135
0 0.5312600 0.4908188 0.1838135 0.1838135
0 0.2187600 0.5808924 0.1470488 0.1470488
0 0.2739071 0.0000100 0.1286665 0.0790341
0 0.8492747 0.0000100 0.1286665 0.0974165
0 0.7371424 0.0000100 0.1286665 0.0992547
0 0.2371424 0.0496424 0.1286665 0.1286665
0 0.7297894 0.0882453 0.1286665 0.1286665
0 0.8750100 0.1066276 0.1249900 0.1286665
0 0.4705982 0.2205982 0.1286665 0.1286665
0 0.9172894 0.2297894 0.0827106 0.1286665
0 0.8235394 0.3106718 0.1286665 0.1286665
0 0.6911865 0.3382453 0.1286665 0.1286665
0 0.8584659 0.4522159 0.1286665 0.1286665
0 0.8088335 0.6470688 0.1286665 0.1286665
0 0.7573629 0.7959659 0.1286665 0.1286665
0 0.3731718 0.0220688 0.1286665 0.1286665
0 0.7849365 0.1213335 0.1286665 0.1286665
0 0.7463335 0.2610394 0.1286665 0.1286665
