0 0.731617647059 0.0 0.128676470588 0.0882352941176
0 0.792279411765 0.0441176470588 0.128676470588 0.128676470588
0 0.746323529412 0.0606617647059 0.128676470588 0.128676470588
0 0.709558823529 0.0680147058824 0.128676470588 0.128676470588
0 0.884191176471 0.163602941176 0.115808823529 0.128676470588
0 0.786764705882 0.180147058824 0.128676470588 0.128676470588
0 0.878676470588 0.273897058824 0.121323529412 0.128676470588
0 0.46875 0.391544117647 0.128676470588 0.128676470588
0 0.417279411765 0.452205882353 0.128676470588 0.128676470588
0 0.685661764706 0.279411764706 0.128676470588 0.128676470588
0 0.435661764706 0.283088235294 0.128676470588 0.128676470588
0 0.522058823529 0.284926470588 0.128676470588 0.128676470588
0 0.511029411765 0.365808823529 0.128676470588 0.128676470588
0 0.518382352941 0.803308823529 0.128676470588 0.128676470588
0 0.895220588235 0.806985294118 0.104779411765 0.128676470588
