0 0.8198629 0.1433924 0.1286665 0.1286665
0 0.1911865 0.3584659 0.1286665 0.1286665
0 0.0514806 0.3897159 0.1286665 0.1286665
0 0.5974365 0.4007453 0.1286665 0.1286665
0 0.3235394 0.5404512 0.1286665 0.1286665
0 0.1268482 0.5569953 0.1286665 0.1286665
0 0.0000100 0.5735394 0.1139606 0.1286665
0 0.0000100 0.6213335 0.0974165 0.1286665
0 0.0000100 0.6525835 0.0680047 0.1286665
0 0.0000100 0.8161865 0.0661665 0.1286665
0 0.6011129 0.0478041 0.1286665 0.1286665
0 0.7114071 0.0772159 0.1286665 0.1286665
0 0.6691276 0.1819953 0.1286665 0.1286665
0 0.6305247 0.2334659 0.1286665 0.1286665
0 0.6231718 0.3051571 0.1286665 0.1286665
0 0.7077306 0.3566276 0.1286665 0.1286665
0 0.0000100 0.3933924 0.1102841 0.1286665
0 0.8786865 0.4099365 0.1213135 0.1286665
0 0.4393482 0.5055247 0.1286665 0.1286665
0 0.5845688 0.5294218 0.1286665 0.1286665
