0 0.580882352941 0.897058823529 0.147058823529 0.102941176471
0 0.865808823529 0.643382352941 0.128676470588 0.128676470588
0 0.663602941176 0.665441176471 0.128676470588 0.128676470588
0 0.681985294118 0.748161764706 0.128676470588 0.128676470588
0 0.779411764706 0.764705882353 0.128676470588 0.128676470588
0 0.904411764706 0.790441176471 0.0955882352941 0.128676470588
0 0.702205882353 0.797794117647 0.128676470588 0.128676470588
0 0.669117647059 0.821691176471 0.128676470588 0.128676470588
0 0.737132352941 0.847426470588 0.128676470588 0.128676470588
0 0.652573529412 0.873161764706 0.128676470588 0.126838235294
0 0.821691176471 0.898897058824 0.128676470588 0.101102941176
0 0.488970588235 0.922794117647 0.128676470588 0.0772058823529
0 0.928308823529 0.639705882353 0.0716911764706 0.128676470588
0 0.748161764706 0.658088235294 0.128676470588 0.128676470588
0 0.783088235294 0.667279411765 0.128676470588 0.128676470588
0 0.869485294118 0.672794117647 0.128676470588 0.128676470588
0 0.803308823529 0.674632352941 0.128676470588 0.128676470588
0 0.825367647059 0.693014705882 0.128676470588 0.128676470588
0 0.931985294118 0.707720588235 0.0680147058824 0.128676470588
0 0.841911764706 0.711397058824 0.128676470588 0.128676470588
0 0.733455882353 0.722426470588 0.128676470588 0.128676470588
0 0.766544117647 0.722426470588 0.128676470588 0.128676470588
0 0.700367647059 0.727941176471 0.128676470588 0.128676470588
0 0.615808823529 0.784926470588 0.128676470588 0.128676470588
0 0.590073529412 0.841911764706 0.128676470588 0.128676470588
0 0.805147058824 0.841911764706 0.128676470588 0.128676470588
0 0.78125 0.860294117647 0.128676470588 0.128676470588
0 0.852941176471 0.878676470588 0.128676470588 0.121323529412
0 0.503676470588 0.884191176471 0.128676470588 0.115808823529
0 0.544117647059 0.908088235294 0.128676470588 0.0919117647059
0 0.709558823529 0.909926470588 0.128676470588 0.0900735294118
0 0.733455882353 0.917279411765 0.128676470588 0.0827205882353
0 0.854779411765 0.917279411765 0.128676470588 0.0827205882353
0 0.637867647059 0.920955882353 0.128676470588 0.0790441176471
