0 0.178308823529 0.0992647058824 0.128676470588 0.128676470588
0 0.292279411765 0.279411764706 0.128676470588 0.128676470588
0 0.113970588235 0.354779411765 0.128676470588 0.128676470588
0 0.340073529412 0.588235294118 0.128676470588 0.128676470588
0 0.362132352941 0.645220588235 0.128676470588 0.128676470588
0 0.152573529412 0.136029411765 0.128676470588 0.128676470588
0 0.323529411765 0.270220588235 0.128676470588 0.128676470588
0 0.354779411765 0.501838235294 0.128676470588 0.128676470588
0 0.253676470588 0.53125 0.128676470588 0.128676470588
0 0.191176470588 0.568014705882 0.128676470588 0.128676470588
0 0.321691176471 0.674632352941 0.128676470588 0.128676470588
0 0.336397058824 0.740808823529 0.128676470588 0.128676470588
