0 0.358455882353 0.375 0.183823529412 0.183823529412
0 0.869485294118 0.674632352941 0.130514705882 0.183823529412
0 0.273897058824 0.272058823529 0.128676470588 0.128676470588
0 0.338235294118 0.332720588235 0.128676470588 0.128676470588
0 0.689338235294 0.481617647059 0.128676470588 0.128676470588
0 0.505514705882 0.520220588235 0.128676470588 0.128676470588
0 0.439338235294 0.53125 0.128676470588 0.128676470588
0 0.652573529412 0.53125 0.128676470588 0.128676470588
0 0.713235294118 0.599264705882 0.128676470588 0.128676470588
0 0.619485294118 0.608455882353 0.128676470588 0.128676470588
0 0.900735294118 0.619485294118 0.0992647058824 0.128676470588
0 0.790441176471 0.623161764706 0.128676470588 0.128676470588
0 0.865808823529 0.654411764706 0.128676470588 0.128676470588
0 0.573529411765 0.762867647059 0.128676470588 0.128676470588
0 0.681985294118 0.779411764706 0.128676470588 0.128676470588
0 0.829044117647 0.841911764706 0.128676470588 0.128676470588
0 0.676470588235 0.851102941176 0.128676470588 0.128676470588
0 0.860294117647 0.851102941176 0.128676470588 0.128676470588
0 0.930147058824 0.851102941176 0.0698529411765 0.128676470588
0 0.887867647059 0.871323529412 0.112132352941 0.128676470588
0 0.470588235294 0.553308823529 0.128676470588 0.128676470588
0 0.819852941176 0.566176470588 0.128676470588 0.128676470588
0 0.645220588235 0.613970588235 0.128676470588 0.128676470588
0 0.869485294118 0.625 0.128676470588 0.128676470588
0 0.922794117647 0.667279411765 0.0772058823529 0.128676470588
0 0.891544117647 0.748161764706 0.108455882353 0.128676470588
0 0.930147058824 0.748161764706 0.0698529411765 0.128676470588
0 0.865808823529 0.775735294118 0.128676470588 0.128676470588
0 0.926470588235 0.775735294118 0.0735294117647 0.128676470588
0 0.805147058824 0.838235294118 0.128676470588 0.128676470588
0 0.880514705882 0.928308823529 0.119485294118 0.0716911764706
