0 0.783088235294 0.0900735294118 0.183823529412 0.183823529412
0 0.665441176471 0.0257352941176 0.128676470588 0.128676470588
0 0.715073529412 0.0588235294118 0.128676470588 0.128676470588
0 0.641544117647 0.0625 0.128676470588 0.128676470588
0 0.588235294118 0.137867647059 0.128676470588 0.128676470588
0 0.784926470588 0.257352941176 0.128676470588 0.128676470588
0 0.693014705882 0.257352941176 0.128676470588 0.128676470588
0 0.908088235294 0.270220588235 0.0919117647059 0.128676470588
0 0.917279411765 0.422794117647 0.0827205882353 0.128676470588
0 0.862132352941 0.4375 0.128676470588 0.128676470588
0 0.457720588235 0.0 0.128676470588 0.0753676470588
0 0.740808823529 0.194852941176 0.128676470588 0.128676470588
