0 0.0 0.0 0.139705882353 0.09375
0 0.294117647059 0.0 0.183823529412 0.154411764706
0 0.466911764706 0.891544117647 0.183823529412 0.108455882353
0 0.0459558823529 0.0735294117647 0.128676470588 0.128676470588
0 0.110294117647 0.148897058824 0.128676470588 0.128676470588
0 0.0349264705882 0.158088235294 0.128676470588 0.128676470588
0 0.148897058824 0.200367647059 0.128676470588 0.128676470588
0 0.152573529412 0.329044117647 0.128676470588 0.128676470588
0 0.246323529412 0.334558823529 0.128676470588 0.128676470588
0 0.0128676470588 0.402573529412 0.128676470588 0.128676470588
0 0.720588235294 0.485294117647 0.128676470588 0.128676470588
0 0.0680147058824 0.534926470588 0.128676470588 0.128676470588
0 0.0735294117647 0.606617647059 0.128676470588 0.128676470588
0 0.200367647059 0.617647058824 0.128676470588 0.128676470588
0 0.150735294118 0.636029411765 0.128676470588 0.128676470588
0 0.0 0.641544117647 0.0882352941176 0.128676470588
0 0.0 0.696691176471 0.117647058824 0.128676470588
0 0.0900735294118 0.726102941176 0.128676470588 0.128676470588
0 0.485294117647 0.786764705882 0.128676470588 0.128676470588
0 0.0 0.840073529412 0.110294117647 0.128676470588
0 0.0 0.847426470588 0.0661764705882 0.128676470588
0 0.325367647059 0.849264705882 0.128676470588 0.128676470588
0 0.637867647059 0.856617647059 0.128676470588 0.128676470588
0 0.0 0.904411764706 0.0680147058824 0.0955882352941
0 0.0 0.558823529412 0.0974264705882 0.128676470588
0 0.104779411765 0.829044117647 0.128676470588 0.128676470588
0 0.0 0.931985294118 0.0643382352941 0.0680147058824
