0 0.0 0.590073529412 0.123161764706 0.183823529412
0 0.0128676470588 0.713235294118 0.147058823529 0.147058823529
0 0.224264705882 0.810661764706 0.147058823529 0.147058823529
0 0.0128676470588 0.597426470588 0.128676470588 0.128676470588
0 0.183823529412 0.658088235294 0.128676470588 0.128676470588
0 0.0477941176471 0.825367647059 0.128676470588 0.128676470588
0 0.0955882352941 0.830882352941 0.128676470588 0.128676470588
0 0.15625 0.680147058824 0.128676470588 0.128676470588
0 0.0349264705882 0.810661764706 0.128676470588 0.128676470588
0 0.0 0.886029411765 0.0643382352941 0.113970588235
0 0.0 0.897058823529 0.128676470588 0.102941176471
