0 0.711397058824 0.0606617647059 0.128676470588 0.128676470588
0 0.233455882353 0.147058823529 0.128676470588 0.128676470588
0 0.867647058824 0.181985294118 0.128676470588 0.128676470588
0 0.738970588235 0.198529411765 0.128676470588 0.128676470588
0 0.623161764706 0.224264705882 0.128676470588 0.128676470588
0 0.544117647059 0.259191176471 0.128676470588 0.128676470588
0 0.5625 0.419117647059 0.128676470588 0.128676470588
0 0.529411764706 0.430147058824 0.128676470588 0.128676470588
0 0.352941176471 0.446691176471 0.128676470588 0.128676470588
0 0.619485294118 0.0606617647059 0.128676470588 0.128676470588
0 0.512867647059 0.174632352941 0.128676470588 0.128676470588
0 0.575367647059 0.229779411765 0.128676470588 0.128676470588
0 0.836397058824 0.284926470588 0.128676470588 0.128676470588
0 0.599264705882 0.352941176471 0.128676470588 0.128676470588
0 0.222426470588 0.358455882353 0.128676470588 0.128676470588
0 0.805147058824 0.371323529412 0.128676470588 0.128676470588
0 0.202205882353 0.430147058824 0.128676470588 0.128676470588
0 0.882352941176 0.472426470588 0.117647058824 0.128676470588
0 0.832720588235 0.564338235294 0.128676470588 0.128676470588
0 0.558823529412 0.597426470588 0.128676470588 0.128676470588
