0 0.34375 0.0 0.128676470588 0.0661764705882
0 0.141544117647 0.0 0.128676470588 0.126838235294
0 0.235294117647 0.0 0.128676470588 0.126838235294
0 0.03125 0.00919117647059 0.128676470588 0.128676470588
0 0.764705882353 0.0569852941176 0.128676470588 0.128676470588
0 0.834558823529 0.110294117647 0.128676470588 0.128676470588
0 0.270220588235 0.126838235294 0.128676470588 0.128676470588
0 0.875 0.240808823529 0.125 0.128676470588
0 0.909926470588 0.376838235294 0.0900735294118 0.128676470588
0 0.672794117647 0.415441176471 0.128676470588 0.128676470588
