0 0.130514705882 0.352941176471 0.183823529412 0.183823529412
0 0.544117647059 0.435661764706 0.147058823529 0.147058823529
0 0.261029411765 0.0 0.128676470588 0.0643382352941
0 0.887867647059 0.0 0.112132352941 0.0698529411765
0 0.224264705882 0.0 0.128676470588 0.101102941176
0 0.180147058824 0.0 0.128676470588 0.108455882353
0 0.744485294118 0.0 0.128676470588 0.112132352941
0 0.295955882353 0.0 0.128676470588 0.125
0 0.0110294117647 0.0367647058824 0.128676470588 0.128676470588
0 0.222426470588 0.119485294118 0.128676470588 0.128676470588
0 0.617647058824 0.134191176471 0.128676470588 0.128676470588
0 0.505514705882 0.181985294118 0.128676470588 0.128676470588
0 0.174632352941 0.226102941176 0.128676470588 0.128676470588
0 0.222426470588 0.356617647059 0.128676470588 0.128676470588
0 0.261029411765 0.615808823529 0.128676470588 0.128676470588
0 0.0 0.663602941176 0.0863970588235 0.128676470588
0 0.196691176471 0.751838235294 0.128676470588 0.128676470588
0 0.0202205882353 0.753676470588 0.128676470588 0.128676470588
0 0.0110294117647 0.860294117647 0.128676470588 0.128676470588
0 0.0 0.889705882353 0.0900735294118 0.110294117647
0 0.112132352941 0.889705882353 0.128676470588 0.110294117647
0 0.113970588235 0.0919117647059 0.128676470588 0.128676470588
0 0.268382352941 0.323529411765 0.128676470588 0.128676470588
0 0.420955882353 0.367647058824 0.128676470588 0.128676470588
0 0.431985294118 0.443014705882 0.128676470588 0.128676470588
0 0.481617647059 0.507352941176 0.128676470588 0.128676470588
0 0.887867647059 0.568014705882 0.112132352941 0.128676470588
0 0.636029411765 0.639705882353 0.128676470588 0.128676470588
0 0.0680147058824 0.821691176471 0.128676470588 0.128676470588
0 0.1875 0.821691176471 0.128676470588 0.128676470588
