0 0.5000100 0.1691276 0.1838135 0.1838135
0 0.8235394 0.6084659 0.1764606 0.1838135
0 0.7316276 0.8235394 0.1838135 0.1764606
0 0.3308924 0.0000100 0.1286665 0.0753576
0 0.5533188 0.0000100 0.1286665 0.1176371
0 0.4264806 0.0680247 0.1286665 0.1286665
0 0.0257453 0.0772159 0.1286665 0.1286665
0 0.6103041 0.0772159 0.1286665 0.1286665
0 0.7040541 0.1691276 0.1286665 0.1286665
0 0.3676571 0.1838335 0.1286665 0.1286665
0 0.1801571 0.2297894 0.1286665 0.1286665
0 0.6305247 0.3603041 0.1286665 0.1286665
0 0.5128776 0.3639806 0.1286665 0.1286665
0 0.7978041 0.3768482 0.1286665 0.1286665
0 0.4687600 0.5514806 0.1286665 0.1286665
0 0.6544218 0.1672894 0.1286665 0.1286665
0 0.7444953 0.4908188 0.1286665 0.1286665
