0 0.7205982 0.2592012 0.1470488 0.1470488
0 0.2389806 0.2224365 0.1286665 0.1286665
0 0.5974365 0.2279512 0.1286665 0.1286665
0 0.1580982 0.2316276 0.1286665 0.1286665
0 0.1139806 0.2683924 0.1286665 0.1286665
0 0.4687600 0.2830982 0.1286665 0.1286665
0 0.2279512 0.3217012 0.1286665 0.1286665
0 0.2279512 0.4448629 0.1286665 0.1286665
0 0.4191276 0.4558924 0.1286665 0.1286665
0 0.3933924 0.4981718 0.1286665 0.1286665
0 0.2150835 0.6066276 0.1286665 0.1286665
0 0.3492747 0.6580982 0.1286665 0.1286665
0 0.2426571 0.6911865 0.1286665 0.1286665
0 0.4117747 0.7444953 0.1286665 0.1286665
0 0.2739071 0.7500100 0.1286665 0.1286665
0 0.1672894 0.7959659 0.1286665 0.1286665
0 0.3217012 0.9044218 0.1286665 0.0955782
0 0.3106718 0.1103041 0.1286665 0.1286665
0 0.0514806 0.1323629 0.1286665 0.1286665
0 0.0845688 0.2647159 0.1286665 0.1286665
0 0.2095688 0.2665541 0.1286665 0.1286665
0 0.1985394 0.5073629 0.1286665 0.1286665
0 0.2978041 0.5717012 0.1286665 0.1286665
0 0.3217012 0.6599365 0.1286665 0.1286665
0 0.1764806 0.6985394 0.1286665 0.1286665
