0 0.242647058824 0.0 0.183823529412 0.183823529412
0 0.0680147058824 0.369485294118 0.183823529412 0.183823529412
0 0.669117647059 0.389705882353 0.183823529412 0.183823529412
0 0.773897058824 0.588235294118 0.147058823529 0.147058823529
0 0.680147058824 0.0 0.128676470588 0.104779411765
0 0.704044117647 0.0459558823529 0.128676470588 0.128676470588
0 0.474264705882 0.185661764706 0.128676470588 0.128676470588
0 0.637867647059 0.196691176471 0.128676470588 0.128676470588
0 0.520220588235 0.384191176471 0.128676470588 0.128676470588
0 0.4375 0.459558823529 0.128676470588 0.128676470588
0 0.0 0.476102941176 0.128676470588 0.128676470588
0 0.509191176471 0.511029411765 0.128676470588 0.128676470588
0 0.0128676470588 0.577205882353 0.128676470588 0.128676470588
0 0.205882352941 0.584558823529 0.128676470588 0.128676470588
0 0.338235294118 0.711397058824 0.128676470588 0.128676470588
0 0.110294117647 0.722426470588 0.128676470588 0.128676470588
0 0.0 0.724264705882 0.102941176471 0.128676470588
0 0.847426470588 0.733455882353 0.128676470588 0.128676470588
0 0.797794117647 0.8125 0.128676470588 0.128676470588
0 0.919117647059 0.8125 0.0808823529412 0.128676470588
0 0.161764705882 0.821691176471 0.128676470588 0.128676470588
0 0.248161764706 0.847426470588 0.128676470588 0.128676470588
0 0.511029411765 0.858455882353 0.128676470588 0.128676470588
0 0.0 0.858455882353 0.117647058824 0.128676470588
0 0.746323529412 0.898897058824 0.128676470588 0.101102941176
0 0.0716911764706 0.909926470588 0.128676470588 0.0900735294118
0 0.584558823529 0.152573529412 0.128676470588 0.128676470588
0 0.558823529412 0.165441176471 0.128676470588 0.128676470588
0 0.496323529412 0.213235294118 0.128676470588 0.128676470588
0 0.860294117647 0.806985294118 0.128676470588 0.128676470588
0 0.284926470588 0.821691176471 0.128676470588 0.128676470588
0 0.898897058824 0.834558823529 0.101102941176 0.128676470588
