0 0.8290541 0.2297894 0.1709459 0.1838135
0 0.2720688 0.6194953 0.1838135 0.1838135
0 0.7389806 0.6452306 0.1838135 0.1838135
0 0.8823629 0.8327306 0.1176371 0.1672694
0 0.5496424 0.0000100 0.1286665 0.1231518
0 0.4614071 0.1562600 0.1286665 0.1286665
0 0.5128776 0.1580982 0.1286665 0.1286665
0 0.6213335 0.1967012 0.1286665 0.1286665
0 0.7444953 0.2353041 0.1286665 0.1286665
0 0.6636129 0.2794218 0.1286665 0.1286665
0 0.8455982 0.3639806 0.1286665 0.1286665
0 0.5349365 0.3970688 0.1286665 0.1286665
0 0.8106718 0.4889806 0.1286665 0.1286665
0 0.5110394 0.6286865 0.1286665 0.1286665
0 0.3878776 0.6819953 0.1286665 0.1286665
0 0.6470688 0.6985394 0.1286665 0.1286665
0 0.2592012 0.7114071 0.1286665 0.1286665
0 0.2353041 0.7389806 0.1286665 0.1286665
0 0.3364071 0.7481718 0.1286665 0.1286665
0 0.5588335 0.7592012 0.1286665 0.1286665
0 0.2720688 0.7978041 0.1286665 0.1286665
0 0.2775835 0.8455982 0.1286665 0.1286665
0 0.4246424 0.8474365 0.1286665 0.1286665
0 0.6728041 0.0349365 0.1286665 0.1286665
0 0.8474365 0.0496424 0.1286665 0.1286665
0 0.7095688 0.0882453 0.1286665 0.1286665
0 0.5147159 0.1323629 0.1286665 0.1286665
0 0.7610394 0.2095688 0.1286665 0.1286665
0 0.5808924 0.2518482 0.1286665 0.1286665
0 0.5643482 0.2941276 0.1286665 0.1286665
0 0.5772159 0.3842012 0.1286665 0.1286665
0 0.6342012 0.4172894 0.1286665 0.1286665
0 0.6489071 0.4503776 0.1286665 0.1286665
0 0.5919218 0.4816276 0.1286665 0.1286665
0 0.6985394 0.4871424 0.1286665 0.1286665
0 0.6562600 0.6047894 0.1286665 0.1286665
0 0.5533188 0.7150835 0.1286665 0.1286665
0 0.3584659 0.7978041 0.1286665 0.1286665
0 0.1801571 0.7996424 0.1286665 0.1286665
0 0.3786865 0.8400835 0.1286665 0.1286665
0 0.0992747 0.8603041 0.1286665 0.1286665
0 0.2187600 0.8694953 0.1286665 0.1286665
0 0.0643482 0.8731718 0.1286665 0.1268282
0 0.3419218 0.9191276 0.1286665 0.0808724
