0 0.7647159 0.0514806 0.1838135 0.1838135
0 0.6066276 0.2904512 0.1838135 0.1838135
0 0.8603041 0.0000100 0.1286665 0.1286665
0 0.1433924 0.1268482 0.1286665 0.1286665
0 0.0992747 0.1489071 0.1286665 0.1286665
0 0.5128776 0.1617747 0.1286665 0.1286665
0 0.0772159 0.2775835 0.1286665 0.1286665
0 0.7555247 0.3143482 0.1286665 0.1286665
0 0.9191276 0.3253776 0.0808724 0.1286665
0 0.7518482 0.3786865 0.1286665 0.1286665
0 0.0000100 0.4577306 0.0955782 0.1286665
0 0.9062600 0.4614071 0.0937400 0.1286665
0 0.3768482 0.4797894 0.1286665 0.1286665
0 0.8217012 0.5055247 0.1286665 0.1286665
0 0.0000100 0.5496424 0.0753576 0.1286665
0 0.5092012 0.6084659 0.1286665 0.1286665
0 0.1801571 0.6268482 0.1286665 0.1286665
0 0.0000100 0.8106718 0.1157988 0.1286665
0 0.8952306 0.8217012 0.1047694 0.1286665
0 0.5092012 0.2904512 0.1286665 0.1286665
0 0.1158188 0.3786865 0.1286665 0.1286665
0 0.0919218 0.6121424 0.1286665 0.1286665
