0 0.7500100 0.2941276 0.1838135 0.1838135
0 0.1672894 0.5606718 0.1838135 0.1838135
0 0.6342012 0.0000100 0.1286665 0.0771959
0 0.5992747 0.1948629 0.1286665 0.1286665
0 0.6967012 0.3621424 0.1286665 0.1286665
0 0.0000100 0.4191276 0.1084459 0.1286665
0 0.8088335 0.5661865 0.1286665 0.1286665
0 0.5845688 0.6948629 0.1286665 0.1286665
0 0.0717012 0.7353041 0.1286665 0.1286665
0 0.2242747 0.7444953 0.1286665 0.1286665
0 0.3235394 0.8364071 0.1286665 0.1286665
0 0.1029512 0.9209659 0.1286665 0.0790341
0 0.0882453 0.3878776 0.1286665 0.1286665
0 0.0974365 0.4062600 0.1286665 0.1286665
0 0.4375100 0.8676571 0.1286665 0.1286665
