0 0.1268482 0.7518482 0.1838135 0.1838135
0 0.2775835 0.5110394 0.1470488 0.1470488
0 0.4136129 0.3106718 0.1286665 0.1286665
0 0.3400835 0.3345688 0.1286665 0.1286665
0 0.6103041 0.3345688 0.1286665 0.1286665
0 0.8658188 0.3897159 0.1286665 0.1286665
0 0.6746424 0.3970688 0.1286665 0.1286665
0 0.1599365 0.4228041 0.1286665 0.1286665
0 0.3786865 0.4485394 0.1286665 0.1286665
0 0.8511129 0.7500100 0.1286665 0.1286665
0 0.2978041 0.8345688 0.1286665 0.1286665
0 0.8658188 0.8547894 0.1286665 0.1286665
