0 0.1250100 0.3786865 0.1838135 0.1838135
0 0.4834659 0.6066276 0.1470488 0.1470488
0 0.2886129 0.0000100 0.1286665 0.0845488
0 0.4650835 0.0000100 0.1286665 0.0919018
0 0.8033188 0.0000100 0.1286665 0.0992547
0 0.1930247 0.1231718 0.1286665 0.1286665
0 0.2555247 0.1967012 0.1286665 0.1286665
0 0.1397159 0.2481718 0.1286665 0.1286665
0 0.1819953 0.2775835 0.1286665 0.1286665
0 0.7518482 0.3915541 0.1286665 0.1286665
0 0.6728041 0.5367747 0.1286665 0.1286665
0 0.6158188 0.5827306 0.1286665 0.1286665
0 0.5404512 0.7389806 0.1286665 0.1286665
0 0.0000100 0.9099365 0.0808724 0.0900635
