0 0.641544117647 0.101102941176 0.183823529412 0.183823529412
0 0.0514705882353 0.323529411765 0.183823529412 0.183823529412
0 0.898897058824 0.536764705882 0.101102941176 0.183823529412
0 0.417279411765 0.0 0.128676470588 0.0882352941176
0 0.516544117647 0.0202205882353 0.128676470588 0.128676470588
0 0.630514705882 0.0404411764706 0.128676470588 0.128676470588
0 0.772058823529 0.101102941176 0.128676470588 0.128676470588
0 0.235294117647 0.102941176471 0.128676470588 0.128676470588
0 0.724264705882 0.220588235294 0.128676470588 0.128676470588
0 0.895220588235 0.227941176471 0.104779411765 0.128676470588
0 0.386029411765 0.306985294118 0.128676470588 0.128676470588
0 0.422794117647 0.340073529412 0.128676470588 0.128676470588
0 0.845588235294 0.369485294118 0.128676470588 0.128676470588
0 0.608455882353 0.454044117647 0.128676470588 0.128676470588
0 0.363970588235 0.534926470588 0.128676470588 0.128676470588
0 0.0477941176471 0.564338235294 0.128676470588 0.128676470588
0 0.852941176471 0.569852941176 0.128676470588 0.128676470588
0 0.345588235294 0.610294117647 0.128676470588 0.128676470588
0 0.367647058824 0.729779411765 0.128676470588 0.128676470588
0 0.518382352941 0.784926470588 0.128676470588 0.128676470588
0 0.783088235294 0.136029411765 0.128676470588 0.128676470588
0 0.384191176471 0.375 0.128676470588 0.128676470588
