0 0.897058823529 0.658088235294 0.102941176471 0.183823529412
0 0.779411764706 0.830882352941 0.183823529412 0.169117647059
0 0.920955882353 0.496323529412 0.0790441176471 0.128676470588
0 0.904411764706 0.511029411765 0.0955882352941 0.128676470588
0 0.847426470588 0.617647058824 0.128676470588 0.128676470588
0 0.711397058824 0.786764705882 0.128676470588 0.128676470588
0 0.665441176471 0.795955882353 0.128676470588 0.128676470588
0 0.590073529412 0.847426470588 0.128676470588 0.128676470588
0 0.534926470588 0.873161764706 0.128676470588 0.126838235294
0 0.922794117647 0.466911764706 0.0772058823529 0.128676470588
0 0.849264705882 0.560661764706 0.128676470588 0.128676470588
0 0.797794117647 0.647058823529 0.128676470588 0.128676470588
0 0.738970588235 0.71875 0.128676470588 0.128676470588
0 0.770220588235 0.727941176471 0.128676470588 0.128676470588
0 0.696691176471 0.737132352941 0.128676470588 0.128676470588
0 0.547794117647 0.783088235294 0.128676470588 0.128676470588
0 0.744485294118 0.784926470588 0.128676470588 0.128676470588
0 0.520220588235 0.801470588235 0.128676470588 0.128676470588
0 0.830882352941 0.818014705882 0.128676470588 0.128676470588
0 0.582720588235 0.922794117647 0.128676470588 0.0772058823529
