0 0.0000100 0.1415541 0.1580782 0.1838135
0 0.1158188 0.3989071 0.1838135 0.1838135
0 0.1911865 0.0000100 0.1470488 0.1249900
0 0.8455982 0.0275835 0.1470488 0.1470488
0 0.4448629 0.4025835 0.1470488 0.1470488
0 0.3970688 0.0147159 0.1286665 0.1286665
0 0.5717012 0.0422894 0.1286665 0.1286665
0 0.2573629 0.3952306 0.1286665 0.1286665
0 0.1103041 0.4650835 0.1286665 0.1286665
0 0.3069953 0.4687600 0.1286665 0.1286665
0 0.2408188 0.4981718 0.1286665 0.1286665
0 0.5551571 0.5055247 0.1286665 0.1286665
0 0.2261129 0.5422894 0.1286665 0.1286665
0 0.3069953 0.5588335 0.1286665 0.1286665
0 0.1415541 0.6029512 0.1286665 0.1286665
0 0.1948629 0.6231718 0.1286665 0.1286665
0 0.5073629 0.0349365 0.1286665 0.1286665
0 0.0000100 0.0478041 0.0643282 0.1286665
0 0.2610394 0.3603041 0.1286665 0.1286665
0 0.6378776 0.4687600 0.1286665 0.1286665
0 0.0864071 0.4816276 0.1286665 0.1286665
0 0.2794218 0.4889806 0.1286665 0.1286665
0 0.1728041 0.5717012 0.1286665 0.1286665
0 0.1672894 0.6268482 0.1286665 0.1286665
