0 0.4319953 0.4595688 0.1838135 0.1838135
0 0.3033188 0.0000100 0.1286665 0.0643282
0 0.4264806 0.0000100 0.1286665 0.0900635
0 0.1856718 0.0000100 0.1286665 0.1047694
0 0.3308924 0.0000100 0.1286665 0.1121224
0 0.0698629 0.2628776 0.1286665 0.1286665
0 0.2371424 0.2886129 0.1286665 0.1286665
0 0.2739071 0.4595688 0.1286665 0.1286665
0 0.3253776 0.4669218 0.1286665 0.1286665
0 0.4191276 0.4705982 0.1286665 0.1286665
0 0.0000100 0.5275835 0.0808724 0.1286665
0 0.0643482 0.5312600 0.1286665 0.1286665
0 0.2114071 0.5459659 0.1286665 0.1286665
0 0.0239071 0.5496424 0.1286665 0.1286665
0 0.4025835 0.5845688 0.1286665 0.1286665
0 0.4375100 0.5827306 0.1286665 0.1286665
0 0.0000100 0.6139806 0.1010929 0.1286665
0 0.1728041 0.0000100 0.1286665 0.0735194
0 0.0606718 0.2297894 0.1286665 0.1286665
0 0.2003776 0.2573629 0.1286665 0.1286665
0 0.0790541 0.4485394 0.1286665 0.1286665
0 0.0000100 0.4705982 0.0808724 0.1286665
0 0.2849365 0.4944953 0.1286665 0.1286665
0 0.1139806 0.4981718 0.1286665 0.1286665
0 0.3768482 0.5349365 0.1286665 0.1286665
0 0.0000100 0.5569953 0.0845488 0.1286665
0 0.0000100 0.5772159 0.0974165 0.1286665
0 0.4816276 0.6103041 0.1286665 0.1286665
