0 0.7187600 0.4411865 0.1838135 0.1838135
0 0.4963335 0.6103041 0.1838135 0.1838135
0 0.6525835 0.3235394 0.1286665 0.1286665
0 0.7996424 0.3419218 0.1286665 0.1286665
0 0.7095688 0.3603041 0.1286665 0.1286665
0 0.6342012 0.3658188 0.1286665 0.1286665
0 0.9136129 0.3750100 0.0863871 0.1286665
0 0.6875100 0.4136129 0.1286665 0.1286665
0 0.7904512 0.4154512 0.1286665 0.1286665
0 0.6139806 0.4411865 0.1286665 0.1286665
0 0.5588335 0.4522159 0.1286665 0.1286665
0 0.7095688 0.4761129 0.1286665 0.1286665
0 0.9062600 0.4908188 0.0937400 0.1286665
0 0.5514806 0.5478041 0.1286665 0.1286665
0 0.7683924 0.5551571 0.1286665 0.1286665
0 0.6636129 0.6139806 0.1286665 0.1286665
0 0.7408188 0.6176571 0.1286665 0.1286665
0 0.4871424 0.6268482 0.1286665 0.1286665
0 0.5827306 0.7022159 0.1286665 0.1286665
0 0.4356718 0.7426571 0.1286665 0.1286665
0 0.7114071 0.7628776 0.1286665 0.1286665
0 0.6103041 0.7739071 0.1286665 0.1286665
0 0.8327306 0.8069953 0.1286665 0.1286665
0 0.8345688 0.8345688 0.1286665 0.1286665
0 0.9191276 0.8768482 0.0808724 0.1231518
0 0.7353041 0.9099365 0.1286665 0.0900635
0 0.8768482 0.4172894 0.1231518 0.1286665
0 0.6158188 0.4191276 0.1286665 0.1286665
0 0.7444953 0.4264806 0.1286665 0.1286665
0 0.8419218 0.4411865 0.1286665 0.1286665
0 0.5790541 0.5698629 0.1286665 0.1286665
0 0.6911865 0.6433924 0.1286665 0.1286665
0 0.5496424 0.6599365 0.1286665 0.1286665
0 0.8455982 0.7444953 0.1286665 0.1286665
0 0.4246424 0.7683924 0.1286665 0.1286665
0 0.6672894 0.8069953 0.1286665 0.1286665
