0 0.849264705882 0.0 0.128676470588 0.128676470588
0 0.803308823529 0.0716911764706 0.128676470588 0.128676470588
0 0.768382352941 0.165441176471 0.128676470588 0.128676470588
0 0.875 0.321691176471 0.125 0.128676470588
0 0.819852941176 0.492647058824 0.128676470588 0.128676470588
0 0.821691176471 0.604779411765 0.128676470588 0.128676470588
0 0.871323529412 0.650735294118 0.128676470588 0.128676470588
0 0.806985294118 0.0110294117647 0.128676470588 0.128676470588
0 0.841911764706 0.183823529412 0.128676470588 0.128676470588
0 0.886029411765 0.237132352941 0.113970588235 0.128676470588
0 0.737132352941 0.272058823529 0.128676470588 0.128676470588
0 0.875 0.424632352941 0.125 0.128676470588
0 0.825367647059 0.680147058824 0.128676470588 0.128676470588
0 0.897058823529 0.733455882353 0.102941176471 0.128676470588
