0 0.1323629 0.3786865 0.1838135 0.1838135
0 0.1323629 0.0000100 0.1286665 0.0863871
0 0.1342012 0.0569953 0.1286665 0.1286665
0 0.0992747 0.1103041 0.1286665 0.1286665
0 0.0588335 0.1378776 0.1286665 0.1286665
0 0.0845688 0.1930247 0.1286665 0.1286665
0 0.0000100 0.2408188 0.1102841 0.1286665
0 0.1838335 0.2941276 0.1286665 0.1286665
0 0.1103041 0.2978041 0.1286665 0.1286665
0 0.1838335 0.0000100 0.1286665 0.0753576
0 0.0000100 0.0000100 0.0771959 0.0808724
0 0.1617747 0.0000100 0.1286665 0.0919018
0 0.0569953 0.0000100 0.1286665 0.1066076
0 0.2040541 0.0000100 0.1286665 0.1121224
0 0.1047894 0.0110394 0.1286665 0.1286665
0 0.1213335 0.0404512 0.1286665 0.1286665
0 0.2095688 0.0478041 0.1286665 0.1286665
0 0.0625100 0.0533188 0.1286665 0.1286665
0 0.1948629 0.0717012 0.1286665 0.1286665
0 0.0147159 0.0882453 0.1286665 0.1286665
0 0.1489071 0.0900835 0.1286665 0.1286665
0 0.1967012 0.0974365 0.1286665 0.1286665
0 0.1617747 0.1176571 0.1286665 0.1286665
0 0.1875100 0.1268482 0.1286665 0.1286665
0 0.2205982 0.1599365 0.1286665 0.1286665
0 0.0625100 0.1617747 0.1286665 0.1286665
0 0.0000100 0.1728041 0.0900635 0.1286665
0 0.2058924 0.1746424 0.1286665 0.1286665
0 0.1360394 0.2150835 0.1286665 0.1286665
0 0.1489071 0.2297894 0.1286665 0.1286665
0 0.0882453 0.2371424 0.1286665 0.1286665
0 0.1636129 0.2408188 0.1286665 0.1286665
0 0.0000100 0.3345688 0.1249900 0.1286665
0 0.1011129 0.3511129 0.1286665 0.1286665
0 0.0606718 0.3603041 0.1286665 0.1286665
0 0.1047894 0.3713335 0.1286665 0.1286665
0 0.0955982 0.4007453 0.1286665 0.1286665
