0 0.2592012 0.0000100 0.1838135 0.1249900
0 0.5698629 0.1489071 0.1838135 0.1838135
0 0.1066276 0.3235394 0.1838135 0.1838135
0 0.1691276 0.5955982 0.1838135 0.1838135
0 0.0900835 0.8676571 0.1838135 0.1323429
0 0.3437600 0.1158188 0.1286665 0.1286665
0 0.2224365 0.1342012 0.1286665 0.1286665
0 0.0000100 0.1801571 0.0808724 0.1286665
0 0.2040541 0.1893482 0.1286665 0.1286665
0 0.5349365 0.1948629 0.1286665 0.1286665
0 0.1967012 0.2224365 0.1286665 0.1286665
0 0.5092012 0.2261129 0.1286665 0.1286665
0 0.0000100 0.2426571 0.1066076 0.1286665
0 0.0992747 0.2463335 0.1286665 0.1286665
0 0.4871424 0.2628776 0.1286665 0.1286665
0 0.3768482 0.2720688 0.1286665 0.1286665
0 0.3474365 0.2812600 0.1286665 0.1286665
0 0.4705982 0.2830982 0.1286665 0.1286665
0 0.1470688 0.2996424 0.1286665 0.1286665
0 0.1011129 0.3088335 0.1286665 0.1286665
0 0.0386129 0.3106718 0.1286665 0.1286665
0 0.0000100 0.3419218 0.0643282 0.1286665
0 0.0349365 0.3529512 0.1286665 0.1286665
0 0.0349365 0.3952306 0.1286665 0.1286665
0 0.0128776 0.4228041 0.1286665 0.1286665
0 0.1029512 0.4264806 0.1286665 0.1286665
0 0.0000100 0.4522159 0.1286665 0.1286665
0 0.0000100 0.4981718 0.1084459 0.1286665
0 0.0459659 0.5036865 0.1286665 0.1286665
0 0.1709659 0.5404512 0.1286665 0.1286665
0 0.0808924 0.5937600 0.1286665 0.1286665
0 0.0000100 0.6342012 0.1139606 0.1286665
0 0.1378776 0.6691276 0.1286665 0.1286665
0 0.1397159 0.7463335 0.1286665 0.1286665
0 0.0514806 0.7978041 0.1286665 0.1286665
0 0.2922894 0.8161865 0.1286665 0.1286665
0 0.2150835 0.8400835 0.1286665 0.1286665
0 0.3952306 0.0349365 0.1286665 0.1286665
0 0.5312600 0.0882453 0.1286665 0.1286665
0 0.3786865 0.0900835 0.1286665 0.1286665
0 0.2739071 0.0955982 0.1286665 0.1286665
0 0.2830982 0.1250100 0.1286665 0.1286665
0 0.5220688 0.1286865 0.1286665 0.1286665
0 0.4301571 0.1415541 0.1286665 0.1286665
0 0.3069953 0.1433924 0.1286665 0.1286665
0 0.5147159 0.1433924 0.1286665 0.1286665
0 0.3768482 0.1470688 0.1286665 0.1286665
0 0.4834659 0.1562600 0.1286665 0.1286665
0 0.3400835 0.1599365 0.1286665 0.1286665
0 0.4191276 0.1580982 0.1286665 0.1286665
0 0.0183924 0.1672894 0.1286665 0.1286665
0 0.0000100 0.1728041 0.1139606 0.1286665
0 0.4228041 0.1856718 0.1286665 0.1286665
0 0.0974365 0.1930247 0.1286665 0.1286665
0 0.4485394 0.2003776 0.1286665 0.1286665
0 0.0625100 0.2095688 0.1286665 0.1286665
0 0.1360394 0.2095688 0.1286665 0.1286665
0 0.3345688 0.2132453 0.1286665 0.1286665
0 0.4430247 0.2150835 0.1286665 0.1286665
0 0.4356718 0.2371424 0.1286665 0.1286665
0 0.3180247 0.2426571 0.1286665 0.1286665
0 0.5092012 0.2518482 0.1286665 0.1286665
0 0.4044218 0.2518482 0.1286665 0.1286665
0 0.2132453 0.2702306 0.1286665 0.1286665
0 0.0643482 0.2849365 0.1286665 0.1286665
0 0.2886129 0.3088335 0.1286665 0.1286665
0 0.2444953 0.3143482 0.1286665 0.1286665
0 0.2150835 0.3217012 0.1286665 0.1286665
0 0.2481718 0.3382453 0.1286665 0.1286665
0 0.1930247 0.3455982 0.1286665 0.1286665
0 0.2205982 0.3492747 0.1286665 0.1286665
0 0.3529512 0.3511129 0.1286665 0.1286665
0 0.0000100 0.3933924 0.1047694 0.1286665
0 0.0717012 0.4099365 0.1286665 0.1286665
0 0.0680247 0.4356718 0.1286665 0.1286665
0 0.2040541 0.4650835 0.1286665 0.1286665
0 0.1342012 0.4705982 0.1286665 0.1286665
0 0.2849365 0.4853041 0.1286665 0.1286665
0 0.2224365 0.4981718 0.1286665 0.1286665
0 0.0735394 0.5092012 0.1286665 0.1286665
0 0.0790541 0.5569953 0.1286665 0.1286665
0 0.0000100 0.5606718 0.0882253 0.1286665
0 0.0128776 0.5717012 0.1286665 0.1286665
0 0.1029512 0.6342012 0.1286665 0.1286665
0 0.0845688 0.6783188 0.1286665 0.1286665
0 0.7353041 0.6801571 0.1286665 0.1286665
0 0.2353041 0.7261129 0.1286665 0.1286665
0 0.0955982 0.7297894 0.1286665 0.1286665
0 0.1599365 0.7775835 0.1286665 0.1286665
0 0.1176571 0.7996424 0.1286665 0.1286665
0 0.0147159 0.8051571 0.1286665 0.1286665
0 0.1433924 0.8180247 0.1286665 0.1286665
0 0.1103041 0.8345688 0.1286665 0.1286665
0 0.0220688 0.8419218 0.1286665 0.1286665
0 0.1838335 0.8455982 0.1286665 0.1286665
0 0.1875100 0.8658188 0.1286665 0.1286665
0 0.2132453 0.8897159 0.1286665 0.1102841
0 0.2408188 0.9062600 0.1286665 0.0937400
