0 0.466911764706 0.647058823529 0.183823529412 0.183823529412
0 0.126838235294 0.0128676470588 0.147058823529 0.147058823529
0 0.351102941176 0.0 0.128676470588 0.121323529412
0 0.757352941176 0.0294117647059 0.128676470588 0.128676470588
0 0.897058823529 0.0551470588235 0.102941176471 0.128676470588
0 0.711397058824 0.147058823529 0.128676470588 0.128676470588
0 0.0 0.244485294118 0.0680147058824 0.128676470588
0 0.518382352941 0.275735294118 0.128676470588 0.128676470588
0 0.0790441176471 0.336397058824 0.128676470588 0.128676470588
0 0.330882352941 0.351102941176 0.128676470588 0.128676470588
0 0.476102941176 0.367647058824 0.128676470588 0.128676470588
0 0.0 0.378676470588 0.0919117647059 0.128676470588
0 0.0496323529412 0.459558823529 0.128676470588 0.128676470588
0 0.566176470588 0.481617647059 0.128676470588 0.128676470588
0 0.909926470588 0.492647058824 0.0900735294118 0.128676470588
0 0.387867647059 0.505514705882 0.128676470588 0.128676470588
0 0.621323529412 0.549632352941 0.128676470588 0.128676470588
0 0.216911764706 0.579044117647 0.128676470588 0.128676470588
0 0.4375 0.626838235294 0.128676470588 0.128676470588
0 0.352941176471 0.65625 0.128676470588 0.128676470588
0 0.253676470588 0.667279411765 0.128676470588 0.128676470588
0 0.764705882353 0.669117647059 0.128676470588 0.128676470588
0 0.139705882353 0.696691176471 0.128676470588 0.128676470588
0 0.884191176471 0.711397058824 0.115808823529 0.128676470588
0 0.608455882353 0.71875 0.128676470588 0.128676470588
0 0.509191176471 0.738970588235 0.128676470588 0.128676470588
0 0.0257352941176 0.755514705882 0.128676470588 0.128676470588
0 0.783088235294 0.819852941176 0.128676470588 0.128676470588
0 0.301470588235 0.821691176471 0.128676470588 0.128676470588
0 0.178308823529 0.832720588235 0.128676470588 0.128676470588
0 0.411764705882 0.838235294118 0.128676470588 0.128676470588
0 0.0220588235294 0.889705882353 0.128676470588 0.110294117647
