0 0.713235294118 0.799632352941 0.183823529412 0.183823529412
0 0.681985294118 0.840073529412 0.128676470588 0.128676470588
0 0.669117647059 0.860294117647 0.128676470588 0.128676470588
0 0.731617647059 0.876838235294 0.128676470588 0.123161764706
0 0.738970588235 0.909926470588 0.128676470588 0.0900735294118
0 0.860294117647 0.685661764706 0.128676470588 0.128676470588
0 0.805147058824 0.693014705882 0.128676470588 0.128676470588
0 0.919117647059 0.715073529412 0.0808823529412 0.128676470588
0 0.869485294118 0.755514705882 0.128676470588 0.128676470588
0 0.902573529412 0.783088235294 0.0974264705882 0.128676470588
0 0.863970588235 0.790441176471 0.128676470588 0.128676470588
0 0.784926470588 0.922794117647 0.128676470588 0.0772058823529
0 0.847426470588 0.924632352941 0.128676470588 0.0753676470588
