0 0.1801571 0.3051571 0.1838135 0.1838135
0 0.1728041 0.4264806 0.1838135 0.1838135
0 0.0294218 0.5165541 0.1838135 0.1838135
0 0.2114071 0.5588335 0.1838135 0.1838135
0 0.1121424 0.4981718 0.1470488 0.1470488
0 0.0569953 0.5790541 0.1470488 0.1470488
0 0.2996424 0.6066276 0.1470488 0.1470488
0 0.3400835 0.6415541 0.1470488 0.1470488
0 0.2334659 0.2996424 0.1286665 0.1286665
0 0.2757453 0.4375100 0.1286665 0.1286665
0 0.0772159 0.5092012 0.1286665 0.1286665
0 0.3878776 0.5661865 0.1286665 0.1286665
0 0.2316276 0.3933924 0.1286665 0.1286665
0 0.3161865 0.7444953 0.1286665 0.1286665
0 0.3805247 0.7775835 0.1286665 0.1286665
0 0.2959659 0.7849365 0.1286665 0.1286665
0 0.1544218 0.8014806 0.1286665 0.1286665
