0 0.6764806 0.1084659 0.1470488 0.1470488
0 0.7739071 0.5422894 0.1470488 0.1470488
0 0.9283188 0.1856718 0.0716812 0.1286665
0 0.7886129 0.2959659 0.1286665 0.1286665
0 0.8051571 0.3290541 0.1286665 0.1286665
0 0.7426571 0.4154512 0.1286665 0.1286665
0 0.6709659 0.4908188 0.1286665 0.1286665
0 0.6985394 0.5294218 0.1286665 0.1286665
0 0.7702306 0.6525835 0.1286665 0.1286665
0 0.9264806 0.7242747 0.0735194 0.1286665
0 0.8621424 0.7904512 0.1286665 0.1286665
0 0.5055247 0.8566276 0.1286665 0.1286665
0 0.5588335 0.0000100 0.1286665 0.0900635
0 0.6378776 0.0680247 0.1286665 0.1286665
0 0.6011129 0.0790541 0.1286665 0.1286665
0 0.7022159 0.1599365 0.1286665 0.1286665
0 0.7150835 0.1875100 0.1286665 0.1286665
