0 0.6525835 0.1580982 0.1838135 0.1838135
0 0.0643482 0.3750100 0.1470488 0.1470488
0 0.2996424 0.0000100 0.1286665 0.0863871
0 0.4264806 0.0000100 0.1286665 0.1213135
0 0.0000100 0.0404512 0.1286665 0.1286665
0 0.2297894 0.0422894 0.1286665 0.1286665
0 0.3400835 0.0551571 0.1286665 0.1286665
0 0.4117747 0.0680247 0.1286665 0.1286665
0 0.5753776 0.0864071 0.1286665 0.1286665
0 0.5349365 0.1268482 0.1286665 0.1286665
0 0.5349365 0.1801571 0.1286665 0.1286665
0 0.4522159 0.1948629 0.1286665 0.1286665
0 0.3364071 0.2187600 0.1286665 0.1286665
0 0.4669218 0.2647159 0.1286665 0.1286665
0 0.3915541 0.2775835 0.1286665 0.1286665
0 0.2279512 0.2922894 0.1286665 0.1286665
0 0.0000100 0.3088335 0.0698429 0.1286665
0 0.3731718 0.3106718 0.1286665 0.1286665
0 0.2297894 0.4044218 0.1286665 0.1286665
0 0.5312600 0.4080982 0.1286665 0.1286665
0 0.5239071 0.4522159 0.1286665 0.1286665
0 0.0000100 0.5367747 0.0716812 0.1286665
0 0.2205982 0.5643482 0.1286665 0.1286665
0 0.1103041 0.6158188 0.1286665 0.1286665
0 0.1231718 0.6911865 0.1286665 0.1286665
0 0.0000100 0.8492747 0.1139606 0.1286665
0 0.0000100 0.8860394 0.0661665 0.1139606
0 0.0349365 0.0919218 0.1286665 0.1286665
0 0.0092012 0.1158188 0.1286665 0.1286665
0 0.0000100 0.1360394 0.0698429 0.1286665
0 0.6213335 0.2242747 0.1286665 0.1286665
0 0.3400835 0.3419218 0.1286665 0.1286665
0 0.2922894 0.4742747 0.1286665 0.1286665
0 0.0000100 0.6617747 0.0753576 0.1286665
0 0.1452306 0.8492747 0.1286665 0.1286665
