0 0.619485294118 0.369485294118 0.183823529412 0.183823529412
0 0.284926470588 0.53125 0.183823529412 0.183823529412
0 0.582720588235 0.0 0.128676470588 0.123161764706
0 0.0 0.00367647058824 0.0900735294118 0.128676470588
0 0.689338235294 0.0477941176471 0.128676470588 0.128676470588
0 0.123161764706 0.0606617647059 0.128676470588 0.128676470588
0 0.308823529412 0.104779411765 0.128676470588 0.128676470588
0 0.498161764706 0.139705882353 0.128676470588 0.128676470588
0 0.584558823529 0.147058823529 0.128676470588 0.128676470588
0 0.652573529412 0.200367647059 0.128676470588 0.128676470588
0 0.362132352941 0.205882352941 0.128676470588 0.128676470588
0 0.277573529412 0.222426470588 0.128676470588 0.128676470588
0 0.0643382352941 0.233455882353 0.128676470588 0.128676470588
0 0.327205882353 0.283088235294 0.128676470588 0.128676470588
0 0.729779411765 0.301470588235 0.128676470588 0.128676470588
0 0.180147058824 0.334558823529 0.128676470588 0.128676470588
0 0.275735294118 0.384191176471 0.128676470588 0.128676470588
0 0.229779411765 0.395220588235 0.128676470588 0.128676470588
0 0.139705882353 0.461397058824 0.128676470588 0.128676470588
0 0.0257352941176 0.227941176471 0.128676470588 0.128676470588
