0 0.0073629 0.2224365 0.1838135 0.1838135
0 0.4871424 0.2297894 0.1838135 0.1838135
0 0.0625100 0.0000100 0.1286665 0.0643282
0 0.3272159 0.0000100 0.1286665 0.0680047
0 0.3842012 0.0000100 0.1286665 0.0735194
0 0.0441276 0.0000100 0.1286665 0.1010929
0 0.5533188 0.0000100 0.1286665 0.1010929
0 0.4393482 0.0073629 0.1286665 0.1286665
0 0.0386129 0.0220688 0.1286665 0.1286665
0 0.6231718 0.0514806 0.1286665 0.1286665
0 0.5478041 0.0533188 0.1286665 0.1286665
0 0.0551571 0.0643482 0.1286665 0.1286665
0 0.3897159 0.0680247 0.1286665 0.1286665
0 0.4319953 0.0735394 0.1286665 0.1286665
0 0.0036865 0.0808924 0.1286665 0.1286665
0 0.3419218 0.1103041 0.1286665 0.1286665
0 0.2665541 0.1194953 0.1286665 0.1286665
0 0.0606718 0.1268482 0.1286665 0.1286665
0 0.5073629 0.1452306 0.1286665 0.1286665
0 0.4522159 0.1470688 0.1286665 0.1286665
0 0.6103041 0.1507453 0.1286665 0.1286665
0 0.1599365 0.1525835 0.1286665 0.1286665
0 0.1011129 0.1544218 0.1286665 0.1286665
0 0.0055247 0.1599365 0.1286665 0.1286665
0 0.3217012 0.1764806 0.1286665 0.1286665
0 0.0000100 0.1783188 0.1139606 0.1286665
0 0.3566276 0.1948629 0.1286665 0.1286665
0 0.4264806 0.2114071 0.1286665 0.1286665
0 0.1342012 0.2261129 0.1286665 0.1286665
0 0.5955982 0.2408188 0.1286665 0.1286665
0 0.1066276 0.2610394 0.1286665 0.1286665
0 0.0827306 0.2683924 0.1286665 0.1286665
0 0.3713335 0.2739071 0.1286665 0.1286665
0 0.1525835 0.2849365 0.1286665 0.1286665
0 0.3860394 0.3272159 0.1286665 0.1286665
0 0.5845688 0.3345688 0.1286665 0.1286665
0 0.0808924 0.3474365 0.1286665 0.1286665
0 0.3345688 0.3492747 0.1286665 0.1286665
0 0.5036865 0.3658188 0.1286665 0.1286665
0 0.5349365 0.3842012 0.1286665 0.1286665
0 0.1746424 0.3915541 0.1286665 0.1286665
0 0.5661865 0.4025835 0.1286665 0.1286665
0 0.0992747 0.4099365 0.1286665 0.1286665
0 0.4080982 0.4191276 0.1286665 0.1286665
0 0.3566276 0.4228041 0.1286665 0.1286665
0 0.2886129 0.4228041 0.1286665 0.1286665
0 0.5900835 0.4411865 0.1286665 0.1286665
0 0.4724365 0.5055247 0.1286665 0.1286665
0 0.5275835 0.5165541 0.1286665 0.1286665
0 0.4724365 0.5698629 0.1286665 0.1286665
0 0.3786865 0.5717012 0.1286665 0.1286665
0 0.4338335 0.0000100 0.1286665 0.0827106
0 0.3989071 0.0000100 0.1286665 0.1231518
0 0.4724365 0.0680247 0.1286665 0.1286665
0 0.4742747 0.1728041 0.1286665 0.1286665
0 0.1011129 0.2187600 0.1286665 0.1286665
0 0.1213335 0.3455982 0.1286665 0.1286665
