0 0.3603041 0.6323629 0.1838135 0.1838135
0 0.8694953 0.2481718 0.1286665 0.1286665
0 0.8603041 0.3676571 0.1286665 0.1286665
0 0.4356718 0.3731718 0.1286665 0.1286665
0 0.3014806 0.4614071 0.1286665 0.1286665
0 0.6397159 0.4853041 0.1286665 0.1286665
0 0.5625100 0.5717012 0.1286665 0.1286665
0 0.2536865 0.5900835 0.1286665 0.1286665
0 0.6819953 0.6029512 0.1286665 0.1286665
0 0.6323629 0.6452306 0.1286665 0.1286665
0 0.4853041 0.6967012 0.1286665 0.1286665
0 0.6636129 0.6967012 0.1286665 0.1286665
0 0.4375100 0.7040541 0.1286665 0.1286665
0 0.5110394 0.7353041 0.1286665 0.1286665
0 0.7904512 0.7389806 0.1286665 0.1286665
0 0.5974365 0.7408188 0.1286665 0.1286665
0 0.4172894 0.7481718 0.1286665 0.1286665
0 0.8860394 0.7610394 0.1139606 0.1286665
0 0.6544218 0.8143482 0.1286665 0.1286665
0 0.3860394 0.8161865 0.1286665 0.1286665
0 0.8400835 0.8253776 0.1286665 0.1286665
0 0.4889806 0.8419218 0.1286665 0.1286665
0 0.4467012 0.8676571 0.1286665 0.1286665
0 0.5937600 0.8731718 0.1286665 0.1268282
0 0.5404512 0.8860394 0.1286665 0.1139606
0 0.3805247 0.9136129 0.1286665 0.0863871
0 0.8750100 0.9264806 0.1249900 0.0735194
0 0.7536865 0.9283188 0.1286665 0.0716812
0 0.7095688 0.4669218 0.1286665 0.1286665
0 0.5257453 0.4944953 0.1286665 0.1286665
0 0.4889806 0.5165541 0.1286665 0.1286665
