0 0.3970688 0.2334659 0.1838135 0.1838135
0 0.5330982 0.0992747 0.1286665 0.1286665
0 0.5000100 0.2058924 0.1286665 0.1286665
0 0.2702306 0.2316276 0.1286665 0.1286665
0 0.6084659 0.2316276 0.1286665 0.1286665
0 0.0367747 0.3088335 0.1286665 0.1286665
0 0.2555247 0.4834659 0.1286665 0.1286665
0 0.0000100 0.5128776 0.0643282 0.1286665
0 0.0955982 0.5827306 0.1286665 0.1286665
0 0.0092012 0.6213335 0.1286665 0.1286665
0 0.0000100 0.7242747 0.0790341 0.1286665
0 0.6746424 0.1838335 0.1286665 0.1286665
0 0.3143482 0.2279512 0.1286665 0.1286665
0 0.0220688 0.3419218 0.1286665 0.1286665
0 0.1562600 0.4853041 0.1286665 0.1286665
0 0.3180247 0.4908188 0.1286665 0.1286665
0 0.1654512 0.5606718 0.1286665 0.1286665
0 0.1250100 0.5625100 0.1286665 0.1286665
0 0.3750100 0.5698629 0.1286665 0.1286665
0 0.0000100 0.7592012 0.0937400 0.1286665
