0 0.558823529412 0.238970588235 0.147058823529 0.147058823529
0 0.704044117647 0.512867647059 0.147058823529 0.147058823529
0 0.439338235294 0.378676470588 0.128676470588 0.128676470588
0 0.534926470588 0.397058823529 0.128676470588 0.128676470588
0 0.0 0.441176470588 0.0643382352941 0.128676470588
0 0.40625 0.465073529412 0.128676470588 0.128676470588
0 0.560661764706 0.53125 0.128676470588 0.128676470588
0 0.435661764706 0.545955882353 0.128676470588 0.128676470588
0 0.746323529412 0.709558823529 0.128676470588 0.128676470588
0 0.924632352941 0.873161764706 0.0753676470588 0.126838235294
0 0.479779411765 0.378676470588 0.128676470588 0.128676470588
0 0.373161764706 0.483455882353 0.128676470588 0.128676470588
0 0.556985294118 0.496323529412 0.128676470588 0.128676470588
0 0.297794117647 0.591911764706 0.128676470588 0.128676470588
0 0.584558823529 0.602941176471 0.128676470588 0.128676470588
0 0.207720588235 0.604779411765 0.128676470588 0.128676470588
0 0.700367647059 0.615808823529 0.128676470588 0.128676470588
0 0.689338235294 0.654411764706 0.128676470588 0.128676470588
0 0.505514705882 0.6875 0.128676470588 0.128676470588
0 0.685661764706 0.691176470588 0.128676470588 0.128676470588
0 0.604779411765 0.696691176471 0.128676470588 0.128676470588
0 0.897058823529 0.726102941176 0.102941176471 0.128676470588
0 0.909926470588 0.790441176471 0.0900735294118 0.128676470588
0 0.814338235294 0.794117647059 0.128676470588 0.128676470588
0 0.865808823529 0.816176470588 0.128676470588 0.128676470588
0 0.8125 0.847426470588 0.128676470588 0.128676470588
0 0.792279411765 0.919117647059 0.128676470588 0.0808823529412
