0 0.09375 0.670955882353 0.147058823529 0.147058823529
0 0.676470588235 0.0 0.128676470588 0.0882352941176
0 0.746323529412 0.139705882353 0.128676470588 0.128676470588
0 0.119485294118 0.529411764706 0.128676470588 0.128676470588
0 0.742647058824 0.625 0.128676470588 0.128676470588
0 0.472426470588 0.685661764706 0.128676470588 0.128676470588
0 0.580882352941 0.862132352941 0.128676470588 0.128676470588
0 0.852941176471 0.878676470588 0.128676470588 0.121323529412
0 0.0386029411765 0.450367647059 0.128676470588 0.128676470588
0 0.235294117647 0.625 0.128676470588 0.128676470588
