0 0.5 0.0698529411765 0.183823529412 0.183823529412
0 0.637867647059 0.323529411765 0.147058823529 0.147058823529
0 0.402573529412 0.900735294118 0.147058823529 0.0992647058824
0 0.441176470588 0.0 0.128676470588 0.0772058823529
0 0.503676470588 0.0588235294118 0.128676470588 0.128676470588
0 0.615808823529 0.0606617647059 0.128676470588 0.128676470588
0 0.310661764706 0.0808823529412 0.128676470588 0.128676470588
0 0.288602941176 0.102941176471 0.128676470588 0.128676470588
0 0.849264705882 0.136029411765 0.128676470588 0.128676470588
0 0.880514705882 0.147058823529 0.119485294118 0.128676470588
0 0.525735294118 0.147058823529 0.128676470588 0.128676470588
0 0.681985294118 0.147058823529 0.128676470588 0.128676470588
0 0.494485294118 0.306985294118 0.128676470588 0.128676470588
0 0.873161764706 0.308823529412 0.126838235294 0.128676470588
0 0.784926470588 0.409926470588 0.128676470588 0.128676470588
0 0.591911764706 0.461397058824 0.128676470588 0.128676470588
0 0.431985294118 0.507352941176 0.128676470588 0.128676470588
0 0.424632352941 0.536764705882 0.128676470588 0.128676470588
0 0.558823529412 0.643382352941 0.128676470588 0.128676470588
0 0.525735294118 0.65625 0.128676470588 0.128676470588
0 0.494485294118 0.731617647059 0.128676470588 0.128676470588
0 0.476102941176 0.764705882353 0.128676470588 0.128676470588
0 0.387867647059 0.766544117647 0.128676470588 0.128676470588
0 0.286764705882 0.779411764706 0.128676470588 0.128676470588
0 0.231617647059 0.876838235294 0.128676470588 0.123161764706
0 0.204044117647 0.880514705882 0.128676470588 0.119485294118
0 0.174632352941 0.884191176471 0.128676470588 0.115808823529
0 0.867647058824 0.889705882353 0.128676470588 0.110294117647
0 0.338235294118 0.0 0.128676470588 0.0643382352941
0 0.0 0.0 0.108455882353 0.0900735294118
0 0.400735294118 0.0 0.128676470588 0.102941176471
0 0.430147058824 0.0110294117647 0.128676470588 0.128676470588
0 0.505514705882 0.0257352941176 0.128676470588 0.128676470588
0 0.591911764706 0.0294117647059 0.128676470588 0.128676470588
0 0.716911764706 0.0753676470588 0.128676470588 0.128676470588
0 0.178308823529 0.0955882352941 0.128676470588 0.128676470588
0 0.621323529412 0.108455882353 0.128676470588 0.128676470588
0 0.669117647059 0.112132352941 0.128676470588 0.128676470588
0 0.266544117647 0.123161764706 0.128676470588 0.128676470588
0 0.509191176471 0.174632352941 0.128676470588 0.128676470588
0 0.818014705882 0.183823529412 0.128676470588 0.128676470588
0 0.663602941176 0.185661764706 0.128676470588 0.128676470588
0 0.623161764706 0.204044117647 0.128676470588 0.128676470588
0 0.661764705882 0.229779411765 0.128676470588 0.128676470588
0 0.928308823529 0.242647058824 0.0716911764706 0.128676470588
0 0.533088235294 0.246323529412 0.128676470588 0.128676470588
0 0.409926470588 0.275735294118 0.128676470588 0.128676470588
0 0.865808823529 0.277573529412 0.128676470588 0.128676470588
0 0.643382352941 0.288602941176 0.128676470588 0.128676470588
0 0.744485294118 0.292279411765 0.128676470588 0.128676470588
0 0.40625 0.301470588235 0.128676470588 0.128676470588
0 0.628676470588 0.363970588235 0.128676470588 0.128676470588
0 0.544117647059 0.444852941176 0.128676470588 0.128676470588
0 0.746323529412 0.452205882353 0.128676470588 0.128676470588
0 0.369485294118 0.466911764706 0.128676470588 0.128676470588
0 0.724264705882 0.470588235294 0.128676470588 0.128676470588
0 0.685661764706 0.487132352941 0.128676470588 0.128676470588
0 0.560661764706 0.516544117647 0.128676470588 0.128676470588
0 0.654411764706 0.53125 0.128676470588 0.128676470588
0 0.814338235294 0.580882352941 0.128676470588 0.128676470588
0 0.579044117647 0.628676470588 0.128676470588 0.128676470588
0 0.376838235294 0.702205882353 0.128676470588 0.128676470588
0 0.305147058824 0.727941176471 0.128676470588 0.128676470588
0 0.365808823529 0.779411764706 0.128676470588 0.128676470588
0 0.507352941176 0.845588235294 0.128676470588 0.128676470588
0 0.428308823529 0.880514705882 0.128676470588 0.119485294118
0 0.505514705882 0.902573529412 0.128676470588 0.0974264705882
0 0.178308823529 0.928308823529 0.128676470588 0.0716911764706
0 0.84375 0.933823529412 0.128676470588 0.0661764705882
