0 0.0147058823529 0.224264705882 0.128676470588 0.128676470588
0 0.0165441176471 0.542279411765 0.128676470588 0.128676470588
0 0.207720588235 0.689338235294 0.128676470588 0.128676470588
0 0.386029411765 0.716911764706 0.128676470588 0.128676470588
0 0.555147058824 0.904411764706 0.128676470588 0.0955882352941
0 0.0845588235294 0.0 0.128676470588 0.0992647058824
0 0.0294117647059 0.0882352941176 0.128676470588 0.128676470588
0 0.0404411764706 0.573529411765 0.128676470588 0.128676470588
0 0.00183823529412 0.586397058824 0.128676470588 0.128676470588
0 0.380514705882 0.619485294118 0.128676470588 0.128676470588
0 0.227941176471 0.715073529412 0.128676470588 0.128676470588
