0 0.895220588235 0.261029411765 0.104779411765 0.183823529412
0 0.375 0.0 0.128676470588 0.0974264705882
0 0.582720588235 0.0 0.128676470588 0.126838235294
0 0.573529411765 0.139705882353 0.128676470588 0.128676470588
0 0.509191176471 0.220588235294 0.128676470588 0.128676470588
0 0.568014705882 0.397058823529 0.128676470588 0.128676470588
0 0.358455882353 0.472426470588 0.128676470588 0.128676470588
0 0.0183823529412 0.619485294118 0.128676470588 0.128676470588
0 0.766544117647 0.775735294118 0.128676470588 0.128676470588
0 0.00735294117647 0.858455882353 0.128676470588 0.128676470588
