0 0.4614071 0.4228041 0.1838135 0.1838135
0 0.4853041 0.2610394 0.1470488 0.1470488
0 0.4816276 0.3437600 0.1470488 0.1470488
0 0.3014806 0.3658188 0.1470488 0.1470488
0 0.4154512 0.5514806 0.1470488 0.1470488
0 0.3014806 0.6011129 0.1470488 0.1470488
0 0.2812600 0.6525835 0.1470488 0.1470488
0 0.2757453 0.7665541 0.1470488 0.1470488
0 0.3033188 0.2316276 0.1286665 0.1286665
0 0.5202306 0.3088335 0.1286665 0.1286665
0 0.4467012 0.3952306 0.1286665 0.1286665
0 0.3180247 0.4062600 0.1286665 0.1286665
0 0.2720688 0.4375100 0.1286665 0.1286665
0 0.3235394 0.4687600 0.1286665 0.1286665
0 0.4558924 0.4816276 0.1286665 0.1286665
0 0.3842012 0.5294218 0.1286665 0.1286665
0 0.2720688 0.5606718 0.1286665 0.1286665
0 0.3768482 0.5643482 0.1286665 0.1286665
0 0.3621424 0.6875100 0.1286665 0.1286665
0 0.3915541 0.2886129 0.1286665 0.1286665
0 0.3676571 0.3161865 0.1286665 0.1286665
0 0.3217012 0.3217012 0.1286665 0.1286665
0 0.4908188 0.3217012 0.1286665 0.1286665
0 0.4485394 0.3364071 0.1286665 0.1286665
0 0.3842012 0.3658188 0.1286665 0.1286665
0 0.2353041 0.4467012 0.1286665 0.1286665
0 0.4246424 0.4467012 0.1286665 0.1286665
0 0.2353041 0.4687600 0.1286665 0.1286665
0 0.3989071 0.4724365 0.1286665 0.1286665
0 0.2849365 0.4797894 0.1286665 0.1286665
0 0.1967012 0.4834659 0.1286665 0.1286665
0 0.2426571 0.4853041 0.1286665 0.1286665
0 0.2647159 0.4889806 0.1286665 0.1286665
0 0.2628776 0.5220688 0.1286665 0.1286665
0 0.3272159 0.5220688 0.1286665 0.1286665
0 0.2224365 0.5312600 0.1286665 0.1286665
0 0.4614071 0.5386129 0.1286665 0.1286665
0 0.4926571 0.5643482 0.1286665 0.1286665
0 0.1930247 0.5717012 0.1286665 0.1286665
0 0.3676571 0.6231718 0.1286665 0.1286665
0 0.3143482 0.7334659 0.1286665 0.1286665
0 0.2353041 0.7573629 0.1286665 0.1286665
0 0.2095688 0.7592012 0.1286665 0.1286665
0 0.2205982 0.7849365 0.1286665 0.1286665
0 0.1893482 0.8419218 0.1286665 0.1286665
