0 0.816176470588 0.0992647058824 0.183823529412 0.183823529412
0 0.806985294118 0.748161764706 0.183823529412 0.183823529412
0 0.540441176471 0.0 0.128676470588 0.128676470588
0 0.455882352941 0.00551470588235 0.128676470588 0.128676470588
0 0.75 0.0606617647059 0.128676470588 0.128676470588
0 0.395220588235 0.112132352941 0.128676470588 0.128676470588
0 0.704044117647 0.266544117647 0.128676470588 0.128676470588
0 0.873161764706 0.318014705882 0.126838235294 0.128676470588
0 0.704044117647 0.352941176471 0.128676470588 0.128676470588
0 0.647058823529 0.59375 0.128676470588 0.128676470588
