0 0.341911764706 0.834558823529 0.183823529412 0.165441176471
0 0.832720588235 0.183823529412 0.147058823529 0.147058823529
0 0.0 0.196691176471 0.125 0.128676470588
0 0.246323529412 0.283088235294 0.128676470588 0.128676470588
0 0.0 0.321691176471 0.0863970588235 0.128676470588
0 0.0 0.485294117647 0.0919117647059 0.128676470588
0 0.0 0.529411764706 0.0753676470588 0.128676470588
0 0.202205882353 0.597426470588 0.128676470588 0.128676470588
0 0.0 0.610294117647 0.0974264705882 0.128676470588
0 0.112132352941 0.610294117647 0.128676470588 0.128676470588
0 0.0569852941176 0.634191176471 0.128676470588 0.128676470588
0 0.0 0.770220588235 0.0900735294118 0.128676470588
0 0.0 0.810661764706 0.0753676470588 0.128676470588
0 0.172794117647 0.181985294118 0.128676470588 0.128676470588
0 0.189338235294 0.272058823529 0.128676470588 0.128676470588
0 0.191176470588 0.647058823529 0.128676470588 0.128676470588
