0 0.0000100 0.9025835 0.1360194 0.0974165
0 0.0937600 0.0000100 0.1286665 0.0863871
0 0.1856718 0.0092012 0.1286665 0.1286665
0 0.0606718 0.1286865 0.1286665 0.1286665
0 0.0000100 0.1470688 0.1010929 0.1286665
0 0.1893482 0.2297894 0.1286665 0.1286665
0 0.0000100 0.2518482 0.1084459 0.1286665
0 0.0349365 0.3235394 0.1286665 0.1286665
0 0.3842012 0.3933924 0.1286665 0.1286665
0 0.2150835 0.4283188 0.1286665 0.1286665
0 0.0330982 0.5220688 0.1286665 0.1286665
0 0.2683924 0.7261129 0.1286665 0.1286665
0 0.3217012 0.7683924 0.1286665 0.1286665
0 0.5496424 0.7959659 0.1286665 0.1286665
0 0.1470688 0.8805247 0.1286665 0.1194753
0 0.8805247 0.3694953 0.1194753 0.1286665
0 0.0000100 0.4062600 0.1249900 0.1286665
0 0.3143482 0.4963335 0.1286665 0.1286665
0 0.3566276 0.5533188 0.1286665 0.1286665
0 0.0294218 0.5955982 0.1286665 0.1286665
0 0.0000100 0.6599365 0.1249900 0.1286665
0 0.2353041 0.7444953 0.1286665 0.1286665
0 0.2058924 0.7867747 0.1286665 0.1286665
0 0.2720688 0.7941276 0.1286665 0.1286665
0 0.2261129 0.8676571 0.1286665 0.1286665
0 0.1948629 0.8805247 0.1286665 0.1194753
