0 0.358455882353 0.65625 0.128676470588 0.128676470588
0 0.384191176471 0.661764705882 0.128676470588 0.128676470588
0 0.808823529412 0.681985294118 0.128676470588 0.128676470588
0 0.476102941176 0.783088235294 0.128676470588 0.128676470588
0 0.316176470588 0.297794117647 0.128676470588 0.128676470588
0 0.691176470588 0.395220588235 0.128676470588 0.128676470588
0 0.722426470588 0.571691176471 0.128676470588 0.128676470588
0 0.518382352941 0.610294117647 0.128676470588 0.128676470588
0 0.698529411765 0.652573529412 0.128676470588 0.128676470588
0 0.512867647059 0.65625 0.128676470588 0.128676470588
0 0.439338235294 0.698529411765 0.128676470588 0.128676470588
0 0.628676470588 0.709558823529 0.128676470588 0.128676470588
0 0.461397058824 0.744485294118 0.128676470588 0.128676470588
0 0.893382352941 0.759191176471 0.106617647059 0.128676470588
0 0.770220588235 0.786764705882 0.128676470588 0.128676470588
0 0.685661764706 0.806985294118 0.128676470588 0.128676470588
0 0.446691176471 0.827205882353 0.128676470588 0.128676470588
0 0.272058823529 0.840073529412 0.128676470588 0.128676470588
0 0.479779411765 0.878676470588 0.128676470588 0.121323529412
0 0.803308823529 0.922794117647 0.128676470588 0.0772058823529
0 0.470588235294 0.928308823529 0.128676470588 0.0716911764706
0 0.753676470588 0.930147058824 0.128676470588 0.0698529411765
0 0.880514705882 0.931985294118 0.119485294118 0.0680147058824
