0 0.792279411765 0.193014705882 0.183823529412 0.183823529412
0 0.610294117647 0.0386029411765 0.128676470588 0.128676470588
0 0.676470588235 0.102941176471 0.128676470588 0.128676470588
0 0.873161764706 0.255514705882 0.126838235294 0.128676470588
0 0.867647058824 0.329044117647 0.128676470588 0.128676470588
0 0.847426470588 0.0 0.128676470588 0.0772058823529
0 0.384191176471 0.0 0.128676470588 0.0882352941176
0 0.59375 0.0 0.128676470588 0.0955882352941
0 0.909926470588 0.0 0.0900735294118 0.121323529412
0 0.865808823529 0.00367647058824 0.128676470588 0.128676470588
0 0.373161764706 0.0165441176471 0.128676470588 0.128676470588
0 0.672794117647 0.0238970588235 0.128676470588 0.128676470588
0 0.375 0.0514705882353 0.128676470588 0.128676470588
0 0.305147058824 0.0716911764706 0.128676470588 0.128676470588
0 0.909926470588 0.09375 0.0900735294118 0.128676470588
0 0.463235294118 0.104779411765 0.128676470588 0.128676470588
0 0.738970588235 0.147058823529 0.128676470588 0.128676470588
0 0.920955882353 0.154411764706 0.0790441176471 0.128676470588
0 0.908088235294 0.178308823529 0.0919117647059 0.128676470588
0 0.345588235294 0.181985294118 0.128676470588 0.128676470588
0 0.422794117647 0.193014705882 0.128676470588 0.128676470588
0 0.628676470588 0.193014705882 0.128676470588 0.128676470588
0 0.909926470588 0.209558823529 0.0900735294118 0.128676470588
0 0.560661764706 0.268382352941 0.128676470588 0.128676470588
0 0.911764705882 0.330882352941 0.0882352941176 0.128676470588
