0 0.6342012 0.0183924 0.1838135 0.1838135
0 0.4963335 0.0625100 0.1470488 0.1470488
0 0.7849365 0.1507453 0.1470488 0.1470488
0 0.0827306 0.2316276 0.1470488 0.1470488
0 0.7297894 0.2812600 0.1470488 0.1470488
0 0.5790541 0.3639806 0.1470488 0.1470488
0 0.2978041 0.4154512 0.1470488 0.1470488
0 0.6378776 0.4467012 0.1470488 0.1470488
0 0.4853041 0.4705982 0.1470488 0.1470488
0 0.6801571 0.6562600 0.1470488 0.1470488
0 0.2702306 0.7022159 0.1470488 0.1470488
0 0.9007453 0.8419218 0.0992547 0.1470488
0 0.1599365 0.4577306 0.1286665 0.1286665
0 0.4577306 0.5717012 0.1286665 0.1286665
0 0.8603041 0.5900835 0.1286665 0.1286665
0 0.7353041 0.8842012 0.1286665 0.1157988
