0 0.533088235294 0.806985294118 0.183823529412 0.183823529412
0 0.536764705882 0.0827205882353 0.128676470588 0.128676470588
0 0.615808823529 0.509191176471 0.128676470588 0.128676470588
0 0.536764705882 0.634191176471 0.128676470588 0.128676470588
0 0.5 0.733455882353 0.128676470588 0.128676470588
0 0.748161764706 0.78125 0.128676470588 0.128676470588
0 0.0 0.784926470588 0.0863970588235 0.128676470588
0 0.700367647059 0.862132352941 0.128676470588 0.128676470588
0 0.397058823529 0.897058823529 0.128676470588 0.102941176471
0 0.700367647059 0.930147058824 0.128676470588 0.0698529411765
0 0.643382352941 0.672794117647 0.128676470588 0.128676470588
0 0.551470588235 0.698529411765 0.128676470588 0.128676470588
0 0.371323529412 0.808823529412 0.128676470588 0.128676470588
