0 0.0 0.0882352941176 0.15625 0.183823529412
0 0.529411764706 0.340073529412 0.183823529412 0.183823529412
0 0.472426470588 0.0716911764706 0.128676470588 0.128676470588
0 0.509191176471 0.591911764706 0.128676470588 0.128676470588
0 0.299632352941 0.610294117647 0.128676470588 0.128676470588
0 0.465073529412 0.700367647059 0.128676470588 0.128676470588
0 0.00367647058824 0.772058823529 0.128676470588 0.128676470588
0 0.286764705882 0.806985294118 0.128676470588 0.128676470588
0 0.0716911764706 0.821691176471 0.128676470588 0.128676470588
0 0.154411764706 0.827205882353 0.128676470588 0.128676470588
