0 0.930147058824 0.0863970588235 0.0698529411765 0.128676470588
0 0.920955882353 0.123161764706 0.0790441176471 0.128676470588
0 0.518382352941 0.125 0.128676470588 0.128676470588
0 0.867647058824 0.134191176471 0.128676470588 0.128676470588
0 0.650735294118 0.136029411765 0.128676470588 0.128676470588
0 0.409926470588 0.169117647059 0.128676470588 0.128676470588
0 0.525735294118 0.211397058824 0.128676470588 0.128676470588
0 0.801470588235 0.259191176471 0.128676470588 0.128676470588
0 0.512867647059 0.341911764706 0.128676470588 0.128676470588
0 0.889705882353 0.0661764705882 0.110294117647 0.128676470588
0 0.845588235294 0.0845588235294 0.128676470588 0.128676470588
0 0.849264705882 0.761029411765 0.128676470588 0.128676470588
