0 0.547794117647 0.125 0.147058823529 0.147058823529
0 0.863970588235 0.590073529412 0.136029411765 0.147058823529
0 0.908088235294 0.876838235294 0.0919117647059 0.123161764706
0 0.887867647059 0.643382352941 0.112132352941 0.128676470588
0 0.784926470588 0.676470588235 0.128676470588 0.128676470588
0 0.59375 0.181985294118 0.128676470588 0.128676470588
0 0.579044117647 0.25 0.128676470588 0.128676470588
0 0.784926470588 0.369485294118 0.128676470588 0.128676470588
0 0.845588235294 0.512867647059 0.128676470588 0.128676470588
0 0.783088235294 0.591911764706 0.128676470588 0.128676470588
0 0.834558823529 0.615808823529 0.128676470588 0.128676470588
0 0.773897058824 0.619485294118 0.128676470588 0.128676470588
0 0.814338235294 0.639705882353 0.128676470588 0.128676470588
0 0.825367647059 0.658088235294 0.128676470588 0.128676470588
0 0.873161764706 0.665441176471 0.126838235294 0.128676470588
0 0.869485294118 0.6875 0.128676470588 0.128676470588
0 0.891544117647 0.707720588235 0.108455882353 0.128676470588
0 0.806985294118 0.713235294118 0.128676470588 0.128676470588
0 0.862132352941 0.737132352941 0.128676470588 0.128676470588
0 0.889705882353 0.797794117647 0.110294117647 0.128676470588
