0 0.6948629 0.0827306 0.1838135 0.1838135
0 0.8603041 0.0036865 0.1286665 0.1286665
0 0.6728041 0.0183924 0.1286665 0.1286665
0 0.7297894 0.0404512 0.1286665 0.1286665
0 0.6084659 0.0625100 0.1286665 0.1286665
0 0.6525835 0.1342012 0.1286665 0.1286665
0 0.4944953 0.1764806 0.1286665 0.1286665
0 0.8106718 0.1783188 0.1286665 0.1286665
0 0.7022159 0.1967012 0.1286665 0.1286665
0 0.7389806 0.2555247 0.1286665 0.1286665
0 0.6121424 0.2683924 0.1286665 0.1286665
0 0.6728041 0.2830982 0.1286665 0.1286665
0 0.7095688 0.2886129 0.1286665 0.1286665
0 0.4705982 0.2904512 0.1286665 0.1286665
0 0.3970688 0.3455982 0.1286665 0.1286665
0 0.5790541 0.3915541 0.1286665 0.1286665
0 0.7573629 0.3915541 0.1286665 0.1286665
0 0.6525835 0.4283188 0.1286665 0.1286665
0 0.4448629 0.4356718 0.1286665 0.1286665
0 0.5735394 0.4724365 0.1286665 0.1286665
0 0.4871424 0.4963335 0.1286665 0.1286665
0 0.6489071 0.5092012 0.1286665 0.1286665
0 0.6967012 0.5349365 0.1286665 0.1286665
0 0.6525835 0.5790541 0.1286665 0.1286665
0 0.7463335 0.5900835 0.1286665 0.1286665
0 0.8180247 0.5992747 0.1286665 0.1286665
0 0.6286865 0.6268482 0.1286665 0.1286665
0 0.2261129 0.6415541 0.1286665 0.1286665
0 0.7279512 0.6415541 0.1286665 0.1286665
0 0.3603041 0.6452306 0.1286665 0.1286665
0 0.5900835 0.6599365 0.1286665 0.1286665
0 0.6746424 0.6728041 0.1286665 0.1286665
0 0.7077306 0.7040541 0.1286665 0.1286665
0 0.4797894 0.7224365 0.1286665 0.1286665
0 0.1709659 0.7389806 0.1286665 0.1286665
0 0.3842012 0.7757453 0.1286665 0.1286665
0 0.4172894 0.8253776 0.1286665 0.1286665
0 0.4926571 0.8235394 0.1286665 0.1286665
0 0.2058924 0.8933924 0.1286665 0.1066076
0 0.1691276 0.9080982 0.1286665 0.0919018
0 0.3492747 0.9080982 0.1286665 0.0919018
0 0.9099365 0.0275835 0.0900635 0.1286665
0 0.5147159 0.3713335 0.1286665 0.1286665
0 0.8529512 0.4540541 0.1286665 0.1286665
0 0.6764806 0.5533188 0.1286665 0.1286665
0 0.5073629 0.5643482 0.1286665 0.1286665
0 0.6636129 0.5974365 0.1286665 0.1286665
0 0.4301571 0.6084659 0.1286665 0.1286665
