0 0.748161764706 0.259191176471 0.183823529412 0.183823529412
0 0.358455882353 0.0 0.128676470588 0.0790441176471
0 0.53125 0.0183823529412 0.128676470588 0.128676470588
0 0.645220588235 0.273897058824 0.128676470588 0.128676470588
0 0.766544117647 0.400735294118 0.128676470588 0.128676470588
0 0.522058823529 0.454044117647 0.128676470588 0.128676470588
0 0.625 0.522058823529 0.128676470588 0.128676470588
0 0.294117647059 0.534926470588 0.128676470588 0.128676470588
0 0.612132352941 0.661764705882 0.128676470588 0.128676470588
0 0.759191176471 0.665441176471 0.128676470588 0.128676470588
0 0.4375 0.759191176471 0.128676470588 0.128676470588
