0 0.751838235294 0.09375 0.128676470588 0.128676470588
0 0.619485294118 0.134191176471 0.128676470588 0.128676470588
0 0.610294117647 0.185661764706 0.128676470588 0.128676470588
0 0.577205882353 0.270220588235 0.128676470588 0.128676470588
0 0.547794117647 0.347426470588 0.128676470588 0.128676470588
0 0.746323529412 0.362132352941 0.128676470588 0.128676470588
0 0.84375 0.4375 0.128676470588 0.128676470588
0 0.904411764706 0.672794117647 0.0955882352941 0.128676470588
0 0.698529411765 0.0606617647059 0.128676470588 0.128676470588
0 0.810661764706 0.290441176471 0.128676470588 0.128676470588
0 0.59375 0.358455882353 0.128676470588 0.128676470588
0 0.556985294118 0.422794117647 0.128676470588 0.128676470588
0 0.840073529412 0.569852941176 0.128676470588 0.128676470588
