0 0.0000100 0.4853041 0.0919018 0.1838135
0 0.7959659 0.8437600 0.1838135 0.1562400
0 0.1176571 0.1856718 0.1286665 0.1286665
0 0.0000100 0.2242747 0.1231518 0.1286665
0 0.1213335 0.2371424 0.1286665 0.1286665
0 0.1360394 0.4485394 0.1286665 0.1286665
0 0.2261129 0.5680247 0.1286665 0.1286665
0 0.1250100 0.6231718 0.1286665 0.1286665
0 0.0000100 0.6323629 0.0882253 0.1286665
0 0.1599365 0.6489071 0.1286665 0.1286665
0 0.6286865 0.6599365 0.1286665 0.1286665
0 0.3860394 0.7077306 0.1286665 0.1286665
0 0.1580982 0.7132453 0.1286665 0.1286665
0 0.2978041 0.7941276 0.1286665 0.1286665
0 0.1544218 0.8161865 0.1286665 0.1286665
0 0.0422894 0.5606718 0.1286665 0.1286665
0 0.6580982 0.6250100 0.1286665 0.1286665
0 0.5772159 0.6525835 0.1286665 0.1286665
