0 0.571691176471 0.00367647058824 0.128676470588 0.128676470588
0 0.522058823529 0.220588235294 0.128676470588 0.128676470588
0 0.875 0.395220588235 0.125 0.128676470588
0 0.722426470588 0.477941176471 0.128676470588 0.128676470588
0 0.808823529412 0.819852941176 0.128676470588 0.128676470588
0 0.680147058824 0.841911764706 0.128676470588 0.128676470588
0 0.547794117647 0.0 0.128676470588 0.0919117647059
0 0.623161764706 0.0 0.128676470588 0.121323529412
0 0.661764705882 0.174632352941 0.128676470588 0.128676470588
0 0.542279411765 0.257352941176 0.128676470588 0.128676470588
0 0.253676470588 0.279411764706 0.128676470588 0.128676470588
0 0.876838235294 0.284926470588 0.123161764706 0.128676470588
0 0.886029411765 0.345588235294 0.113970588235 0.128676470588
0 0.900735294118 0.435661764706 0.0992647058824 0.128676470588
0 0.917279411765 0.5 0.0827205882353 0.128676470588
0 0.0863970588235 0.527573529412 0.128676470588 0.128676470588
0 0.391544117647 0.544117647059 0.128676470588 0.128676470588
0 0.402573529412 0.568014705882 0.128676470588 0.128676470588
0 0.538602941176 0.571691176471 0.128676470588 0.128676470588
0 0.900735294118 0.59375 0.0992647058824 0.128676470588
0 0.193014705882 0.619485294118 0.128676470588 0.128676470588
0 0.00367647058824 0.625 0.128676470588 0.128676470588
0 0.71875 0.65625 0.128676470588 0.128676470588
0 0.904411764706 0.674632352941 0.0955882352941 0.128676470588
0 0.669117647059 0.715073529412 0.128676470588 0.128676470588
0 0.891544117647 0.715073529412 0.108455882353 0.128676470588
0 0.847426470588 0.724264705882 0.128676470588 0.128676470588
0 0.803308823529 0.768382352941 0.128676470588 0.128676470588
0 0.713235294118 0.770220588235 0.128676470588 0.128676470588
0 0.670955882353 0.78125 0.128676470588 0.128676470588
0 0.229779411765 0.784926470588 0.128676470588 0.128676470588
0 0.674632352941 0.8125 0.128676470588 0.128676470588
