0 0.0698529411765 0.0643382352941 0.183823529412 0.183823529412
0 0.459558823529 0.529411764706 0.183823529412 0.183823529412
0 0.722426470588 0.170955882353 0.147058823529 0.147058823529
0 0.242647058824 0.226102941176 0.128676470588 0.128676470588
0 0.623161764706 0.332720588235 0.128676470588 0.128676470588
0 0.148897058824 0.365808823529 0.128676470588 0.128676470588
0 0.465073529412 0.400735294118 0.128676470588 0.128676470588
0 0.198529411765 0.501838235294 0.128676470588 0.128676470588
0 0.279411764706 0.544117647059 0.128676470588 0.128676470588
0 0.15625 0.612132352941 0.128676470588 0.128676470588
0 0.240808823529 0.507352941176 0.128676470588 0.128676470588
