0 0.582720588235 0.663602941176 0.183823529412 0.183823529412
0 0.678308823529 0.514705882353 0.128676470588 0.128676470588
0 0.619485294118 0.634191176471 0.128676470588 0.128676470588
0 0.759191176471 0.652573529412 0.128676470588 0.128676470588
0 0.505514705882 0.658088235294 0.128676470588 0.128676470588
0 0.533088235294 0.674632352941 0.128676470588 0.128676470588
0 0.476102941176 0.689338235294 0.128676470588 0.128676470588
0 0.536764705882 0.707720588235 0.128676470588 0.128676470588
0 0.661764705882 0.729779411765 0.128676470588 0.128676470588
0 0.553308823529 0.738970588235 0.128676470588 0.128676470588
0 0.490808823529 0.753676470588 0.128676470588 0.128676470588
0 0.5625 0.783088235294 0.128676470588 0.128676470588
0 0.770220588235 0.801470588235 0.128676470588 0.128676470588
0 0.498161764706 0.830882352941 0.128676470588 0.128676470588
0 0.613970588235 0.897058823529 0.128676470588 0.102941176471
0 0.544117647059 0.908088235294 0.128676470588 0.0919117647059
0 0.481617647059 0.922794117647 0.128676470588 0.0772058823529
0 0.661764705882 0.448529411765 0.128676470588 0.128676470588
0 0.729779411765 0.534926470588 0.128676470588 0.128676470588
0 0.768382352941 0.584558823529 0.128676470588 0.128676470588
0 0.466911764706 0.797794117647 0.128676470588 0.128676470588
0 0.534926470588 0.816176470588 0.128676470588 0.128676470588
0 0.742647058824 0.827205882353 0.128676470588 0.128676470588
0 0.433823529412 0.847426470588 0.128676470588 0.128676470588
0 0.514705882353 0.869485294118 0.128676470588 0.128676470588
0 0.571691176471 0.897058823529 0.128676470588 0.102941176471
0 0.766544117647 0.904411764706 0.128676470588 0.0955882352941
0 0.674632352941 0.911764705882 0.128676470588 0.0882352941176
