0 0.5349365 0.1507453 0.1838135 0.1838135
0 0.5165541 0.7481718 0.1838135 0.1838135
0 0.6893482 0.0000100 0.1470488 0.1213135
0 0.1801571 0.1084659 0.1286665 0.1286665
0 0.0000100 0.1139806 0.0790341 0.1286665
0 0.8327306 0.1231718 0.1286665 0.1286665
0 0.0459659 0.1433924 0.1286665 0.1286665
0 0.9338335 0.1525835 0.0661665 0.1286665
0 0.6672894 0.1617747 0.1286665 0.1286665
0 0.6360394 0.2132453 0.1286665 0.1286665
0 0.7941276 0.2316276 0.1286665 0.1286665
0 0.5661865 0.2959659 0.1286665 0.1286665
0 0.7904512 0.3750100 0.1286665 0.1286665
0 0.8694953 0.4044218 0.1286665 0.1286665
0 0.9062600 0.4540541 0.0937400 0.1286665
0 0.6728041 0.5735394 0.1286665 0.1286665
0 0.0992747 0.2095688 0.1286665 0.1286665
0 0.6875100 0.2261129 0.1286665 0.1286665
0 0.6930247 0.2555247 0.1286665 0.1286665
