0 0.0661764705882 0.0 0.128676470588 0.0919117647059
0 0.349264705882 0.0 0.128676470588 0.102941176471
0 0.0 0.0 0.0772058823529 0.126838235294
0 0.15625 0.0257352941176 0.128676470588 0.128676470588
0 0.0551470588235 0.0477941176471 0.128676470588 0.128676470588
0 0.0 0.09375 0.113970588235 0.128676470588
0 0.0772058823529 0.121323529412 0.128676470588 0.128676470588
0 0.0 0.180147058824 0.0790441176471 0.128676470588
0 0.387867647059 0.279411764706 0.128676470588 0.128676470588
0 0.505514705882 0.382352941176 0.128676470588 0.128676470588
0 0.306985294118 0.404411764706 0.128676470588 0.128676470588
0 0.402573529412 0.520220588235 0.128676470588 0.128676470588
0 0.248161764706 0.0551470588235 0.128676470588 0.128676470588
0 0.159926470588 0.0863970588235 0.128676470588 0.128676470588
0 0.147058823529 0.444852941176 0.128676470588 0.128676470588
0 0.319852941176 0.556985294118 0.128676470588 0.128676470588
