0 0.443014705882 0.387867647059 0.128676470588 0.128676470588
0 0.795955882353 0.426470588235 0.128676470588 0.128676470588
0 0.895220588235 0.441176470588 0.104779411765 0.128676470588
0 0.863970588235 0.492647058824 0.128676470588 0.128676470588
0 0.632352941176 0.520220588235 0.128676470588 0.128676470588
0 0.534926470588 0.556985294118 0.128676470588 0.128676470588
0 0.825367647059 0.558823529412 0.128676470588 0.128676470588
0 0.369485294118 0.590073529412 0.128676470588 0.128676470588
0 0.930147058824 0.641544117647 0.0698529411765 0.128676470588
0 0.867647058824 0.715073529412 0.128676470588 0.128676470588
0 0.569852941176 0.729779411765 0.128676470588 0.128676470588
0 0.790441176471 0.84375 0.128676470588 0.128676470588
0 0.794117647059 0.6875 0.128676470588 0.128676470588
0 0.691176470588 0.919117647059 0.128676470588 0.0808823529412
