0 0.4448629 0.7095688 0.1838135 0.1838135
0 0.7077306 0.7518482 0.1838135 0.1838135
0 0.3180247 0.0000100 0.1286665 0.0992547
0 0.8382453 0.0073629 0.1286665 0.1286665
0 0.4853041 0.0496424 0.1286665 0.1286665
0 0.0000100 0.0735394 0.1102841 0.1286665
0 0.5128776 0.1801571 0.1286665 0.1286665
0 0.9338335 0.2132453 0.0661665 0.1286665
0 0.0000100 0.2261129 0.1268282 0.1286665
0 0.2261129 0.2573629 0.1286665 0.1286665
0 0.5036865 0.2757453 0.1286665 0.1286665
0 0.0404512 0.3786865 0.1286665 0.1286665
0 0.9062600 0.4301571 0.0937400 0.1286665
0 0.6452306 0.5808924 0.1286665 0.1286665
0 0.1029512 0.5919218 0.1286665 0.1286665
0 0.8125100 0.6231718 0.1286665 0.1286665
0 0.0220688 0.6305247 0.1286665 0.1286665
0 0.8989071 0.7812600 0.1010929 0.1286665
0 0.0183924 0.7849365 0.1286665 0.1286665
0 0.4025835 0.8511129 0.1286665 0.1286665
0 0.0000100 0.4044218 0.1249900 0.1286665
0 0.2463335 0.5661865 0.1286665 0.1286665
0 0.3125100 0.6286865 0.1286665 0.1286665
