0 0.1397159 0.8069953 0.1286665 0.1286665
0 0.3014806 0.8161865 0.1286665 0.1286665
0 0.1893482 0.8455982 0.1286665 0.1286665
0 0.2463335 0.8676571 0.1286665 0.1286665
0 0.1801571 0.6323629 0.1286665 0.1286665
0 0.2095688 0.8584659 0.1286665 0.1286665
0 0.1047894 0.8603041 0.1286665 0.1286665
0 0.1231718 0.8731718 0.1286665 0.1268282
0 0.2095688 0.8842012 0.1286665 0.1157988
0 0.1507453 0.8915541 0.1286665 0.1084459
0 0.3253776 0.8970688 0.1286665 0.1029312
0 0.2224365 0.9301571 0.1286665 0.0698429
