0 0.2665541 0.0000100 0.1838135 0.1341812
0 0.1856718 0.2628776 0.1838135 0.1838135
0 0.7849365 0.6599365 0.1838135 0.1838135
0 0.7224365 0.2389806 0.1470488 0.1470488
0 0.3603041 0.2592012 0.1470488 0.1470488
0 0.4816276 0.0000100 0.1286665 0.0643282
0 0.7573629 0.0000100 0.1286665 0.0643282
0 0.0404512 0.0000100 0.1286665 0.0716812
0 0.4080982 0.0000100 0.1286665 0.0716812
0 0.4356718 0.0000100 0.1286665 0.0753576
0 0.9228041 0.0000100 0.0771959 0.0753576
0 0.1856718 0.0000100 0.1286665 0.0790341
0 0.5735394 0.0000100 0.1286665 0.0827106
0 0.0036865 0.0000100 0.1286665 0.0845488
0 0.6250100 0.0000100 0.1286665 0.0863871
0 0.0000100 0.0000100 0.0992547 0.0882253
0 0.1047894 0.0000100 0.1286665 0.0937400
0 0.4319953 0.0000100 0.1286665 0.0955782
0 0.6636129 0.0000100 0.1286665 0.0974165
0 0.7463335 0.0000100 0.1286665 0.0992547
0 0.7095688 0.0000100 0.1286665 0.1029312
0 0.1121424 0.0000100 0.1286665 0.1194753
0 0.7628776 0.0000100 0.1286665 0.1194753
0 0.0294218 0.0000100 0.1286665 0.1213135
0 0.5459659 0.0000100 0.1286665 0.1213135
0 0.0000100 0.0055247 0.1139606 0.1286665
0 0.7739071 0.0055247 0.1286665 0.1286665
0 0.3860394 0.0092012 0.1286665 0.1286665
0 0.7297894 0.0092012 0.1286665 0.1286665
0 0.4724365 0.0128776 0.1286665 0.1286665
0 0.5864071 0.0147159 0.1286665 0.1286665
0 0.7867747 0.0257453 0.1286665 0.1286665
0 0.5018482 0.0294218 0.1286665 0.1286665
0 0.0404512 0.0294218 0.1286665 0.1286665
0 0.2775835 0.0294218 0.1286665 0.1286665
0 0.3474365 0.0349365 0.1286665 0.1286665
0 0.7555247 0.0422894 0.1286665 0.1286665
0 0.0661865 0.0496424 0.1286665 0.1286665
0 0.3161865 0.0496424 0.1286665 0.1286665
0 0.1838335 0.0533188 0.1286665 0.1286665
0 0.3989071 0.0606718 0.1286665 0.1286665
0 0.2481718 0.0606718 0.1286665 0.1286665
0 0.1176571 0.0643482 0.1286665 0.1286665
0 0.6378776 0.0643482 0.1286665 0.1286665
0 0.5974365 0.0661865 0.1286665 0.1286665
0 0.7849365 0.0735394 0.1286665 0.1286665
0 0.6636129 0.0772159 0.1286665 0.1286665
0 0.2114071 0.0827306 0.1286665 0.1286665
0 0.0000100 0.0900835 0.0863871 0.1286665
0 0.4191276 0.0919218 0.1286665 0.1286665
0 0.5974365 0.0992747 0.1286665 0.1286665
0 0.5588335 0.1011129 0.1286665 0.1286665
0 0.4595688 0.1084659 0.1286665 0.1286665
0 0.9099365 0.1121424 0.0900635 0.1286665
0 0.5955982 0.1139806 0.1286665 0.1286665
0 0.6728041 0.1139806 0.1286665 0.1286665
0 0.3217012 0.1176571 0.1286665 0.1286665
0 0.1764806 0.1231718 0.1286665 0.1286665
0 0.7610394 0.1231718 0.1286665 0.1286665
0 0.3823629 0.1250100 0.1286665 0.1286665
0 0.6194953 0.1286865 0.1286665 0.1286665
0 0.0606718 0.1378776 0.1286665 0.1286665
0 0.2132453 0.1378776 0.1286665 0.1286665
0 0.8161865 0.1397159 0.1286665 0.1286665
0 0.2592012 0.1562600 0.1286665 0.1286665
0 0.8768482 0.1580982 0.1231518 0.1286665
0 0.1470688 0.1580982 0.1286665 0.1286665
0 0.1764806 0.1599365 0.1286665 0.1286665
0 0.5717012 0.1599365 0.1286665 0.1286665
0 0.5992747 0.1636129 0.1286665 0.1286665
0 0.1967012 0.1672894 0.1286665 0.1286665
0 0.8033188 0.1691276 0.1286665 0.1286665
0 0.3842012 0.1728041 0.1286665 0.1286665
0 0.7647159 0.1728041 0.1286665 0.1286665
0 0.4834659 0.1764806 0.1286665 0.1286665
0 0.2628776 0.1838335 0.1286665 0.1286665
0 0.3345688 0.1856718 0.1286665 0.1286665
0 0.5992747 0.1875100 0.1286665 0.1286665
0 0.4650835 0.1911865 0.1286665 0.1286665
0 0.8529512 0.1930247 0.1286665 0.1286665
0 0.5239071 0.1967012 0.1286665 0.1286665
0 0.6360394 0.2058924 0.1286665 0.1286665
0 0.8272159 0.2095688 0.1286665 0.1286665
0 0.8970688 0.2095688 0.1029312 0.1286665
0 0.4062600 0.2114071 0.1286665 0.1286665
0 0.2978041 0.2132453 0.1286665 0.1286665
0 0.1470688 0.2187600 0.1286665 0.1286665
0 0.8437600 0.2205982 0.1286665 0.1286665
0 0.5790541 0.2242747 0.1286665 0.1286665
0 0.6286865 0.2297894 0.1286665 0.1286665
0 0.5018482 0.2371424 0.1286665 0.1286665
0 0.8217012 0.2426571 0.1286665 0.1286665
0 0.2830982 0.2444953 0.1286665 0.1286665
0 0.3290541 0.2444953 0.1286665 0.1286665
0 0.7922894 0.2444953 0.1286665 0.1286665
0 0.0974365 0.2463335 0.1286665 0.1286665
0 0.5717012 0.2555247 0.1286665 0.1286665
0 0.8235394 0.2702306 0.1286665 0.1286665
0 0.4283188 0.2830982 0.1286665 0.1286665
0 0.3400835 0.2922894 0.1286665 0.1286665
0 0.8198629 0.3051571 0.1286665 0.1286665
0 0.3603041 0.3143482 0.1286665 0.1286665
0 0.8731718 0.3161865 0.1268282 0.1286665
0 0.7316276 0.3217012 0.1286665 0.1286665
0 0.3970688 0.3253776 0.1286665 0.1286665
0 0.4283188 0.3253776 0.1286665 0.1286665
0 0.6967012 0.3345688 0.1286665 0.1286665
0 0.3694953 0.3437600 0.1286665 0.1286665
0 0.3474365 0.3529512 0.1286665 0.1286665
0 0.4981718 0.3603041 0.1286665 0.1286665
0 0.6342012 0.3621424 0.1286665 0.1286665
0 0.7261129 0.3639806 0.1286665 0.1286665
0 0.5275835 0.3768482 0.1286665 0.1286665
0 0.5900835 0.3768482 0.1286665 0.1286665
0 0.4264806 0.3805247 0.1286665 0.1286665
0 0.3217012 0.3842012 0.1286665 0.1286665
0 0.8805247 0.3860394 0.1194753 0.1286665
0 0.4761129 0.3915541 0.1286665 0.1286665
0 0.8345688 0.4062600 0.1286665 0.1286665
0 0.8639806 0.4136129 0.1286665 0.1286665
0 0.7886129 0.4172894 0.1286665 0.1286665
0 0.5845688 0.4172894 0.1286665 0.1286665
0 0.7610394 0.4209659 0.1286665 0.1286665
0 0.6231718 0.4319953 0.1286665 0.1286665
0 0.6672894 0.4356718 0.1286665 0.1286665
0 0.3952306 0.4375100 0.1286665 0.1286665
0 0.4926571 0.4375100 0.1286665 0.1286665
0 0.8878776 0.4375100 0.1121224 0.1286665
0 0.7279512 0.4467012 0.1286665 0.1286665
0 0.8180247 0.4467012 0.1286665 0.1286665
0 0.9062600 0.4467012 0.0937400 0.1286665
0 0.6801571 0.4595688 0.1286665 0.1286665
0 0.6452306 0.4632453 0.1286665 0.1286665
0 0.8713335 0.4669218 0.1286665 0.1286665
0 0.7536865 0.4705982 0.1286665 0.1286665
0 0.8842012 0.4761129 0.1157988 0.1286665
0 0.9246424 0.4761129 0.0753576 0.1286665
0 0.5845688 0.4834659 0.1286665 0.1286665
0 0.8180247 0.4963335 0.1286665 0.1286665
0 0.9044218 0.5128776 0.0955782 0.1286665
0 0.9319953 0.5257453 0.0680047 0.1286665
0 0.8547894 0.5717012 0.1286665 0.1286665
0 0.7132453 0.5827306 0.1286665 0.1286665
0 0.8069953 0.5882453 0.1286665 0.1286665
0 0.9099365 0.5900835 0.0900635 0.1286665
0 0.7830982 0.5974365 0.1286665 0.1286665
0 0.7573629 0.6103041 0.1286665 0.1286665
0 0.8290541 0.6139806 0.1286665 0.1286665
0 0.8842012 0.6268482 0.1157988 0.1286665
0 0.7904512 0.6360394 0.1286665 0.1286665
0 0.8474365 0.6507453 0.1286665 0.1286665
0 0.7941276 0.6562600 0.1286665 0.1286665
0 0.7720688 0.6856718 0.1286665 0.1286665
0 0.8529512 0.6875100 0.1286665 0.1286665
0 0.9209659 0.6911865 0.0790341 0.1286665
0 0.9136129 0.7297894 0.0863871 0.1286665
0 0.8345688 0.7334659 0.1286665 0.1286665
0 0.8492747 0.7353041 0.1286665 0.1286665
0 0.8713335 0.7426571 0.1286665 0.1286665
0 0.9228041 0.7610394 0.0771959 0.1286665
