0 0.0992647058824 0.788602941176 0.183823529412 0.183823529412
0 0.836397058824 0.104779411765 0.147058823529 0.147058823529
0 0.255514705882 0.0 0.128676470588 0.0772058823529
0 0.347426470588 0.0 0.128676470588 0.0808823529412
0 0.746323529412 0.0 0.128676470588 0.106617647059
0 0.261029411765 0.00551470588235 0.128676470588 0.128676470588
0 0.349264705882 0.0459558823529 0.128676470588 0.128676470588
0 0.233455882353 0.0772058823529 0.128676470588 0.128676470588
0 0.617647058824 0.0790441176471 0.128676470588 0.128676470588
0 0.704044117647 0.117647058824 0.128676470588 0.128676470588
0 0.306985294118 0.126838235294 0.128676470588 0.128676470588
0 0.134191176471 0.136029411765 0.128676470588 0.128676470588
0 0.547794117647 0.143382352941 0.128676470588 0.128676470588
0 0.465073529412 0.145220588235 0.128676470588 0.128676470588
0 0.648897058824 0.152573529412 0.128676470588 0.128676470588
0 0.680147058824 0.176470588235 0.128676470588 0.128676470588
0 0.198529411765 0.189338235294 0.128676470588 0.128676470588
0 0.136029411765 0.216911764706 0.128676470588 0.128676470588
0 0.384191176471 0.227941176471 0.128676470588 0.128676470588
0 0.466911764706 0.246323529412 0.128676470588 0.128676470588
0 0.0716911764706 0.266544117647 0.128676470588 0.128676470588
0 0.393382352941 0.288602941176 0.128676470588 0.128676470588
0 0.102941176471 0.314338235294 0.128676470588 0.128676470588
0 0.0422794117647 0.378676470588 0.128676470588 0.128676470588
0 0.295955882353 0.389705882353 0.128676470588 0.128676470588
0 0.3125 0.459558823529 0.128676470588 0.128676470588
0 0.227941176471 0.520220588235 0.128676470588 0.128676470588
0 0.143382352941 0.685661764706 0.128676470588 0.128676470588
0 0.0698529411765 0.707720588235 0.128676470588 0.128676470588
0 0.115808823529 0.897058823529 0.128676470588 0.102941176471
0 0.814338235294 0.0 0.128676470588 0.0790441176471
0 0.270220588235 0.0 0.128676470588 0.115808823529
0 0.705882352941 0.0 0.128676470588 0.117647058824
0 0.852941176471 0.0 0.128676470588 0.126838235294
0 0.702205882353 0.03125 0.128676470588 0.128676470588
0 0.246323529412 0.03125 0.128676470588 0.128676470588
0 0.766544117647 0.0422794117647 0.128676470588 0.128676470588
0 0.810661764706 0.139705882353 0.128676470588 0.128676470588
0 0.235294117647 0.147058823529 0.128676470588 0.128676470588
0 0.409926470588 0.185661764706 0.128676470588 0.128676470588
0 0.439338235294 0.189338235294 0.128676470588 0.128676470588
0 0.545955882353 0.226102941176 0.128676470588 0.128676470588
0 0.341911764706 0.417279411765 0.128676470588 0.128676470588
0 0.242647058824 0.426470588235 0.128676470588 0.128676470588
