0 0.34375 0.244485294118 0.183823529412 0.183823529412
0 0.393382352941 0.830882352941 0.183823529412 0.169117647059
0 0.516544117647 0.626838235294 0.147058823529 0.147058823529
0 0.363970588235 0.700367647059 0.147058823529 0.147058823529
0 0.242647058824 0.441176470588 0.128676470588 0.128676470588
0 0.698529411765 0.488970588235 0.128676470588 0.128676470588
0 0.568014705882 0.507352941176 0.128676470588 0.128676470588
0 0.625 0.547794117647 0.128676470588 0.128676470588
0 0.713235294118 0.623161764706 0.128676470588 0.128676470588
0 0.639705882353 0.648897058824 0.128676470588 0.128676470588
0 0.433823529412 0.665441176471 0.128676470588 0.128676470588
0 0.459558823529 0.678308823529 0.128676470588 0.128676470588
0 0.545955882353 0.693014705882 0.128676470588 0.128676470588
0 0.647058823529 0.726102941176 0.128676470588 0.128676470588
0 0.512867647059 0.748161764706 0.128676470588 0.128676470588
0 0.310661764706 0.762867647059 0.128676470588 0.128676470588
0 0.46875 0.790441176471 0.128676470588 0.128676470588
0 0.560661764706 0.808823529412 0.128676470588 0.128676470588
0 0.283088235294 0.829044117647 0.128676470588 0.128676470588
0 0.529411764706 0.84375 0.128676470588 0.128676470588
0 0.867647058824 0.860294117647 0.128676470588 0.128676470588
0 0.25 0.886029411765 0.128676470588 0.113970588235
0 0.301470588235 0.886029411765 0.128676470588 0.113970588235
0 0.492647058824 0.897058823529 0.128676470588 0.102941176471
0 0.840073529412 0.904411764706 0.128676470588 0.0955882352941
0 0.761029411765 0.928308823529 0.128676470588 0.0716911764706
0 0.441176470588 0.211397058824 0.128676470588 0.128676470588
0 0.318014705882 0.362132352941 0.128676470588 0.128676470588
0 0.189338235294 0.378676470588 0.128676470588 0.128676470588
0 0.351102941176 0.40625 0.128676470588 0.128676470588
0 0.325367647059 0.496323529412 0.128676470588 0.128676470588
0 0.566176470588 0.577205882353 0.128676470588 0.128676470588
0 0.321691176471 0.580882352941 0.128676470588 0.128676470588
0 0.222426470588 0.632352941176 0.128676470588 0.128676470588
0 0.273897058824 0.652573529412 0.128676470588 0.128676470588
0 0.167279411765 0.65625 0.128676470588 0.128676470588
0 0.470588235294 0.713235294118 0.128676470588 0.128676470588
0 0.227941176471 0.716911764706 0.128676470588 0.128676470588
0 0.334558823529 0.799632352941 0.128676470588 0.128676470588
0 0.34375 0.858455882353 0.128676470588 0.128676470588
0 0.790441176471 0.917279411765 0.128676470588 0.0827205882353
0 0.327205882353 0.924632352941 0.128676470588 0.0753676470588
