0 0.808823529412 0.319852941176 0.183823529412 0.183823529412
0 0.0 0.367647058824 0.15625 0.183823529412
0 0.5625 0.125 0.128676470588 0.128676470588
0 0.727941176471 0.180147058824 0.128676470588 0.128676470588
0 0.612132352941 0.244485294118 0.128676470588 0.128676470588
0 0.556985294118 0.325367647059 0.128676470588 0.128676470588
0 0.0569852941176 0.329044117647 0.128676470588 0.128676470588
0 0.0 0.345588235294 0.09375 0.128676470588
0 0.125 0.439338235294 0.128676470588 0.128676470588
0 0.00919117647059 0.455882352941 0.128676470588 0.128676470588
0 0.0257352941176 0.509191176471 0.128676470588 0.128676470588
0 0.0772058823529 0.579044117647 0.128676470588 0.128676470588
0 0.0 0.715073529412 0.0955882352941 0.128676470588
0 0.268382352941 0.716911764706 0.128676470588 0.128676470588
0 0.0110294117647 0.882352941176 0.128676470588 0.117647058824
0 0.0 0.917279411765 0.121323529412 0.0827205882353
0 0.0863970588235 0.917279411765 0.128676470588 0.0827205882353
