0 0.0128676470588 0.59375 0.183823529412 0.183823529412
0 0.810661764706 0.0514705882353 0.147058823529 0.147058823529
0 0.634191176471 0.761029411765 0.147058823529 0.147058823529
0 0.0 0.0 0.110294117647 0.0698529411765
0 0.0 0.178308823529 0.115808823529 0.128676470588
0 0.0569852941176 0.391544117647 0.128676470588 0.128676470588
0 0.15625 0.435661764706 0.128676470588 0.128676470588
0 0.0551470588235 0.450367647059 0.128676470588 0.128676470588
0 0.494485294118 0.457720588235 0.128676470588 0.128676470588
0 0.147058823529 0.520220588235 0.128676470588 0.128676470588
0 0.0 0.551470588235 0.0919117647059 0.128676470588
0 0.233455882353 0.556985294118 0.128676470588 0.128676470588
0 0.327205882353 0.623161764706 0.128676470588 0.128676470588
0 0.365808823529 0.623161764706 0.128676470588 0.128676470588
0 0.283088235294 0.661764705882 0.128676470588 0.128676470588
0 0.222426470588 0.674632352941 0.128676470588 0.128676470588
0 0.327205882353 0.698529411765 0.128676470588 0.128676470588
0 0.358455882353 0.698529411765 0.128676470588 0.128676470588
0 0.257352941176 0.716911764706 0.128676470588 0.128676470588
0 0.349264705882 0.737132352941 0.128676470588 0.128676470588
0 0.398897058824 0.762867647059 0.128676470588 0.128676470588
0 0.444852941176 0.801470588235 0.128676470588 0.128676470588
0 0.492647058824 0.851102941176 0.128676470588 0.128676470588
0 0.845588235294 0.902573529412 0.128676470588 0.0974264705882
0 0.71875 0.919117647059 0.128676470588 0.0808823529412
0 0.198529411765 0.483455882353 0.128676470588 0.128676470588
0 0.0 0.652573529412 0.0698529411765 0.128676470588
0 0.691176470588 0.849264705882 0.128676470588 0.128676470588
