0 0.7114071 0.0000100 0.1470488 0.1213135
0 0.8566276 0.0055247 0.1433724 0.1470488
0 0.5073629 0.0128776 0.1470488 0.1470488
0 0.9044218 0.0514806 0.0955782 0.1470488
0 0.5900835 0.2169218 0.1470488 0.1470488
0 0.2739071 0.2463335 0.1470488 0.1470488
0 0.4926571 0.6250100 0.1470488 0.1470488
0 0.6654512 0.6911865 0.1470488 0.1470488
0 0.1691276 0.8492747 0.1286665 0.1286665
0 0.6764806 0.0514806 0.1286665 0.1286665
0 0.3069953 0.5569953 0.1286665 0.1286665
0 0.5275835 0.5569953 0.1286665 0.1286665
0 0.5772159 0.6489071 0.1286665 0.1286665
0 0.5404512 0.6967012 0.1286665 0.1286665
0 0.1728041 0.7353041 0.1286665 0.1286665
0 0.2886129 0.7444953 0.1286665 0.1286665
0 0.8419218 0.7922894 0.1286665 0.1286665
0 0.6194953 0.8253776 0.1286665 0.1286665
0 0.4154512 0.8639806 0.1286665 0.1286665
