0 0.360294117647 0.28125 0.183823529412 0.183823529412
0 0.639705882353 0.0 0.128676470588 0.0643382352941
0 0.547794117647 0.0 0.128676470588 0.126838235294
0 0.430147058824 0.163602941176 0.128676470588 0.128676470588
0 0.509191176471 0.163602941176 0.128676470588 0.128676470588
0 0.259191176471 0.25 0.128676470588 0.128676470588
0 0.786764705882 0.284926470588 0.128676470588 0.128676470588
0 0.569852941176 0.286764705882 0.128676470588 0.128676470588
0 0.297794117647 0.327205882353 0.128676470588 0.128676470588
0 0.332720588235 0.347426470588 0.128676470588 0.128676470588
0 0.588235294118 0.485294117647 0.128676470588 0.128676470588
0 0.792279411765 0.494485294118 0.128676470588 0.128676470588
0 0.455882352941 0.599264705882 0.128676470588 0.128676470588
0 0.356617647059 0.621323529412 0.128676470588 0.128676470588
0 0.202205882353 0.373161764706 0.128676470588 0.128676470588
