0 0.0257453 0.1158188 0.1838135 0.1838135
0 0.3033188 0.0955982 0.1470488 0.1470488
0 0.9154512 0.5441276 0.0845488 0.1470488
0 0.2058924 0.0000100 0.1286665 0.1010929
0 0.2592012 0.0000100 0.1286665 0.1121224
0 0.4375100 0.0092012 0.1286665 0.1286665
0 0.3584659 0.1654512 0.1286665 0.1286665
0 0.1691276 0.1672894 0.1286665 0.1286665
0 0.1636129 0.2022159 0.1286665 0.1286665
0 0.5202306 0.2353041 0.1286665 0.1286665
0 0.0827306 0.2500100 0.1286665 0.1286665
0 0.7794218 0.2592012 0.1286665 0.1286665
0 0.5845688 0.2720688 0.1286665 0.1286665
0 0.1636129 0.2978041 0.1286665 0.1286665
0 0.3878776 0.3051571 0.1286665 0.1286665
0 0.2610394 0.3069953 0.1286665 0.1286665
0 0.0514806 0.3805247 0.1286665 0.1286665
0 0.2463335 0.4228041 0.1286665 0.1286665
0 0.3621424 0.4632453 0.1286665 0.1286665
0 0.1286865 0.4724365 0.1286665 0.1286665
0 0.9062600 0.7555247 0.0937400 0.1286665
0 0.8805247 0.8217012 0.1194753 0.1286665
0 0.5569953 0.1599365 0.1286665 0.1286665
0 0.1121424 0.2775835 0.1286665 0.1286665
0 0.3327306 0.6286865 0.1286665 0.1286665
