0 0.0000100 0.1286865 0.1819753 0.1838135
0 0.2647159 0.2426571 0.1838135 0.1838135
0 0.0239071 0.6158188 0.1838135 0.1838135
0 0.3088335 0.7040541 0.1838135 0.1838135
0 0.1103041 0.0000100 0.1286665 0.0882253
0 0.3198629 0.0000100 0.1286665 0.0882253
0 0.1838335 0.0330982 0.1286665 0.1286665
0 0.0000100 0.0698629 0.1010929 0.1286665
0 0.1893482 0.0864071 0.1286665 0.1286665
0 0.3180247 0.1783188 0.1286665 0.1286665
0 0.0680247 0.3676571 0.1286665 0.1286665
0 0.3511129 0.3731718 0.1286665 0.1286665
0 0.2555247 0.4172894 0.1286665 0.1286665
0 0.0110394 0.4595688 0.1286665 0.1286665
0 0.1948629 0.4724365 0.1286665 0.1286665
0 0.0790541 0.4908188 0.1286665 0.1286665
0 0.2794218 0.5147159 0.1286665 0.1286665
0 0.0974365 0.5992747 0.1286665 0.1286665
0 0.3805247 0.6342012 0.1286665 0.1286665
0 0.4558924 0.6875100 0.1286665 0.1286665
0 0.5367747 0.7279512 0.1286665 0.1286665
0 0.0000100 0.8143482 0.1139606 0.1286665
0 0.7628776 0.8253776 0.1286665 0.1286665
0 0.5220688 0.8327306 0.1286665 0.1286665
0 0.1231718 0.8639806 0.1286665 0.1286665
0 0.0000100 0.8897159 0.0661665 0.1102841
0 0.0018482 0.2904512 0.1286665 0.1286665
0 0.1084659 0.5239071 0.1286665 0.1286665
0 0.0294218 0.7297894 0.1286665 0.1286665
0 0.0478041 0.7481718 0.1286665 0.1286665
0 0.0147159 0.7665541 0.1286665 0.1286665
