0 0.183823529412 0.00367647058824 0.183823529412 0.183823529412
0 0.0 0.0790441176471 0.0863970588235 0.128676470588
0 0.0514705882353 0.220588235294 0.128676470588 0.128676470588
0 0.0919117647059 0.316176470588 0.128676470588 0.128676470588
0 0.0349264705882 0.378676470588 0.128676470588 0.128676470588
0 0.305147058824 0.384191176471 0.128676470588 0.128676470588
0 0.737132352941 0.420955882353 0.128676470588 0.128676470588
0 0.619485294118 0.435661764706 0.128676470588 0.128676470588
0 0.150735294118 0.514705882353 0.128676470588 0.128676470588
0 0.766544117647 0.601102941176 0.128676470588 0.128676470588
0 0.404411764706 0.617647058824 0.128676470588 0.128676470588
0 0.340073529412 0.28125 0.128676470588 0.128676470588
0 0.788602941176 0.365808823529 0.128676470588 0.128676470588
0 0.5 0.409926470588 0.128676470588 0.128676470588
