0 0.573529411765 0.00367647058824 0.183823529412 0.183823529412
0 0.240808823529 0.117647058824 0.183823529412 0.183823529412
0 0.387867647059 0.0 0.128676470588 0.09375
0 0.53125 0.286764705882 0.128676470588 0.128676470588
0 0.332720588235 0.318014705882 0.128676470588 0.128676470588
0 0.303308823529 0.347426470588 0.128676470588 0.128676470588
0 0.700367647059 0.420955882353 0.128676470588 0.128676470588
0 0.636029411765 0.424632352941 0.128676470588 0.128676470588
0 0.588235294118 0.466911764706 0.128676470588 0.128676470588
0 0.360294117647 0.0 0.128676470588 0.0680147058824
0 0.356617647059 0.0 0.128676470588 0.104779411765
0 0.53125 0.0294117647059 0.128676470588 0.128676470588
0 0.487132352941 0.0625 0.128676470588 0.128676470588
0 0.667279411765 0.125 0.128676470588 0.128676470588
0 0.334558823529 0.34375 0.128676470588 0.128676470588
0 0.270220588235 0.369485294118 0.128676470588 0.128676470588
0 0.568014705882 0.509191176471 0.128676470588 0.128676470588
