0 0.0753676470588 0.398897058824 0.183823529412 0.183823529412
0 0.200367647059 0.606617647059 0.183823529412 0.183823529412
0 0.424632352941 0.0 0.128676470588 0.0772058823529
0 0.191176470588 0.0 0.128676470588 0.119485294118
0 0.0220588235294 0.00735294117647 0.128676470588 0.128676470588
0 0.823529411765 0.0147058823529 0.128676470588 0.128676470588
0 0.121323529412 0.0422794117647 0.128676470588 0.128676470588
0 0.0 0.0496323529412 0.0919117647059 0.128676470588
0 0.457720588235 0.0533088235294 0.128676470588 0.128676470588
0 0.329044117647 0.0661764705882 0.128676470588 0.128676470588
0 0.365808823529 0.0808823529412 0.128676470588 0.128676470588
0 0.264705882353 0.125 0.128676470588 0.128676470588
0 0.126838235294 0.172794117647 0.128676470588 0.128676470588
0 0.448529411765 0.172794117647 0.128676470588 0.128676470588
0 0.387867647059 0.251838235294 0.128676470588 0.128676470588
0 0.0790441176471 0.275735294118 0.128676470588 0.128676470588
0 0.301470588235 0.329044117647 0.128676470588 0.128676470588
0 0.788602941176 0.382352941176 0.128676470588 0.128676470588
0 0.290441176471 0.398897058824 0.128676470588 0.128676470588
0 0.398897058824 0.408088235294 0.128676470588 0.128676470588
0 0.420955882353 0.525735294118 0.128676470588 0.128676470588
0 0.373161764706 0.777573529412 0.128676470588 0.128676470588
0 0.580882352941 0.841911764706 0.128676470588 0.128676470588
0 0.165441176471 0.108455882353 0.128676470588 0.128676470588
0 0.788602941176 0.323529411765 0.128676470588 0.128676470588
0 0.03125 0.514705882353 0.128676470588 0.128676470588
