0 0.0441276 0.8345688 0.1286665 0.1286665
0 0.1856718 0.8989071 0.1286665 0.1010929
0 0.5478041 0.0349365 0.1286665 0.1286665
0 0.5330982 0.0827306 0.1286665 0.1286665
0 0.3547894 0.1268482 0.1286665 0.1286665
0 0.4228041 0.2444953 0.1286665 0.1286665
0 0.4375100 0.2867747 0.1286665 0.1286665
0 0.3970688 0.3511129 0.1286665 0.1286665
0 0.4577306 0.3713335 0.1286665 0.1286665
0 0.2132453 0.4228041 0.1286665 0.1286665
0 0.4099365 0.4283188 0.1286665 0.1286665
0 0.3584659 0.4705982 0.1286665 0.1286665
0 0.1728041 0.4834659 0.1286665 0.1286665
0 0.0845688 0.5073629 0.1286665 0.1286665
0 0.3033188 0.5386129 0.1286665 0.1286665
0 0.0551571 0.5478041 0.1286665 0.1286665
0 0.5312600 0.5514806 0.1286665 0.1286665
0 0.4595688 0.5551571 0.1286665 0.1286665
0 0.4209659 0.5772159 0.1286665 0.1286665
0 0.1305247 0.6029512 0.1286665 0.1286665
0 0.1948629 0.6305247 0.1286665 0.1286665
0 0.0478041 0.6819953 0.1286665 0.1286665
0 0.1838335 0.7132453 0.1286665 0.1286665
0 0.0422894 0.7297894 0.1286665 0.1286665
0 0.5092012 0.7500100 0.1286665 0.1286665
0 0.4871424 0.7812600 0.1286665 0.1286665
0 0.0018482 0.7904512 0.1286665 0.1286665
0 0.5753776 0.8180247 0.1286665 0.1286665
0 0.4797894 0.8676571 0.1286665 0.1286665
0 0.7444953 0.9025835 0.1286665 0.0974165
0 0.7353041 0.9338335 0.1286665 0.0661665
