0 0.9117747 0.9136129 0.0882253 0.0863871
0 0.6930247 0.0018482 0.1286665 0.1286665
0 0.3253776 0.0055247 0.1286665 0.1286665
0 0.4264806 0.0680247 0.1286665 0.1286665
0 0.8125100 0.2040541 0.1286665 0.1286665
0 0.7463335 0.4191276 0.1286665 0.1286665
0 0.3860394 0.0000100 0.1286665 0.1029312
0 0.1636129 0.0000100 0.1286665 0.1102841
0 0.1029512 0.0000100 0.1286665 0.1268282
0 0.1360394 0.0000100 0.1286665 0.1268282
0 0.8051571 0.0147159 0.1286665 0.1286665
0 0.3529512 0.0533188 0.1286665 0.1286665
0 0.2114071 0.0625100 0.1286665 0.1286665
0 0.1213335 0.0698629 0.1286665 0.1286665
0 0.0845688 0.0919218 0.1286665 0.1286665
0 0.4228041 0.1397159 0.1286665 0.1286665
0 0.0183924 0.2095688 0.1286665 0.1286665
0 0.0000100 0.2371424 0.1139606 0.1286665
0 0.0955982 0.2500100 0.1286665 0.1286665
0 0.5404512 0.2683924 0.1286665 0.1286665
0 0.5772159 0.2720688 0.1286665 0.1286665
0 0.7040541 0.2959659 0.1286665 0.1286665
0 0.2867747 0.2978041 0.1286665 0.1286665
0 0.5220688 0.3180247 0.1286665 0.1286665
0 0.5643482 0.3455982 0.1286665 0.1286665
0 0.6930247 0.4228041 0.1286665 0.1286665
0 0.7555247 0.4448629 0.1286665 0.1286665
0 0.7224365 0.4650835 0.1286665 0.1286665
0 0.2757453 0.5036865 0.1286665 0.1286665
0 0.6856718 0.5275835 0.1286665 0.1286665
0 0.6728041 0.5606718 0.1286665 0.1286665
0 0.7978041 0.5808924 0.1286665 0.1286665
0 0.8308924 0.6176571 0.1286665 0.1286665
0 0.6654512 0.6194953 0.1286665 0.1286665
0 0.8455982 0.6378776 0.1286665 0.1286665
0 0.8492747 0.6636129 0.1286665 0.1286665
0 0.9264806 0.7040541 0.0735194 0.1286665
0 0.8474365 0.7132453 0.1286665 0.1286665
0 0.6948629 0.7224365 0.1286665 0.1286665
0 0.8805247 0.7224365 0.1194753 0.1286665
0 0.7242747 0.7334659 0.1286665 0.1286665
0 0.8400835 0.7481718 0.1286665 0.1286665
0 0.8933924 0.7610394 0.1066076 0.1286665
0 0.6342012 0.7978041 0.1286665 0.1286665
0 0.0606718 0.8272159 0.1286665 0.1286665
0 0.8584659 0.8823629 0.1286665 0.1176371
0 0.7886129 0.8952306 0.1286665 0.1047694
0 0.7647159 0.9080982 0.1286665 0.0919018
0 0.6911865 0.9099365 0.1286665 0.0900635
0 0.5717012 0.9191276 0.1286665 0.0808724
