0 0.650735294118 0.836397058824 0.128676470588 0.128676470588
0 0.772058823529 0.0 0.128676470588 0.0735294117647
0 0.902573529412 0.0 0.0974264705882 0.0974264705882
0 0.818014705882 0.0 0.128676470588 0.101102941176
0 0.790441176471 0.0 0.128676470588 0.112132352941
0 0.931985294118 0.0404411764706 0.0680147058824 0.128676470588
0 0.841911764706 0.0441176470588 0.128676470588 0.128676470588
0 0.757352941176 0.176470588235 0.128676470588 0.128676470588
0 0.597426470588 0.327205882353 0.128676470588 0.128676470588
0 0.279411764706 0.345588235294 0.128676470588 0.128676470588
0 0.645220588235 0.380514705882 0.128676470588 0.128676470588
0 0.354779411765 0.393382352941 0.128676470588 0.128676470588
0 0.259191176471 0.431985294118 0.128676470588 0.128676470588
0 0.472426470588 0.435661764706 0.128676470588 0.128676470588
0 0.672794117647 0.444852941176 0.128676470588 0.128676470588
0 0.733455882353 0.463235294118 0.128676470588 0.128676470588
0 0.518382352941 0.466911764706 0.128676470588 0.128676470588
0 0.365808823529 0.490808823529 0.128676470588 0.128676470588
0 0.777573529412 0.507352941176 0.128676470588 0.128676470588
0 0.590073529412 0.547794117647 0.128676470588 0.128676470588
0 0.397058823529 0.556985294118 0.128676470588 0.128676470588
0 0.810661764706 0.560661764706 0.128676470588 0.128676470588
0 0.476102941176 0.577205882353 0.128676470588 0.128676470588
0 0.623161764706 0.584558823529 0.128676470588 0.128676470588
0 0.794117647059 0.676470588235 0.128676470588 0.128676470588
0 0.231617647059 0.685661764706 0.128676470588 0.128676470588
0 0.702205882353 0.685661764706 0.128676470588 0.128676470588
0 0.748161764706 0.716911764706 0.128676470588 0.128676470588
0 0.577205882353 0.759191176471 0.128676470588 0.128676470588
