0 0.7040541 0.0000100 0.1286665 0.0753576
0 0.8750100 0.0000100 0.1249900 0.0919018
0 0.3731718 0.0441276 0.1286665 0.1286665
0 0.6801571 0.0478041 0.1286665 0.1286665
0 0.3603041 0.0772159 0.1286665 0.1286665
0 0.5092012 0.1305247 0.1286665 0.1286665
0 0.4319953 0.1360394 0.1286665 0.1286665
0 0.8603041 0.1856718 0.1286665 0.1286665
0 0.4393482 0.2242747 0.1286665 0.1286665
0 0.5422894 0.2702306 0.1286665 0.1286665
0 0.8915541 0.3217012 0.1084459 0.1286665
0 0.4558924 0.3658188 0.1286665 0.1286665
0 0.9228041 0.3768482 0.0771959 0.1286665
0 0.7573629 0.4614071 0.1286665 0.1286665
0 0.5478041 0.5955982 0.1286665 0.1286665
0 0.6231718 0.6342012 0.1286665 0.1286665
0 0.8897159 0.6893482 0.1102841 0.1286665
0 0.7169218 0.7022159 0.1286665 0.1286665
