0 0.1158188 0.2812600 0.1838135 0.1838135
0 0.1580982 0.5312600 0.1838135 0.1838135
0 0.6930247 0.3878776 0.1286665 0.1286665
0 0.1176571 0.3970688 0.1286665 0.1286665
0 0.9209659 0.4319953 0.0790341 0.1286665
0 0.8106718 0.4834659 0.1286665 0.1286665
0 0.4191276 0.4944953 0.1286665 0.1286665
0 0.2959659 0.5955982 0.1286665 0.1286665
0 0.3842012 0.6489071 0.1286665 0.1286665
0 0.4356718 0.6636129 0.1286665 0.1286665
0 0.3327306 0.6911865 0.1286665 0.1286665
0 0.4393482 0.6967012 0.1286665 0.1286665
0 0.0386129 0.7261129 0.1286665 0.1286665
0 0.2408188 0.7481718 0.1286665 0.1286665
0 0.4595688 0.7518482 0.1286665 0.1286665
0 0.5533188 0.7555247 0.1286665 0.1286665
0 0.5569953 0.8217012 0.1286665 0.1286665
0 0.5753776 0.8694953 0.1286665 0.1286665
0 0.7389806 0.0000100 0.1286665 0.0735194
0 0.6176571 0.0000100 0.1286665 0.0790341
0 0.4724365 0.0000100 0.1286665 0.0845488
0 0.6617747 0.0000100 0.1286665 0.0900635
0 0.5294218 0.0000100 0.1286665 0.1121224
0 0.7095688 0.0000100 0.1286665 0.1213135
0 0.8419218 0.0000100 0.1286665 0.1268282
0 0.6397159 0.0643482 0.1286665 0.1286665
0 0.6856718 0.0717012 0.1286665 0.1286665
0 0.0018482 0.0717012 0.1286665 0.1286665
0 0.7739071 0.0753776 0.1286665 0.1286665
0 0.8750100 0.0845688 0.1249900 0.1286665
0 0.8069953 0.1084659 0.1286665 0.1286665
0 0.7849365 0.1176571 0.1286665 0.1286665
0 0.7334659 0.1305247 0.1286665 0.1286665
0 0.0000100 0.1342012 0.1249900 0.1286665
0 0.7132453 0.1544218 0.1286665 0.1286665
0 0.8603041 0.1599365 0.1286665 0.1286665
0 0.4467012 0.1709659 0.1286665 0.1286665
0 0.3161865 0.1764806 0.1286665 0.1286665
0 0.8106718 0.1893482 0.1286665 0.1286665
0 0.2205982 0.1967012 0.1286665 0.1286665
0 0.7371424 0.2187600 0.1286665 0.1286665
0 0.0000100 0.2408188 0.0735194 0.1286665
0 0.4981718 0.2481718 0.1286665 0.1286665
0 0.9191276 0.2592012 0.0808724 0.1286665
0 0.8842012 0.2592012 0.1157988 0.1286665
0 0.7592012 0.2665541 0.1286665 0.1286665
0 0.5569953 0.2683924 0.1286665 0.1286665
0 0.8529512 0.2794218 0.1286665 0.1286665
0 0.4871424 0.2978041 0.1286665 0.1286665
0 0.6654512 0.3088335 0.1286665 0.1286665
0 0.6397159 0.3272159 0.1286665 0.1286665
0 0.7757453 0.3547894 0.1286665 0.1286665
0 0.1617747 0.3694953 0.1286665 0.1286665
0 0.9136129 0.3694953 0.0863871 0.1286665
0 0.8897159 0.3713335 0.1102841 0.1286665
0 0.8033188 0.3750100 0.1286665 0.1286665
0 0.7444953 0.3768482 0.1286665 0.1286665
0 0.8345688 0.3970688 0.1286665 0.1286665
0 0.8584659 0.4393482 0.1286665 0.1286665
0 0.0275835 0.4705982 0.1286665 0.1286665
0 0.8621424 0.4761129 0.1286665 0.1286665
0 0.6433924 0.4853041 0.1286665 0.1286665
0 0.5974365 0.4908188 0.1286665 0.1286665
0 0.8768482 0.5220688 0.1231518 0.1286665
0 0.5294218 0.5239071 0.1286665 0.1286665
0 0.4540541 0.5257453 0.1286665 0.1286665
0 0.2316276 0.5257453 0.1286665 0.1286665
0 0.8603041 0.5275835 0.1286665 0.1286665
0 0.8143482 0.5569953 0.1286665 0.1286665
0 0.1433924 0.5606718 0.1286665 0.1286665
0 0.5404512 0.5661865 0.1286665 0.1286665
0 0.8860394 0.5717012 0.1139606 0.1286665
0 0.0790541 0.5827306 0.1286665 0.1286665
0 0.0478041 0.5864071 0.1286665 0.1286665
0 0.9246424 0.5900835 0.0753576 0.1286665
0 0.4853041 0.6084659 0.1286665 0.1286665
0 0.0036865 0.6231718 0.1286665 0.1286665
0 0.1342012 0.6378776 0.1286665 0.1286665
0 0.5478041 0.6525835 0.1286665 0.1286665
0 0.5735394 0.6691276 0.1286665 0.1286665
0 0.6194953 0.6801571 0.1286665 0.1286665
0 0.8455982 0.6783188 0.1286665 0.1286665
0 0.8970688 0.6875100 0.1029312 0.1286665
0 0.7555247 0.6985394 0.1286665 0.1286665
0 0.1433924 0.7114071 0.1286665 0.1286665
0 0.6194953 0.7187600 0.1286665 0.1286665
0 0.5275835 0.7371424 0.1286665 0.1286665
0 0.7555247 0.7426571 0.1286665 0.1286665
0 0.6176571 0.7463335 0.1286665 0.1286665
0 0.7720688 0.7518482 0.1286665 0.1286665
0 0.8345688 0.7555247 0.1286665 0.1286665
0 0.8180247 0.7647159 0.1286665 0.1286665
0 0.6103041 0.7720688 0.1286665 0.1286665
0 0.8915541 0.7775835 0.1084459 0.1286665
0 0.6231718 0.8088335 0.1286665 0.1286665
0 0.7150835 0.8217012 0.1286665 0.1286665
0 0.8529512 0.8235394 0.1286665 0.1286665
0 0.5569953 0.8437600 0.1286665 0.1286665
0 0.8069953 0.8474365 0.1286665 0.1286665
0 0.7095688 0.8676571 0.1286665 0.1286665
0 0.8878776 0.8952306 0.1121224 0.1047694
0 0.7150835 0.9062600 0.1286665 0.0937400
0 0.8455982 0.9209659 0.1286665 0.0790341
0 0.7297894 0.9228041 0.1286665 0.0771959
0 0.9062600 0.9246424 0.0937400 0.0753576
