0 0.602941176471 0.450367647059 0.183823529412 0.183823529412
0 0.0 0.0 0.0790441176471 0.0808823529412
0 0.663602941176 0.0 0.128676470588 0.0974264705882
0 0.0 0.0 0.0643382352941 0.125
0 0.636029411765 0.00367647058824 0.128676470588 0.128676470588
0 0.0386029411765 0.0349264705882 0.128676470588 0.128676470588
0 0.566176470588 0.261029411765 0.128676470588 0.128676470588
0 0.454044117647 0.393382352941 0.128676470588 0.128676470588
0 0.494485294118 0.455882352941 0.128676470588 0.128676470588
0 0.0128676470588 0.0569852941176 0.128676470588 0.128676470588
0 0.512867647059 0.299632352941 0.128676470588 0.128676470588
0 0.498161764706 0.384191176471 0.128676470588 0.128676470588
0 0.441176470588 0.428308823529 0.128676470588 0.128676470588
0 0.465073529412 0.435661764706 0.128676470588 0.128676470588
