0 0.4853041 0.0753776 0.1838135 0.1838135
0 0.7003776 0.1856718 0.1838135 0.1838135
0 0.2702306 0.5294218 0.1838135 0.1838135
0 0.0588335 0.0000100 0.1286665 0.0735194
0 0.2518482 0.0000100 0.1286665 0.0845488
0 0.8069953 0.0000100 0.1286665 0.0974165
0 0.5349365 0.0294218 0.1286665 0.1286665
0 0.8051571 0.1507453 0.1286665 0.1286665
0 0.4467012 0.2040541 0.1286665 0.1286665
0 0.5055247 0.2647159 0.1286665 0.1286665
0 0.2941276 0.3143482 0.1286665 0.1286665
0 0.3106718 0.8492747 0.1286665 0.1286665
0 0.3897159 0.8676571 0.1286665 0.1286665
