0 0.889705882353 0.319852941176 0.110294117647 0.183823529412
0 0.707720588235 0.0 0.128676470588 0.102941176471
0 0.928308823529 0.0735294117647 0.0716911764706 0.128676470588
0 0.762867647059 0.134191176471 0.128676470588 0.128676470588
0 0.591911764706 0.145220588235 0.128676470588 0.128676470588
0 0.481617647059 0.244485294118 0.128676470588 0.128676470588
0 0.724264705882 0.295955882353 0.128676470588 0.128676470588
0 0.586397058824 0.397058823529 0.128676470588 0.128676470588
0 0.694852941176 0.398897058824 0.128676470588 0.128676470588
0 0.830882352941 0.540441176471 0.128676470588 0.128676470588
0 0.6875 0.610294117647 0.128676470588 0.128676470588
0 0.884191176471 0.615808823529 0.115808823529 0.128676470588
0 0.818014705882 0.659926470588 0.128676470588 0.128676470588
0 0.560661764706 0.669117647059 0.128676470588 0.128676470588
0 0.661764705882 0.830882352941 0.128676470588 0.128676470588
0 0.761029411765 0.875 0.128676470588 0.125
0 0.571691176471 0.915441176471 0.128676470588 0.0845588235294
0 0.696691176471 0.367647058824 0.128676470588 0.128676470588
0 0.634191176471 0.775735294118 0.128676470588 0.128676470588
