0 0.880514705882 0.193014705882 0.119485294118 0.183823529412
0 0.292279411765 0.479779411765 0.147058823529 0.147058823529
0 0.746323529412 0.0 0.128676470588 0.0661764705882
0 0.920955882353 0.0 0.0790441176471 0.0919117647059
0 0.617647058824 0.0 0.128676470588 0.113970588235
0 0.360294117647 0.0128676470588 0.128676470588 0.128676470588
0 0.112132352941 0.0459558823529 0.128676470588 0.128676470588
0 0.808823529412 0.0569852941176 0.128676470588 0.128676470588
0 0.40625 0.0992647058824 0.128676470588 0.128676470588
0 0.670955882353 0.126838235294 0.128676470588 0.128676470588
0 0.534926470588 0.130514705882 0.128676470588 0.128676470588
0 0.00735294117647 0.174632352941 0.128676470588 0.128676470588
0 0.650735294118 0.222426470588 0.128676470588 0.128676470588
0 0.492647058824 0.235294117647 0.128676470588 0.128676470588
0 0.742647058824 0.25 0.128676470588 0.128676470588
0 0.318014705882 0.272058823529 0.128676470588 0.128676470588
0 0.0183823529412 0.305147058824 0.128676470588 0.128676470588
0 0.672794117647 0.354779411765 0.128676470588 0.128676470588
0 0.382352941176 0.393382352941 0.128676470588 0.128676470588
0 0.737132352941 0.415441176471 0.128676470588 0.128676470588
0 0.810661764706 0.433823529412 0.128676470588 0.128676470588
0 0.549632352941 0.446691176471 0.128676470588 0.128676470588
0 0.0974264705882 0.481617647059 0.128676470588 0.128676470588
0 0.704044117647 0.529411764706 0.128676470588 0.128676470588
0 0.0 0.566176470588 0.0643382352941 0.128676470588
0 0.115808823529 0.590073529412 0.128676470588 0.128676470588
0 0.597426470588 0.613970588235 0.128676470588 0.128676470588
0 0.362132352941 0.617647058824 0.128676470588 0.128676470588
0 0.237132352941 0.636029411765 0.128676470588 0.128676470588
0 0.801470588235 0.636029411765 0.128676470588 0.128676470588
0 0.0 0.683823529412 0.113970588235 0.128676470588
0 0.15625 0.711397058824 0.128676470588 0.128676470588
0 0.498161764706 0.716911764706 0.128676470588 0.128676470588
0 0.865808823529 0.810661764706 0.128676470588 0.128676470588
0 0.00367647058824 0.856617647059 0.128676470588 0.128676470588
0 0.251838235294 0.876838235294 0.128676470588 0.123161764706
0 0.823529411765 0.884191176471 0.128676470588 0.115808823529
0 0.797794117647 0.893382352941 0.128676470588 0.106617647059
0 0.742647058824 0.897058823529 0.128676470588 0.102941176471
0 0.461397058824 0.90625 0.128676470588 0.09375
0 0.571691176471 0.185661764706 0.128676470588 0.128676470588
0 0.321691176471 0.200367647059 0.128676470588 0.128676470588
0 0.159926470588 0.433823529412 0.128676470588 0.128676470588
0 0.773897058824 0.448529411765 0.128676470588 0.128676470588
