0 0.7444953 0.5294218 0.1838135 0.1838135
0 0.6360394 0.0000100 0.1286665 0.0937400
0 0.8272159 0.0000100 0.1286665 0.1010929
0 0.7224365 0.1893482 0.1286665 0.1286665
0 0.7500100 0.2996424 0.1286665 0.1286665
0 0.9209659 0.3088335 0.0790341 0.1286665
0 0.5680247 0.3217012 0.1286665 0.1286665
0 0.7242747 0.3860394 0.1286665 0.1286665
0 0.8878776 0.4154512 0.1121224 0.1286665
0 0.5330982 0.5588335 0.1286665 0.1286665
0 0.5643482 0.6433924 0.1286665 0.1286665
0 0.5404512 0.7959659 0.1286665 0.1286665
0 0.7592012 0.8143482 0.1286665 0.1286665
