0 0.898897058824 0.409926470588 0.101102941176 0.183823529412
0 0.698529411765 0.0 0.128676470588 0.0900735294118
0 0.457720588235 0.0 0.128676470588 0.119485294118
0 0.336397058824 0.0 0.128676470588 0.126838235294
0 0.314338235294 0.00735294117647 0.128676470588 0.128676470588
0 0.53125 0.0202205882353 0.128676470588 0.128676470588
0 0.887867647059 0.0422794117647 0.112132352941 0.128676470588
0 0.226102941176 0.0992647058824 0.128676470588 0.128676470588
0 0.334558823529 0.102941176471 0.128676470588 0.128676470588
0 0.46875 0.121323529412 0.128676470588 0.128676470588
0 0.137867647059 0.128676470588 0.128676470588 0.128676470588
0 0.284926470588 0.181985294118 0.128676470588 0.128676470588
0 0.775735294118 0.185661764706 0.128676470588 0.128676470588
0 0.387867647059 0.204044117647 0.128676470588 0.128676470588
0 0.623161764706 0.224264705882 0.128676470588 0.128676470588
0 0.25 0.270220588235 0.128676470588 0.128676470588
0 0.205882352941 0.391544117647 0.128676470588 0.128676470588
0 0.306985294118 0.391544117647 0.128676470588 0.128676470588
0 0.779411764706 0.398897058824 0.128676470588 0.128676470588
0 0.422794117647 0.459558823529 0.128676470588 0.128676470588
0 0.242647058824 0.527573529412 0.128676470588 0.128676470588
0 0.413602941176 0.540441176471 0.128676470588 0.128676470588
0 0.141544117647 0.560661764706 0.128676470588 0.128676470588
0 0.551470588235 0.590073529412 0.128676470588 0.128676470588
0 0.485294117647 0.595588235294 0.128676470588 0.128676470588
0 0.0349264705882 0.634191176471 0.128676470588 0.128676470588
0 0.658088235294 0.665441176471 0.128676470588 0.128676470588
0 0.422794117647 0.676470588235 0.128676470588 0.128676470588
0 0.788602941176 0.696691176471 0.128676470588 0.128676470588
0 0.0 0.715073529412 0.0661764705882 0.128676470588
0 0.159926470588 0.742647058824 0.128676470588 0.128676470588
0 0.727941176471 0.740808823529 0.128676470588 0.128676470588
0 0.797794117647 0.766544117647 0.128676470588 0.128676470588
0 0.0 0.803308823529 0.128676470588 0.128676470588
0 0.268382352941 0.805147058824 0.128676470588 0.128676470588
0 0.871323529412 0.818014705882 0.128676470588 0.128676470588
0 0.623161764706 0.830882352941 0.128676470588 0.128676470588
0 0.566176470588 0.860294117647 0.128676470588 0.128676470588
0 0.498161764706 0.902573529412 0.128676470588 0.0974264705882
0 0.272058823529 0.909926470588 0.128676470588 0.0900735294118
0 0.00551470588235 0.911764705882 0.128676470588 0.0882352941176
0 0.790441176471 0.911764705882 0.128676470588 0.0882352941176
0 0.369485294118 0.933823529412 0.128676470588 0.0661764705882
0 0.360294117647 0.0422794117647 0.128676470588 0.128676470588
