0 0.466911764706 0.0 0.128676470588 0.125
0 0.0753676470588 0.00735294117647 0.128676470588 0.128676470588
0 0.408088235294 0.0238970588235 0.128676470588 0.128676470588
0 0.306985294118 0.0257352941176 0.128676470588 0.128676470588
0 0.0 0.211397058824 0.0863970588235 0.128676470588
0 0.0349264705882 0.25 0.128676470588 0.128676470588
0 0.34375 0.288602941176 0.128676470588 0.128676470588
0 0.0 0.492647058824 0.112132352941 0.128676470588
0 0.294117647059 0.0919117647059 0.128676470588 0.128676470588
0 0.0735294117647 0.185661764706 0.128676470588 0.128676470588
