0 0.705882352941 0.257352941176 0.183823529412 0.183823529412
0 0.0698529411765 0.0 0.128676470588 0.126838235294
0 0.273897058824 0.03125 0.128676470588 0.128676470588
0 0.150735294118 0.132352941176 0.128676470588 0.128676470588
0 0.825367647059 0.147058823529 0.128676470588 0.128676470588
0 0.4375 0.172794117647 0.128676470588 0.128676470588
0 0.0882352941176 0.193014705882 0.128676470588 0.128676470588
0 0.259191176471 0.204044117647 0.128676470588 0.128676470588
0 0.0 0.235294117647 0.101102941176 0.128676470588
0 0.0735294117647 0.40625 0.128676470588 0.128676470588
0 0.0974264705882 0.485294117647 0.128676470588 0.128676470588
0 0.488970588235 0.542279411765 0.128676470588 0.128676470588
0 0.573529411765 0.610294117647 0.128676470588 0.128676470588
0 0.319852941176 0.626838235294 0.128676470588 0.128676470588
0 0.147058823529 0.672794117647 0.128676470588 0.128676470588
0 0.216911764706 0.685661764706 0.128676470588 0.128676470588
0 0.518382352941 0.797794117647 0.128676470588 0.128676470588
0 0.0974264705882 0.0808823529412 0.128676470588 0.128676470588
