0 0.6544218 0.5790541 0.1838135 0.1838135
0 0.3290541 0.3823629 0.1470488 0.1470488
0 0.2316276 0.5422894 0.1470488 0.1470488
0 0.3823629 0.6194953 0.1470488 0.1470488
0 0.0000100 0.7058924 0.1047694 0.1470488
0 0.0790541 0.2334659 0.1286665 0.1286665
0 0.0000100 0.2408188 0.1249900 0.1286665
0 0.0533188 0.2518482 0.1286665 0.1286665
0 0.2334659 0.3106718 0.1286665 0.1286665
0 0.1213335 0.4467012 0.1286665 0.1286665
0 0.6489071 0.4853041 0.1286665 0.1286665
0 0.0882453 0.5349365 0.1286665 0.1286665
0 0.4944953 0.5606718 0.1286665 0.1286665
0 0.3088335 0.6047894 0.1286665 0.1286665
0 0.0000100 0.6066276 0.1066076 0.1286665
0 0.4871424 0.6580982 0.1286665 0.1286665
0 0.0000100 0.6709659 0.0974165 0.1286665
0 0.2224365 0.6746424 0.1286665 0.1286665
0 0.1856718 0.6875100 0.1286665 0.1286665
0 0.4669218 0.6875100 0.1286665 0.1286665
0 0.2058924 0.7794218 0.1286665 0.1286665
0 0.4761129 0.8842012 0.1286665 0.1157988
0 0.0606718 0.1378776 0.1286665 0.1286665
0 0.1617747 0.2334659 0.1286665 0.1286665
0 0.0165541 0.2371424 0.1286665 0.1286665
0 0.2297894 0.2794218 0.1286665 0.1286665
0 0.1544218 0.4172894 0.1286665 0.1286665
0 0.2353041 0.4614071 0.1286665 0.1286665
0 0.6103041 0.5036865 0.1286665 0.1286665
0 0.2444953 0.5165541 0.1286665 0.1286665
0 0.4503776 0.5496424 0.1286665 0.1286665
0 0.2003776 0.5790541 0.1286665 0.1286665
0 0.3382453 0.6194953 0.1286665 0.1286665
0 0.6305247 0.6268482 0.1286665 0.1286665
0 0.1654512 0.7978041 0.1286665 0.1286665
0 0.4761129 0.9044218 0.1286665 0.0955782
