0 0.384191176471 0.0128676470588 0.128676470588 0.128676470588
0 0.301470588235 0.0477941176471 0.128676470588 0.128676470588
0 0.544117647059 0.0477941176471 0.128676470588 0.128676470588
0 0.183823529412 0.0496323529412 0.128676470588 0.128676470588
0 0.310661764706 0.0606617647059 0.128676470588 0.128676470588
0 0.34375 0.09375 0.128676470588 0.128676470588
0 0.238970588235 0.0919117647059 0.128676470588 0.128676470588
0 0.579044117647 0.0974264705882 0.128676470588 0.128676470588
0 0.169117647059 0.0992647058824 0.128676470588 0.128676470588
0 0.209558823529 0.126838235294 0.128676470588 0.128676470588
0 0.365808823529 0.198529411765 0.128676470588 0.128676470588
