0 0.0 0.139705882353 0.154411764706 0.183823529412
0 0.0827205882353 0.371323529412 0.183823529412 0.183823529412
0 0.00919117647059 0.46875 0.128676470588 0.128676470588
0 0.617647058824 0.490808823529 0.128676470588 0.128676470588
0 0.748161764706 0.533088235294 0.128676470588 0.128676470588
0 0.426470588235 0.641544117647 0.128676470588 0.128676470588
0 0.761029411765 0.659926470588 0.128676470588 0.128676470588
0 0.547794117647 0.738970588235 0.128676470588 0.128676470588
0 0.409926470588 0.770220588235 0.128676470588 0.128676470588
0 0.693014705882 0.799632352941 0.128676470588 0.128676470588
0 0.0900735294118 0.852941176471 0.128676470588 0.128676470588
0 0.411764705882 0.852941176471 0.128676470588 0.128676470588
