0 0.5900835 0.2463335 0.1838135 0.1838135
0 0.8823629 0.4264806 0.1176371 0.1838135
0 0.3161865 0.0551571 0.1286665 0.1286665
0 0.6066276 0.0900835 0.1286665 0.1286665
0 0.3419218 0.0919218 0.1286665 0.1286665
0 0.5312600 0.1066276 0.1286665 0.1286665
0 0.3033188 0.1378776 0.1286665 0.1286665
0 0.4853041 0.1654512 0.1286665 0.1286665
0 0.2739071 0.1911865 0.1286665 0.1286665
0 0.4669218 0.1893482 0.1286665 0.1286665
0 0.5128776 0.2114071 0.1286665 0.1286665
0 0.3180247 0.2169218 0.1286665 0.1286665
0 0.4705982 0.2371424 0.1286665 0.1286665
0 0.5330982 0.2463335 0.1286665 0.1286665
0 0.5643482 0.2757453 0.1286665 0.1286665
0 0.4375100 0.2775835 0.1286665 0.1286665
0 0.4908188 0.2867747 0.1286665 0.1286665
0 0.5404512 0.3161865 0.1286665 0.1286665
0 0.5845688 0.3345688 0.1286665 0.1286665
0 0.5625100 0.3658188 0.1286665 0.1286665
0 0.5294218 0.4062600 0.1286665 0.1286665
0 0.6728041 0.4632453 0.1286665 0.1286665
0 0.6103041 0.0000100 0.1286665 0.1286665
0 0.5459659 0.0569953 0.1286665 0.1286665
0 0.2739071 0.1194953 0.1286665 0.1286665
0 0.6213335 0.1764806 0.1286665 0.1286665
0 0.5772159 0.2003776 0.1286665 0.1286665
0 0.5643482 0.3400835 0.1286665 0.1286665
0 0.5055247 0.3529512 0.1286665 0.1286665
