0 0.7371424 0.1691276 0.1838135 0.1838135
0 0.0900835 0.7077306 0.1838135 0.1838135
0 0.2426571 0.0000100 0.1286665 0.0680047
0 0.8253776 0.0000100 0.1286665 0.0955782
0 0.5220688 0.0000100 0.1286665 0.0992547
0 0.0974365 0.0000100 0.1286665 0.1231518
0 0.0220688 0.0000100 0.1286665 0.1268282
0 0.7481718 0.0018482 0.1286665 0.1286665
0 0.1783188 0.0367747 0.1286665 0.1286665
0 0.8547894 0.0533188 0.1286665 0.1286665
0 0.7003776 0.0643482 0.1286665 0.1286665
0 0.0845688 0.0717012 0.1286665 0.1286665
0 0.7886129 0.0882453 0.1286665 0.1286665
0 0.8768482 0.1654512 0.1231518 0.1286665
0 0.6342012 0.1728041 0.1286665 0.1286665
0 0.5220688 0.2095688 0.1286665 0.1286665
0 0.1838335 0.2224365 0.1286665 0.1286665
0 0.0698629 0.2408188 0.1286665 0.1286665
0 0.5735394 0.2647159 0.1286665 0.1286665
0 0.2353041 0.2978041 0.1286665 0.1286665
0 0.3400835 0.3621424 0.1286665 0.1286665
0 0.2003776 0.5036865 0.1286665 0.1286665
0 0.0827306 0.5404512 0.1286665 0.1286665
0 0.6489071 0.5955982 0.1286665 0.1286665
0 0.3014806 0.5955982 0.1286665 0.1286665
0 0.0220688 0.5974365 0.1286665 0.1286665
0 0.3658188 0.5992747 0.1286665 0.1286665
0 0.4356718 0.6029512 0.1286665 0.1286665
0 0.0349365 0.7022159 0.1286665 0.1286665
0 0.3014806 0.7463335 0.1286665 0.1286665
0 0.1654512 0.7555247 0.1286665 0.1286665
0 0.0000100 0.8364071 0.0827106 0.1286665
0 0.1856718 0.5514806 0.1286665 0.1286665
