0 0.227941176471 0.0 0.128676470588 0.0900735294118
0 0.591911764706 0.0330882352941 0.128676470588 0.128676470588
0 0.610294117647 0.141544117647 0.128676470588 0.128676470588
0 0.768382352941 0.207720588235 0.128676470588 0.128676470588
0 0.325367647059 0.299632352941 0.128676470588 0.128676470588
0 0.582720588235 0.3125 0.128676470588 0.128676470588
0 0.700367647059 0.347426470588 0.128676470588 0.128676470588
0 0.275735294118 0.417279411765 0.128676470588 0.128676470588
0 0.433823529412 0.455882352941 0.128676470588 0.128676470588
0 0.110294117647 0.496323529412 0.128676470588 0.128676470588
