0 0.0569953 0.3566276 0.1838135 0.1838135
0 0.5992747 0.8327306 0.1838135 0.1672694
0 0.5110394 0.5073629 0.1286665 0.1286665
0 0.2996424 0.5092012 0.1286665 0.1286665
0 0.4172894 0.5643482 0.1286665 0.1286665
0 0.6856718 0.5864071 0.1286665 0.1286665
0 0.0000100 0.6213335 0.0698429 0.1286665
0 0.0717012 0.6838335 0.1286665 0.1286665
0 0.7536865 0.7132453 0.1286665 0.1286665
0 0.6433924 0.7555247 0.1286665 0.1286665
0 0.3952306 0.8088335 0.1286665 0.1286665
0 0.8327306 0.8161865 0.1286665 0.1286665
0 0.0514806 0.8290541 0.1286665 0.1286665
0 0.0000100 0.8731718 0.1286665 0.1268282
0 0.4687600 0.9246424 0.1286665 0.0753576
