0 0.2279512 0.0000100 0.1286665 0.0845488
0 0.0533188 0.0808924 0.1286665 0.1286665
0 0.0459659 0.1672894 0.1286665 0.1286665
0 0.0882453 0.2389806 0.1286665 0.1286665
0 0.0000100 0.2665541 0.0661665 0.1286665
0 0.0496424 0.3474365 0.1286665 0.1286665
0 0.1452306 0.4062600 0.1286665 0.1286665
0 0.0257453 0.4632453 0.1286665 0.1286665
0 0.4944953 0.7757453 0.1286665 0.1286665
0 0.0018482 0.7996424 0.1286665 0.1286665
0 0.6286865 0.8253776 0.1286665 0.1286665
0 0.1580982 0.0000100 0.1286665 0.1213135
0 0.0000100 0.5092012 0.0882253 0.1286665
0 0.0000100 0.8364071 0.0992547 0.1286665
