0 0.698529411765 0.551470588235 0.147058823529 0.147058823529
0 0.340073529412 0.0 0.128676470588 0.0716911764706
0 0.3125 0.110294117647 0.128676470588 0.128676470588
0 0.213235294118 0.196691176471 0.128676470588 0.128676470588
0 0.329044117647 0.200367647059 0.128676470588 0.128676470588
0 0.742647058824 0.303308823529 0.128676470588 0.128676470588
0 0.540441176471 0.323529411765 0.128676470588 0.128676470588
0 0.779411764706 0.323529411765 0.128676470588 0.128676470588
0 0.880514705882 0.330882352941 0.119485294118 0.128676470588
0 0.650735294118 0.391544117647 0.128676470588 0.128676470588
0 0.814338235294 0.448529411765 0.128676470588 0.128676470588
0 0.617647058824 0.485294117647 0.128676470588 0.128676470588
0 0.501838235294 0.545955882353 0.128676470588 0.128676470588
0 0.591911764706 0.683823529412 0.128676470588 0.128676470588
0 0.538602941176 0.189338235294 0.128676470588 0.128676470588
0 0.240808823529 0.411764705882 0.128676470588 0.128676470588
0 0.619485294118 0.547794117647 0.128676470588 0.128676470588
