0 0.9007453 0.0588335 0.0992547 0.1838135
0 0.9062600 0.0000100 0.0937400 0.1249900
0 0.6323629 0.0165541 0.1286665 0.1286665
0 0.6930247 0.0459659 0.1286665 0.1286665
0 0.8051571 0.0533188 0.1286665 0.1286665
0 0.7536865 0.1728041 0.1286665 0.1286665
0 0.4356718 0.2996424 0.1286665 0.1286665
0 0.7628776 0.3750100 0.1286665 0.1286665
0 0.4209659 0.3970688 0.1286665 0.1286665
0 0.5312600 0.4338335 0.1286665 0.1286665
0 0.3897159 0.4558924 0.1286665 0.1286665
0 0.7114071 0.5147159 0.1286665 0.1286665
0 0.3713335 0.5864071 0.1286665 0.1286665
0 0.4025835 0.6911865 0.1286665 0.1286665
0 0.4687600 0.7500100 0.1286665 0.1286665
0 0.6875100 0.7683924 0.1286665 0.1286665
0 0.8033188 0.8253776 0.1286665 0.1286665
0 0.4154512 0.2279512 0.1286665 0.1286665
0 0.6838335 0.2794218 0.1286665 0.1286665
0 0.4595688 0.3731718 0.1286665 0.1286665
0 0.8014806 0.7261129 0.1286665 0.1286665
0 0.7886129 0.7610394 0.1286665 0.1286665
0 0.7812600 0.7941276 0.1286665 0.1286665
0 0.4375100 0.8308924 0.1286665 0.1286665
