0 0.0 0.181985294118 0.180147058824 0.183823529412
0 0.0 0.0165441176471 0.108455882353 0.128676470588
0 0.113970588235 0.185661764706 0.128676470588 0.128676470588
0 0.0 0.395220588235 0.125 0.128676470588
0 0.128676470588 0.441176470588 0.128676470588 0.128676470588
0 0.150735294118 0.476102941176 0.128676470588 0.128676470588
0 0.147058823529 0.503676470588 0.128676470588 0.128676470588
0 0.709558823529 0.779411764706 0.128676470588 0.128676470588
0 0.170955882353 0.0 0.128676470588 0.0955882352941
0 0.273897058824 0.3125 0.128676470588 0.128676470588
0 0.196691176471 0.522058823529 0.128676470588 0.128676470588
0 0.0477941176471 0.575367647059 0.128676470588 0.128676470588
