0 0.854779411765 0.117647058824 0.145220588235 0.147058823529
0 0.345588235294 0.0386029411765 0.128676470588 0.128676470588
0 0.761029411765 0.0753676470588 0.128676470588 0.128676470588
0 0.904411764706 0.0753676470588 0.0955882352941 0.128676470588
0 0.711397058824 0.09375 0.128676470588 0.128676470588
0 0.584558823529 0.119485294118 0.128676470588 0.128676470588
0 0.773897058824 0.132352941176 0.128676470588 0.128676470588
0 0.512867647059 0.172794117647 0.128676470588 0.128676470588
0 0.84375 0.191176470588 0.128676470588 0.128676470588
0 0.908088235294 0.205882352941 0.0919117647059 0.128676470588
0 0.00919117647059 0.209558823529 0.128676470588 0.128676470588
0 0.617647058824 0.224264705882 0.128676470588 0.128676470588
0 0.803308823529 0.262867647059 0.128676470588 0.128676470588
0 0.360294117647 0.294117647059 0.128676470588 0.128676470588
0 0.198529411765 0.294117647059 0.128676470588 0.128676470588
0 0.371323529412 0.358455882353 0.128676470588 0.128676470588
0 0.549632352941 0.360294117647 0.128676470588 0.128676470588
0 0.0 0.363970588235 0.117647058824 0.128676470588
0 0.441176470588 0.373161764706 0.128676470588 0.128676470588
0 0.220588235294 0.378676470588 0.128676470588 0.128676470588
0 0.0992647058824 0.384191176471 0.128676470588 0.128676470588
0 0.509191176471 0.424632352941 0.128676470588 0.128676470588
0 0.408088235294 0.426470588235 0.128676470588 0.128676470588
0 0.123161764706 0.430147058824 0.128676470588 0.128676470588
0 0.746323529412 0.433823529412 0.128676470588 0.128676470588
0 0.665441176471 0.457720588235 0.128676470588 0.128676470588
0 0.545955882353 0.466911764706 0.128676470588 0.128676470588
0 0.681985294118 0.481617647059 0.128676470588 0.128676470588
0 0.0 0.485294117647 0.0643382352941 0.128676470588
0 0.795955882353 0.485294117647 0.128676470588 0.128676470588
0 0.713235294118 0.490808823529 0.128676470588 0.128676470588
0 0.251838235294 0.5 0.128676470588 0.128676470588
0 0.470588235294 0.5 0.128676470588 0.128676470588
0 0.305147058824 0.503676470588 0.128676470588 0.128676470588
0 0.397058823529 0.529411764706 0.128676470588 0.128676470588
0 0.854779411765 0.5625 0.128676470588 0.128676470588
0 0.0294117647059 0.571691176471 0.128676470588 0.128676470588
0 0.606617647059 0.582720588235 0.128676470588 0.128676470588
0 0.779411764706 0.595588235294 0.128676470588 0.128676470588
0 0.659926470588 0.637867647059 0.128676470588 0.128676470588
0 0.400735294118 0.659926470588 0.128676470588 0.128676470588
0 0.575367647059 0.667279411765 0.128676470588 0.128676470588
0 0.814338235294 0.693014705882 0.128676470588 0.128676470588
0 0.696691176471 0.709558823529 0.128676470588 0.128676470588
0 0.569852941176 0.735294117647 0.128676470588 0.128676470588
0 0.520220588235 0.764705882353 0.128676470588 0.128676470588
0 0.602941176471 0.805147058824 0.128676470588 0.128676470588
0 0.441176470588 0.849264705882 0.128676470588 0.128676470588
0 0.128676470588 0.915441176471 0.128676470588 0.0845588235294
0 0.455882352941 0.920955882353 0.128676470588 0.0790441176471
0 0.229779411765 0.0330882352941 0.128676470588 0.128676470588
0 0.0882352941176 0.213235294118 0.128676470588 0.128676470588
0 0.224264705882 0.257352941176 0.128676470588 0.128676470588
0 0.847426470588 0.470588235294 0.128676470588 0.128676470588
0 0.0128676470588 0.474264705882 0.128676470588 0.128676470588
0 0.130514705882 0.498161764706 0.128676470588 0.128676470588
0 0.713235294118 0.560661764706 0.128676470588 0.128676470588
0 0.433823529412 0.608455882353 0.128676470588 0.128676470588
0 0.5 0.623161764706 0.128676470588 0.128676470588
0 0.648897058824 0.720588235294 0.128676470588 0.128676470588
0 0.669117647059 0.748161764706 0.128676470588 0.128676470588
0 0.318014705882 0.795955882353 0.128676470588 0.128676470588
0 0.238970588235 0.854779411765 0.128676470588 0.128676470588
