0 0.125 0.851102941176 0.147058823529 0.147058823529
0 0.0 0.0 0.0900735294118 0.0643382352941
0 0.0882352941176 0.0 0.128676470588 0.102941176471
0 0.0422794117647 0.0 0.128676470588 0.117647058824
0 0.395220588235 0.00551470588235 0.128676470588 0.128676470588
0 0.113970588235 0.0165441176471 0.128676470588 0.128676470588
0 0.200367647059 0.0441176470588 0.128676470588 0.128676470588
0 0.349264705882 0.110294117647 0.128676470588 0.128676470588
0 0.408088235294 0.15625 0.128676470588 0.128676470588
0 0.428308823529 0.428308823529 0.128676470588 0.128676470588
0 0.466911764706 0.498161764706 0.128676470588 0.128676470588
0 0.568014705882 0.53125 0.128676470588 0.128676470588
0 0.560661764706 0.641544117647 0.128676470588 0.128676470588
0 0.167279411765 0.647058823529 0.128676470588 0.128676470588
0 0.4375 0.738970588235 0.128676470588 0.128676470588
0 0.297794117647 0.757352941176 0.128676470588 0.128676470588
0 0.354779411765 0.768382352941 0.128676470588 0.128676470588
0 0.314338235294 0.801470588235 0.128676470588 0.128676470588
0 0.610294117647 0.917279411765 0.128676470588 0.0827205882353
0 0.397058823529 0.0 0.128676470588 0.0772058823529
0 0.0275735294118 0.0110294117647 0.128676470588 0.128676470588
0 0.286764705882 0.630514705882 0.128676470588 0.128676470588
