0 0.330882352941 0.0202205882353 0.183823529412 0.183823529412
0 0.257352941176 0.0 0.128676470588 0.128676470588
0 0.518382352941 0.0514705882353 0.128676470588 0.128676470588
0 0.53125 0.147058823529 0.128676470588 0.128676470588
0 0.0716911764706 0.152573529412 0.128676470588 0.128676470588
0 0.505514705882 0.198529411765 0.128676470588 0.128676470588
0 0.575367647059 0.220588235294 0.128676470588 0.128676470588
0 0.613970588235 0.226102941176 0.128676470588 0.128676470588
0 0.645220588235 0.262867647059 0.128676470588 0.128676470588
0 0.845588235294 0.279411764706 0.128676470588 0.128676470588
0 0.553308823529 0.310661764706 0.128676470588 0.128676470588
0 0.461397058824 0.323529411765 0.128676470588 0.128676470588
0 0.770220588235 0.345588235294 0.128676470588 0.128676470588
0 0.873161764706 0.345588235294 0.126838235294 0.128676470588
0 0.325367647059 0.362132352941 0.128676470588 0.128676470588
0 0.672794117647 0.373161764706 0.128676470588 0.128676470588
0 0.858455882353 0.387867647059 0.128676470588 0.128676470588
0 0.28125 0.424632352941 0.128676470588 0.128676470588
0 0.209558823529 0.457720588235 0.128676470588 0.128676470588
0 0.702205882353 0.470588235294 0.128676470588 0.128676470588
0 0.382352941176 0.509191176471 0.128676470588 0.128676470588
0 0.685661764706 0.533088235294 0.128676470588 0.128676470588
0 0.731617647059 0.547794117647 0.128676470588 0.128676470588
0 0.259191176471 0.549632352941 0.128676470588 0.128676470588
0 0.340073529412 0.558823529412 0.128676470588 0.128676470588
0 0.898897058824 0.59375 0.101102941176 0.128676470588
0 0.591911764706 0.621323529412 0.128676470588 0.128676470588
0 0.360294117647 0.626838235294 0.128676470588 0.128676470588
0 0.648897058824 0.823529411765 0.128676470588 0.128676470588
0 0.685661764706 0.840073529412 0.128676470588 0.128676470588
0 0.516544117647 0.0 0.128676470588 0.115808823529
0 0.0514705882353 0.0404411764706 0.128676470588 0.128676470588
0 0.479779411765 0.667279411765 0.128676470588 0.128676470588
0 0.365808823529 0.685661764706 0.128676470588 0.128676470588
