0 0.509191176471 0.645220588235 0.183823529412 0.183823529412
0 0.797794117647 0.0 0.147058823529 0.139705882353
0 0.873161764706 0.0183823529412 0.126838235294 0.128676470588
0 0.893382352941 0.117647058824 0.106617647059 0.128676470588
0 0.735294117647 0.483455882353 0.128676470588 0.128676470588
0 0.856617647059 0.487132352941 0.128676470588 0.128676470588
0 0.884191176471 0.523897058824 0.115808823529 0.128676470588
0 0.595588235294 0.540441176471 0.128676470588 0.128676470588
0 0.722426470588 0.540441176471 0.128676470588 0.128676470588
0 0.558823529412 0.556985294118 0.128676470588 0.128676470588
0 0.933823529412 0.573529411765 0.0661764705882 0.128676470588
0 0.784926470588 0.579044117647 0.128676470588 0.128676470588
0 0.716911764706 0.591911764706 0.128676470588 0.128676470588
0 0.65625 0.595588235294 0.128676470588 0.128676470588
0 0.522058823529 0.604779411765 0.128676470588 0.128676470588
0 0.590073529412 0.683823529412 0.128676470588 0.128676470588
0 0.459558823529 0.6875 0.128676470588 0.128676470588
0 0.5 0.698529411765 0.128676470588 0.128676470588
0 0.847426470588 0.715073529412 0.128676470588 0.128676470588
0 0.431985294118 0.746323529412 0.128676470588 0.128676470588
0 0.498161764706 0.746323529412 0.128676470588 0.128676470588
0 0.573529411765 0.751838235294 0.128676470588 0.128676470588
0 0.882352941176 0.0 0.117647058824 0.0698529411765
0 0.909926470588 0.0 0.0900735294118 0.0716911764706
0 0.882352941176 0.0 0.117647058824 0.110294117647
0 0.854779411765 0.150735294118 0.128676470588 0.128676470588
0 0.808823529412 0.158088235294 0.128676470588 0.128676470588
0 0.768382352941 0.516544117647 0.128676470588 0.128676470588
0 0.595588235294 0.599264705882 0.128676470588 0.128676470588
0 0.709558823529 0.626838235294 0.128676470588 0.128676470588
0 0.779411764706 0.641544117647 0.128676470588 0.128676470588
0 0.862132352941 0.650735294118 0.128676470588 0.128676470588
0 0.917279411765 0.665441176471 0.0827205882353 0.128676470588
0 0.658088235294 0.665441176471 0.128676470588 0.128676470588
0 0.674632352941 0.683823529412 0.128676470588 0.128676470588
0 0.626838235294 0.71875 0.128676470588 0.128676470588
0 0.8125 0.794117647059 0.128676470588 0.128676470588
