0 0.746323529412 0.0 0.128676470588 0.119485294118
0 0.865808823529 0.193014705882 0.128676470588 0.128676470588
0 0.744485294118 0.207720588235 0.128676470588 0.128676470588
0 0.779411764706 0.262867647059 0.128676470588 0.128676470588
0 0.632352941176 0.325367647059 0.128676470588 0.128676470588
0 0.794117647059 0.365808823529 0.128676470588 0.128676470588
0 0.709558823529 0.371323529412 0.128676470588 0.128676470588
0 0.665441176471 0.409926470588 0.128676470588 0.128676470588
0 0.882352941176 0.433823529412 0.117647058824 0.128676470588
0 0.538602941176 0.477941176471 0.128676470588 0.128676470588
0 0.634191176471 0.509191176471 0.128676470588 0.128676470588
0 0.882352941176 0.540441176471 0.117647058824 0.128676470588
0 0.753676470588 0.591911764706 0.128676470588 0.128676470588
0 0.564338235294 0.601102941176 0.128676470588 0.128676470588
0 0.549632352941 0.647058823529 0.128676470588 0.128676470588
0 0.858455882353 0.654411764706 0.128676470588 0.128676470588
0 0.602941176471 0.659926470588 0.128676470588 0.128676470588
0 0.886029411765 0.724264705882 0.113970588235 0.128676470588
0 0.830882352941 0.788602941176 0.128676470588 0.128676470588
0 0.898897058824 0.854779411765 0.101102941176 0.128676470588
0 0.772058823529 0.871323529412 0.128676470588 0.128676470588
0 0.876838235294 0.915441176471 0.123161764706 0.0845588235294
0 0.700367647059 0.255514705882 0.128676470588 0.128676470588
0 0.819852941176 0.255514705882 0.128676470588 0.128676470588
0 0.810661764706 0.306985294118 0.128676470588 0.128676470588
0 0.867647058824 0.345588235294 0.128676470588 0.128676470588
0 0.860294117647 0.373161764706 0.128676470588 0.128676470588
0 0.862132352941 0.479779411765 0.128676470588 0.128676470588
0 0.851102941176 0.516544117647 0.128676470588 0.128676470588
0 0.625 0.702205882353 0.128676470588 0.128676470588
0 0.606617647059 0.729779411765 0.128676470588 0.128676470588
0 0.792279411765 0.731617647059 0.128676470588 0.128676470588
0 0.841911764706 0.748161764706 0.128676470588 0.128676470588
0 0.569852941176 0.751838235294 0.128676470588 0.128676470588
0 0.786764705882 0.755514705882 0.128676470588 0.128676470588
0 0.637867647059 0.772058823529 0.128676470588 0.128676470588
0 0.869485294118 0.794117647059 0.128676470588 0.128676470588
0 0.792279411765 0.803308823529 0.128676470588 0.128676470588
0 0.685661764706 0.823529411765 0.128676470588 0.128676470588
0 0.803308823529 0.838235294118 0.128676470588 0.128676470588
0 0.847426470588 0.875 0.128676470588 0.125
