0 0.284926470588 0.172794117647 0.183823529412 0.183823529412
0 0.0 0.514705882353 0.152573529412 0.183823529412
0 0.349264705882 0.852941176471 0.183823529412 0.147058823529
0 0.766544117647 0.0 0.128676470588 0.125
0 0.424632352941 0.00919117647059 0.128676470588 0.128676470588
0 0.897058823529 0.0698529411765 0.102941176471 0.128676470588
0 0.0294117647059 0.0753676470588 0.128676470588 0.128676470588
0 0.34375 0.0845588235294 0.128676470588 0.128676470588
0 0.821691176471 0.0882352941176 0.128676470588 0.128676470588
0 0.216911764706 0.134191176471 0.128676470588 0.128676470588
0 0.777573529412 0.167279411765 0.128676470588 0.128676470588
0 0.509191176471 0.213235294118 0.128676470588 0.128676470588
0 0.838235294118 0.237132352941 0.128676470588 0.128676470588
0 0.0661764705882 0.242647058824 0.128676470588 0.128676470588
0 0.678308823529 0.242647058824 0.128676470588 0.128676470588
0 0.220588235294 0.248161764706 0.128676470588 0.128676470588
0 0.341911764706 0.275735294118 0.128676470588 0.128676470588
0 0.455882352941 0.294117647059 0.128676470588 0.128676470588
0 0.268382352941 0.329044117647 0.128676470588 0.128676470588
0 0.360294117647 0.330882352941 0.128676470588 0.128676470588
0 0.691176470588 0.386029411765 0.128676470588 0.128676470588
0 0.183823529412 0.443014705882 0.128676470588 0.128676470588
0 0.0 0.452205882353 0.104779411765 0.128676470588
0 0.573529411765 0.452205882353 0.128676470588 0.128676470588
0 0.117647058824 0.518382352941 0.128676470588 0.128676470588
0 0.387867647059 0.602941176471 0.128676470588 0.128676470588
0 0.253676470588 0.610294117647 0.128676470588 0.128676470588
0 0.726102941176 0.650735294118 0.128676470588 0.128676470588
0 0.525735294118 0.678308823529 0.128676470588 0.128676470588
0 0.191176470588 0.681985294118 0.128676470588 0.128676470588
0 0.0 0.724264705882 0.0882352941176 0.128676470588
0 0.461397058824 0.770220588235 0.128676470588 0.128676470588
0 0.123161764706 0.788602941176 0.128676470588 0.128676470588
0 0.295955882353 0.799632352941 0.128676470588 0.128676470588
0 0.625 0.819852941176 0.128676470588 0.128676470588
0 0.8125 0.823529411765 0.128676470588 0.128676470588
0 0.731617647059 0.845588235294 0.128676470588 0.128676470588
0 0.511029411765 0.852941176471 0.128676470588 0.128676470588
0 0.330882352941 0.893382352941 0.128676470588 0.106617647059
0 0.213235294118 0.897058823529 0.128676470588 0.102941176471
0 0.110294117647 0.926470588235 0.128676470588 0.0735294117647
0 0.268382352941 0.926470588235 0.128676470588 0.0735294117647
0 0.426470588235 0.928308823529 0.128676470588 0.0716911764706
0 0.498161764706 0.424632352941 0.128676470588 0.128676470588
