0 0.658088235294 0.255514705882 0.183823529412 0.183823529412
0 0.78125 0.150735294118 0.128676470588 0.128676470588
0 0.922794117647 0.235294117647 0.0772058823529 0.128676470588
0 0.819852941176 0.255514705882 0.128676470588 0.128676470588
0 0.748161764706 0.336397058824 0.128676470588 0.128676470588
0 0.509191176471 0.356617647059 0.128676470588 0.128676470588
0 0.674632352941 0.498161764706 0.128676470588 0.128676470588
0 0.830882352941 0.53125 0.128676470588 0.128676470588
0 0.623161764706 0.577205882353 0.128676470588 0.128676470588
0 0.794117647059 0.768382352941 0.128676470588 0.128676470588
0 0.930147058824 0.913602941176 0.0698529411765 0.0863970588235
