0 0.408088235294 0.112132352941 0.183823529412 0.183823529412
0 0.626838235294 0.237132352941 0.183823529412 0.183823529412
0 0.0 0.435661764706 0.178308823529 0.183823529412
0 0.220588235294 0.713235294118 0.183823529412 0.183823529412
0 0.101102941176 0.0 0.128676470588 0.0716911764706
0 0.761029411765 0.00183823529412 0.128676470588 0.128676470588
0 0.0827205882353 0.0275735294118 0.128676470588 0.128676470588
0 0.00919117647059 0.0294117647059 0.128676470588 0.128676470588
0 0.136029411765 0.0422794117647 0.128676470588 0.128676470588
0 0.0 0.134191176471 0.0992647058824 0.128676470588
0 0.810661764706 0.1875 0.128676470588 0.128676470588
0 0.911764705882 0.325367647059 0.0882352941176 0.128676470588
0 0.863970588235 0.389705882353 0.128676470588 0.128676470588
0 0.904411764706 0.46875 0.0955882352941 0.128676470588
0 0.691176470588 0.582720588235 0.128676470588 0.128676470588
0 0.931985294118 0.630514705882 0.0680147058824 0.128676470588
0 0.389705882353 0.652573529412 0.128676470588 0.128676470588
0 0.523897058824 0.681985294118 0.128676470588 0.128676470588
0 0.538602941176 0.78125 0.128676470588 0.128676470588
0 0.404411764706 0.786764705882 0.128676470588 0.128676470588
0 0.601102941176 0.0 0.128676470588 0.104779411765
