0 0.6746424 0.0919218 0.1286665 0.1286665
0 0.8088335 0.0919218 0.1286665 0.1286665
0 0.0845688 0.1636129 0.1286665 0.1286665
0 0.5000100 0.2169218 0.1286665 0.1286665
0 0.7500100 0.3033188 0.1286665 0.1286665
0 0.3272159 0.3933924 0.1286665 0.1286665
0 0.8823629 0.4062600 0.1176371 0.1286665
0 0.3382453 0.4761129 0.1286665 0.1286665
0 0.5165541 0.4816276 0.1286665 0.1286665
0 0.2334659 0.5257453 0.1286665 0.1286665
0 0.5606718 0.7371424 0.1286665 0.1286665
0 0.1875100 0.7941276 0.1286665 0.1286665
0 0.0000100 0.8014806 0.0992547 0.1286665
