0 0.0900835 0.0000100 0.1838135 0.1341812
0 0.0496424 0.4191276 0.1838135 0.1838135
0 0.3823629 0.4558924 0.1838135 0.1838135
0 0.7500100 0.0000100 0.1286665 0.0771959
0 0.3786865 0.0625100 0.1286665 0.1286665
0 0.4926571 0.0753776 0.1286665 0.1286665
0 0.3069953 0.0992747 0.1286665 0.1286665
0 0.4228041 0.1084659 0.1286665 0.1286665
0 0.0661865 0.2077306 0.1286665 0.1286665
0 0.4448629 0.2628776 0.1286665 0.1286665
0 0.7058924 0.0000100 0.1286665 0.0974165
0 0.5974365 0.0000100 0.1286665 0.1010929
0 0.7978041 0.0000100 0.1286665 0.1176371
0 0.5772159 0.0000100 0.1286665 0.1268282
0 0.2444953 0.0073629 0.1286665 0.1286665
0 0.6654512 0.0422894 0.1286665 0.1286665
0 0.8492747 0.0606718 0.1286665 0.1286665
0 0.7389806 0.0661865 0.1286665 0.1286665
0 0.2187600 0.0845688 0.1286665 0.1286665
0 0.5165541 0.1470688 0.1286665 0.1286665
0 0.4319953 0.1580982 0.1286665 0.1286665
0 0.2536865 0.2095688 0.1286665 0.1286665
0 0.3161865 0.2132453 0.1286665 0.1286665
0 0.7169218 0.2150835 0.1286665 0.1286665
0 0.5349365 0.2205982 0.1286665 0.1286665
0 0.4853041 0.2279512 0.1286665 0.1286665
0 0.4025835 0.2389806 0.1286665 0.1286665
0 0.3198629 0.2463335 0.1286665 0.1286665
0 0.5845688 0.2647159 0.1286665 0.1286665
0 0.2812600 0.3033188 0.1286665 0.1286665
0 0.4338335 0.3253776 0.1286665 0.1286665
0 0.3088335 0.3400835 0.1286665 0.1286665
