0 0.196691176471 0.806985294118 0.183823529412 0.183823529412
0 0.832720588235 0.0551470588235 0.147058823529 0.147058823529
0 0.185661764706 0.738970588235 0.128676470588 0.128676470588
0 0.137867647059 0.917279411765 0.128676470588 0.0827205882353
0 0.0974264705882 0.933823529412 0.128676470588 0.0661764705882
0 0.152573529412 0.634191176471 0.128676470588 0.128676470588
0 0.211397058824 0.672794117647 0.128676470588 0.128676470588
0 0.1875 0.6875 0.128676470588 0.128676470588
0 0.00919117647059 0.694852941176 0.128676470588 0.128676470588
0 0.0 0.715073529412 0.123161764706 0.128676470588
0 0.0735294117647 0.797794117647 0.128676470588 0.128676470588
0 0.141544117647 0.867647058824 0.128676470588 0.128676470588
0 0.110294117647 0.875 0.128676470588 0.125
0 0.0661764705882 0.931985294118 0.128676470588 0.0680147058824
