0 0.0790441176471 0.130514705882 0.183823529412 0.183823529412
0 0.189338235294 0.419117647059 0.183823529412 0.183823529412
0 0.137867647059 0.0 0.128676470588 0.0790441176471
0 0.227941176471 0.0974264705882 0.128676470588 0.128676470588
0 0.231617647059 0.141544117647 0.128676470588 0.128676470588
0 0.0128676470588 0.185661764706 0.128676470588 0.128676470588
0 0.242647058824 0.194852941176 0.128676470588 0.128676470588
0 0.0 0.253676470588 0.09375 0.128676470588
0 0.0992647058824 0.272058823529 0.128676470588 0.128676470588
0 0.595588235294 0.454044117647 0.128676470588 0.128676470588
0 0.115808823529 0.534926470588 0.128676470588 0.128676470588
0 0.538602941176 0.744485294118 0.128676470588 0.128676470588
0 0.0588235294118 0.255514705882 0.128676470588 0.128676470588
0 0.137867647059 0.316176470588 0.128676470588 0.128676470588
0 0.586397058824 0.397058823529 0.128676470588 0.128676470588
0 0.454044117647 0.525735294118 0.128676470588 0.128676470588
