0 0.141544117647 0.516544117647 0.183823529412 0.183823529412
0 0.0845588235294 0.330882352941 0.128676470588 0.128676470588
0 0.170955882353 0.389705882353 0.128676470588 0.128676470588
0 0.0661764705882 0.408088235294 0.128676470588 0.128676470588
0 0.358455882353 0.415441176471 0.128676470588 0.128676470588
0 0.409926470588 0.435661764706 0.128676470588 0.128676470588
0 0.321691176471 0.446691176471 0.128676470588 0.128676470588
0 0.720588235294 0.461397058824 0.128676470588 0.128676470588
0 0.435661764706 0.472426470588 0.128676470588 0.128676470588
0 0.104779411765 0.525735294118 0.128676470588 0.128676470588
0 0.810661764706 0.566176470588 0.128676470588 0.128676470588
0 0.0 0.110294117647 0.0992647058824 0.128676470588
0 0.0 0.134191176471 0.125 0.128676470588
0 0.0275735294118 0.246323529412 0.128676470588 0.128676470588
0 0.0 0.272058823529 0.0661764705882 0.128676470588
0 0.0257352941176 0.310661764706 0.128676470588 0.128676470588
0 0.724264705882 0.424632352941 0.128676470588 0.128676470588
0 0.0992647058824 0.444852941176 0.128676470588 0.128676470588
0 0.547794117647 0.461397058824 0.128676470588 0.128676470588
0 0.130514705882 0.463235294118 0.128676470588 0.128676470588
0 0.0514705882353 0.466911764706 0.128676470588 0.128676470588
0 0.369485294118 0.503676470588 0.128676470588 0.128676470588
0 0.805147058824 0.522058823529 0.128676470588 0.128676470588
0 0.625 0.536764705882 0.128676470588 0.128676470588
0 0.362132352941 0.551470588235 0.128676470588 0.128676470588
0 0.472426470588 0.558823529412 0.128676470588 0.128676470588
0 0.591911764706 0.5625 0.128676470588 0.128676470588
0 0.422794117647 0.586397058824 0.128676470588 0.128676470588
