0 0.0 0.220588235294 0.108455882353 0.183823529412
0 0.15625 0.481617647059 0.183823529412 0.183823529412
0 0.882352941176 0.365808823529 0.117647058824 0.147058823529
0 0.113970588235 0.759191176471 0.128676470588 0.128676470588
0 0.126838235294 0.810661764706 0.128676470588 0.128676470588
0 0.0 0.860294117647 0.117647058824 0.128676470588
0 0.181985294118 0.873161764706 0.128676470588 0.126838235294
0 0.360294117647 0.884191176471 0.128676470588 0.115808823529
0 0.231617647059 0.902573529412 0.128676470588 0.0974264705882
0 0.338235294118 0.90625 0.128676470588 0.09375
0 0.191176470588 0.821691176471 0.128676470588 0.128676470588
