0 0.7941276 0.4191276 0.1838135 0.1838135
0 0.4228041 0.4209659 0.1838135 0.1838135
0 0.0202306 0.4338335 0.1838135 0.1838135
0 0.8088335 0.0000100 0.1286665 0.0661665
0 0.4595688 0.0000100 0.1286665 0.1066076
0 0.0018482 0.0000100 0.1286665 0.1157988
0 0.5625100 0.0000100 0.1286665 0.1176371
0 0.2389806 0.0128776 0.1286665 0.1286665
0 0.3235394 0.0147159 0.1286665 0.1286665
0 0.6489071 0.0698629 0.1286665 0.1286665
0 0.5606718 0.0808924 0.1286665 0.1286665
0 0.4264806 0.0955982 0.1286665 0.1286665
0 0.3474365 0.1121424 0.1286665 0.1286665
0 0.2775835 0.1525835 0.1286665 0.1286665
0 0.5606718 0.1525835 0.1286665 0.1286665
0 0.0569953 0.2003776 0.1286665 0.1286665
0 0.7481718 0.2224365 0.1286665 0.1286665
0 0.5294218 0.2371424 0.1286665 0.1286665
0 0.4577306 0.2481718 0.1286665 0.1286665
0 0.9228041 0.2518482 0.0771959 0.1286665
0 0.2867747 0.2812600 0.1286665 0.1286665
0 0.8143482 0.3051571 0.1286665 0.1286665
0 0.6103041 0.3235394 0.1286665 0.1286665
0 0.7132453 0.3694953 0.1286665 0.1286665
0 0.5202306 0.3805247 0.1286665 0.1286665
0 0.3750100 0.4025835 0.1286665 0.1286665
0 0.7426571 0.4099365 0.1286665 0.1286665
0 0.2481718 0.4228041 0.1286665 0.1286665
0 0.8970688 0.4246424 0.1029312 0.1286665
0 0.6525835 0.4448629 0.1286665 0.1286665
0 0.0000100 0.4705982 0.1066076 0.1286665
0 0.8860394 0.4963335 0.1139606 0.1286665
0 0.2371424 0.5147159 0.1286665 0.1286665
0 0.7757453 0.5478041 0.1286665 0.1286665
0 0.3952306 0.5827306 0.1286665 0.1286665
0 0.5974365 0.5992747 0.1286665 0.1286665
0 0.8106718 0.6103041 0.1286665 0.1286665
0 0.1029512 0.6121424 0.1286665 0.1286665
0 0.0845688 0.6599365 0.1286665 0.1286665
0 0.0000100 0.7205982 0.0955782 0.1286665
0 0.7720688 0.7242747 0.1286665 0.1286665
0 0.0974365 0.7426571 0.1286665 0.1286665
0 0.4411865 0.7922894 0.1286665 0.1286665
0 0.1342012 0.8511129 0.1286665 0.1286665
0 0.5717012 0.1176571 0.1286665 0.1286665
0 0.4136129 0.1213335 0.1286665 0.1286665
0 0.1342012 0.3272159 0.1286665 0.1286665
