0 0.5055247 0.0753776 0.1838135 0.1838135
0 0.8694953 0.0955982 0.1305047 0.1838135
0 0.0845688 0.7573629 0.1838135 0.1838135
0 0.9099365 0.0459659 0.0900635 0.1286665
0 0.6728041 0.1415541 0.1286665 0.1286665
0 0.6433924 0.1544218 0.1286665 0.1286665
0 0.6893482 0.1838335 0.1286665 0.1286665
0 0.9228041 0.2242747 0.0771959 0.1286665
0 0.5717012 0.2334659 0.1286665 0.1286665
0 0.7500100 0.2702306 0.1286665 0.1286665
0 0.8603041 0.3345688 0.1286665 0.1286665
0 0.6636129 0.3382453 0.1286665 0.1286665
0 0.7592012 0.3474365 0.1286665 0.1286665
0 0.6029512 0.3989071 0.1286665 0.1286665
0 0.6893482 0.4981718 0.1286665 0.1286665
0 0.8272159 0.4981718 0.1286665 0.1286665
0 0.9319953 0.5294218 0.0680047 0.1286665
0 0.7500100 0.6231718 0.1286665 0.1286665
0 0.6250100 0.6268482 0.1286665 0.1286665
0 0.8842012 0.6305247 0.1157988 0.1286665
0 0.8603041 0.7187600 0.1286665 0.1286665
0 0.7812600 0.7849365 0.1286665 0.1286665
0 0.7095688 0.8364071 0.1286665 0.1286665
0 0.5220688 0.8694953 0.1286665 0.1286665
0 0.6654512 0.8731718 0.1286665 0.1268282
0 0.5478041 0.2169218 0.1286665 0.1286665
