0 0.8069953 0.2022159 0.1838135 0.1838135
0 0.2830982 0.5330982 0.1838135 0.1838135
0 0.7830982 0.7886129 0.1838135 0.1838135
0 0.1948629 0.7353041 0.1470488 0.1470488
0 0.6948629 0.6672894 0.1286665 0.1286665
0 0.6599365 0.7205982 0.1286665 0.1286665
0 0.6801571 0.8621424 0.1286665 0.1286665
0 0.7205982 0.6875100 0.1286665 0.1286665
0 0.6856718 0.7334659 0.1286665 0.1286665
0 0.6728041 0.7647159 0.1286665 0.1286665
0 0.5275835 0.8382453 0.1286665 0.1286665
0 0.6415541 0.9154512 0.1286665 0.0845488
0 0.7849365 0.9154512 0.1286665 0.0845488
