0 0.148897058824 0.163602941176 0.128676470588 0.128676470588
0 0.0 0.207720588235 0.102941176471 0.128676470588
0 0.178308823529 0.222426470588 0.128676470588 0.128676470588
0 0.163602941176 0.279411764706 0.128676470588 0.128676470588
0 0.126838235294 0.380514705882 0.128676470588 0.128676470588
0 0.0588235294118 0.408088235294 0.128676470588 0.128676470588
0 0.132352941176 0.428308823529 0.128676470588 0.128676470588
0 0.0845588235294 0.494485294118 0.128676470588 0.128676470588
0 0.0 0.573529411765 0.0753676470588 0.128676470588
0 0.0569852941176 0.0 0.128676470588 0.110294117647
0 0.126838235294 0.106617647059 0.128676470588 0.128676470588
0 0.0 0.386029411765 0.0863970588235 0.128676470588
