0 0.0000100 0.3180247 0.1286665 0.1286665
0 0.0937600 0.4485394 0.1286665 0.1286665
0 0.1746424 0.4614071 0.1286665 0.1286665
0 0.0000100 0.6268482 0.0735194 0.1286665
0 0.0000100 0.7224365 0.1157988 0.1286665
0 0.0000100 0.7518482 0.1066076 0.1286665
0 0.0165541 0.5864071 0.1286665 0.1286665
0 0.0000100 0.6489071 0.0882253 0.1286665
0 0.0955982 0.6599365 0.1286665 0.1286665
0 0.0000100 0.6783188 0.0808724 0.1286665
0 0.0275835 0.6856718 0.1286665 0.1286665
0 0.0882453 0.6985394 0.1286665 0.1286665
0 0.0183924 0.7095688 0.1286665 0.1286665
0 0.0845688 0.7647159 0.1286665 0.1286665
0 0.0625100 0.8014806 0.1286665 0.1286665
0 0.0772159 0.8694953 0.1286665 0.1286665
0 0.1250100 0.8805247 0.1286665 0.1194753
0 0.0183924 0.8860394 0.1286665 0.1139606
0 0.1397159 0.9025835 0.1286665 0.0974165
0 0.0257453 0.9228041 0.1286665 0.0771959
0 0.0955982 0.9319953 0.1286665 0.0680047
