0 0.319852941176 0.408088235294 0.183823529412 0.183823529412
0 0.443014705882 0.569852941176 0.183823529412 0.183823529412
0 0.463235294118 0.0 0.128676470588 0.0716911764706
0 0.279411764706 0.0 0.128676470588 0.0845588235294
0 0.284926470588 0.0128676470588 0.128676470588 0.128676470588
0 0.0404411764706 0.0477941176471 0.128676470588 0.128676470588
0 0.466911764706 0.0496323529412 0.128676470588 0.128676470588
0 0.112132352941 0.0900735294118 0.128676470588 0.128676470588
0 0.0 0.0974264705882 0.0955882352941 0.128676470588
0 0.235294117647 0.165441176471 0.128676470588 0.128676470588
0 0.466911764706 0.180147058824 0.128676470588 0.128676470588
0 0.0735294117647 0.215073529412 0.128676470588 0.128676470588
0 0.284926470588 0.259191176471 0.128676470588 0.128676470588
0 0.0 0.288602941176 0.104779411765 0.128676470588
0 0.777573529412 0.454044117647 0.128676470588 0.128676470588
0 0.757352941176 0.602941176471 0.128676470588 0.128676470588
0 0.613970588235 0.663602941176 0.128676470588 0.128676470588
0 0.354779411765 0.786764705882 0.128676470588 0.128676470588
0 0.0 0.897058823529 0.121323529412 0.102941176471
