0 0.229779411765 0.485294117647 0.128676470588 0.128676470588
0 0.235294117647 0.533088235294 0.128676470588 0.128676470588
0 0.310661764706 0.571691176471 0.128676470588 0.128676470588
0 0.786764705882 0.584558823529 0.128676470588 0.128676470588
0 0.823529411765 0.599264705882 0.128676470588 0.128676470588
0 0.476102941176 0.608455882353 0.128676470588 0.128676470588
0 0.297794117647 0.713235294118 0.128676470588 0.128676470588
0 0.757352941176 0.748161764706 0.128676470588 0.128676470588
0 0.325367647059 0.748161764706 0.128676470588 0.128676470588
0 0.612132352941 0.792279411765 0.128676470588 0.128676470588
0 0.652573529412 0.849264705882 0.128676470588 0.128676470588
0 0.641544117647 0.891544117647 0.128676470588 0.108455882353
0 0.847426470588 0.913602941176 0.128676470588 0.0863970588235
0 0.424632352941 0.529411764706 0.128676470588 0.128676470588
0 0.253676470588 0.737132352941 0.128676470588 0.128676470588
