0 0.125 0.0294117647059 0.147058823529 0.147058823529
0 0.0128676470588 0.777573529412 0.147058823529 0.147058823529
0 0.0 0.0 0.125 0.101102941176
0 0.130514705882 0.0 0.128676470588 0.128676470588
0 0.227941176471 0.0514705882353 0.128676470588 0.128676470588
0 0.161764705882 0.132352941176 0.128676470588 0.128676470588
0 0.0294117647059 0.409926470588 0.128676470588 0.128676470588
0 0.0 0.422794117647 0.121323529412 0.128676470588
0 0.0 0.444852941176 0.112132352941 0.128676470588
0 0.0220588235294 0.479779411765 0.128676470588 0.128676470588
0 0.00183823529412 0.511029411765 0.128676470588 0.128676470588
0 0.0 0.512867647059 0.117647058824 0.128676470588
0 0.0 0.556985294118 0.121323529412 0.128676470588
0 0.0257352941176 0.571691176471 0.128676470588 0.128676470588
0 0.310661764706 0.602941176471 0.128676470588 0.128676470588
0 0.0404411764706 0.619485294118 0.128676470588 0.128676470588
0 0.0 0.665441176471 0.0882352941176 0.128676470588
0 0.0 0.713235294118 0.0992647058824 0.128676470588
0 0.279411764706 0.742647058824 0.128676470588 0.128676470588
0 0.0 0.788602941176 0.126838235294 0.128676470588
0 0.0404411764706 0.856617647059 0.128676470588 0.128676470588
