0 0.0698529411765 0.229779411765 0.183823529412 0.183823529412
0 0.0386029411765 0.0 0.147058823529 0.139705882353
0 0.150735294118 0.0 0.147058823529 0.145220588235
0 0.0808823529412 0.0 0.128676470588 0.119485294118
0 0.0716911764706 0.185661764706 0.128676470588 0.128676470588
0 0.0974264705882 0.209558823529 0.128676470588 0.128676470588
0 0.0974264705882 0.340073529412 0.128676470588 0.128676470588
0 0.0349264705882 0.0 0.128676470588 0.0808823529412
0 0.163602941176 0.0 0.128676470588 0.0992647058824
0 0.0422794117647 0.240808823529 0.128676470588 0.128676470588
0 0.141544117647 0.336397058824 0.128676470588 0.128676470588
0 0.0 0.40625 0.0698529411765 0.128676470588
