0 0.395220588235 0.128676470588 0.183823529412 0.183823529412
0 0.661764705882 0.498161764706 0.183823529412 0.183823529412
0 0.295955882353 0.588235294118 0.183823529412 0.183823529412
0 0.917279411765 0.0 0.0827205882353 0.0698529411765
0 0.0845588235294 0.0 0.128676470588 0.0974264705882
0 0.667279411765 0.0 0.128676470588 0.101102941176
0 0.0 0.0 0.0974264705882 0.126838235294
0 0.527573529412 0.00919117647059 0.128676470588 0.128676470588
0 0.28125 0.0257352941176 0.128676470588 0.128676470588
0 0.397058823529 0.0588235294118 0.128676470588 0.128676470588
0 0.0735294117647 0.0863970588235 0.128676470588 0.128676470588
0 0.0 0.150735294118 0.0772058823529 0.128676470588
0 0.827205882353 0.198529411765 0.128676470588 0.128676470588
0 0.685661764706 0.240808823529 0.128676470588 0.128676470588
0 0.294117647059 0.259191176471 0.128676470588 0.128676470588
0 0.03125 0.297794117647 0.128676470588 0.128676470588
0 0.4375 0.310661764706 0.128676470588 0.128676470588
0 0.389705882353 0.321691176471 0.128676470588 0.128676470588
0 0.709558823529 0.338235294118 0.128676470588 0.128676470588
0 0.847426470588 0.351102941176 0.128676470588 0.128676470588
0 0.525735294118 0.397058823529 0.128676470588 0.128676470588
0 0.841911764706 0.496323529412 0.128676470588 0.128676470588
0 0.261029411765 0.514705882353 0.128676470588 0.128676470588
0 0.0349264705882 0.523897058824 0.128676470588 0.128676470588
0 0.860294117647 0.65625 0.128676470588 0.128676470588
0 0.123161764706 0.685661764706 0.128676470588 0.128676470588
0 0.610294117647 0.704044117647 0.128676470588 0.128676470588
0 0.411764705882 0.742647058824 0.128676470588 0.128676470588
0 0.875 0.773897058824 0.125 0.128676470588
0 0.294117647059 0.834558823529 0.128676470588 0.128676470588
0 0.670955882353 0.840073529412 0.128676470588 0.128676470588
0 0.336397058824 0.268382352941 0.128676470588 0.128676470588
0 0.224264705882 0.852941176471 0.128676470588 0.128676470588
