0 0.0 0.0 0.119485294118 0.112132352941
0 0.619485294118 0.670955882353 0.183823529412 0.183823529412
0 0.273897058824 0.277573529412 0.128676470588 0.128676470588
0 0.441176470588 0.286764705882 0.128676470588 0.128676470588
0 0.619485294118 0.34375 0.128676470588 0.128676470588
0 0.321691176471 0.382352941176 0.128676470588 0.128676470588
0 0.659926470588 0.397058823529 0.128676470588 0.128676470588
0 0.556985294118 0.439338235294 0.128676470588 0.128676470588
0 0.0330882352941 0.459558823529 0.128676470588 0.128676470588
0 0.0 0.492647058824 0.0900735294118 0.128676470588
0 0.694852941176 0.516544117647 0.128676470588 0.128676470588
0 0.483455882353 0.602941176471 0.128676470588 0.128676470588
0 0.150735294118 0.610294117647 0.128676470588 0.128676470588
0 0.0459558823529 0.615808823529 0.128676470588 0.128676470588
0 0.558823529412 0.645220588235 0.128676470588 0.128676470588
0 0.0349264705882 0.786764705882 0.128676470588 0.128676470588
0 0.748161764706 0.834558823529 0.128676470588 0.128676470588
0 0.871323529412 0.845588235294 0.128676470588 0.128676470588
0 0.542279411765 0.920955882353 0.128676470588 0.0790441176471
