0 0.183823529412 0.108455882353 0.183823529412 0.183823529412
0 0.641544117647 0.327205882353 0.128676470588 0.128676470588
0 0.761029411765 0.329044117647 0.128676470588 0.128676470588
0 0.709558823529 0.400735294118 0.128676470588 0.128676470588
0 0.674632352941 0.476102941176 0.128676470588 0.128676470588
0 0.814338235294 0.553308823529 0.128676470588 0.128676470588
0 0.636029411765 0.658088235294 0.128676470588 0.128676470588
0 0.547794117647 0.681985294118 0.128676470588 0.128676470588
0 0.341911764706 0.746323529412 0.128676470588 0.128676470588
0 0.71875 0.75 0.128676470588 0.128676470588
0 0.564338235294 0.869485294118 0.128676470588 0.128676470588
0 0.909926470588 0.931985294118 0.0900735294118 0.0680147058824
0 0.485294117647 0.301470588235 0.128676470588 0.128676470588
0 0.810661764706 0.325367647059 0.128676470588 0.128676470588
0 0.393382352941 0.371323529412 0.128676470588 0.128676470588
0 0.560661764706 0.384191176471 0.128676470588 0.128676470588
0 0.696691176471 0.623161764706 0.128676470588 0.128676470588
0 0.259191176471 0.8125 0.128676470588 0.128676470588
0 0.711397058824 0.909926470588 0.128676470588 0.0900735294118
