0 0.0128676470588 0.205882352941 0.183823529412 0.183823529412
0 0.584558823529 0.284926470588 0.183823529412 0.183823529412
0 0.0459558823529 0.590073529412 0.183823529412 0.183823529412
0 0.389705882353 0.00183823529412 0.128676470588 0.128676470588
0 0.303308823529 0.101102941176 0.128676470588 0.128676470588
0 0.512867647059 0.143382352941 0.128676470588 0.128676470588
0 0.393382352941 0.159926470588 0.128676470588 0.128676470588
0 0.431985294118 0.226102941176 0.128676470588 0.128676470588
0 0.411764705882 0.259191176471 0.128676470588 0.128676470588
0 0.290441176471 0.277573529412 0.128676470588 0.128676470588
0 0.332720588235 0.283088235294 0.128676470588 0.128676470588
0 0.474264705882 0.284926470588 0.128676470588 0.128676470588
0 0.395220588235 0.323529411765 0.128676470588 0.128676470588
0 0.435661764706 0.435661764706 0.128676470588 0.128676470588
0 0.520220588235 0.641544117647 0.128676470588 0.128676470588
0 0.205882352941 0.702205882353 0.128676470588 0.128676470588
0 0.180147058824 0.705882352941 0.128676470588 0.128676470588
0 0.0808823529412 0.753676470588 0.128676470588 0.128676470588
0 0.275735294118 0.762867647059 0.128676470588 0.128676470588
0 0.262867647059 0.788602941176 0.128676470588 0.128676470588
0 0.198529411765 0.821691176471 0.128676470588 0.128676470588
0 0.492647058824 0.830882352941 0.128676470588 0.128676470588
0 0.0919117647059 0.865808823529 0.128676470588 0.128676470588
0 0.305147058824 0.740808823529 0.128676470588 0.128676470588
0 0.152573529412 0.744485294118 0.128676470588 0.128676470588
0 0.170955882353 0.78125 0.128676470588 0.128676470588
