0 0.529411764706 0.422794117647 0.183823529412 0.183823529412
0 0.613970588235 0.0 0.128676470588 0.0992647058824
0 0.634191176471 0.0569852941176 0.128676470588 0.128676470588
0 0.606617647059 0.123161764706 0.128676470588 0.128676470588
0 0.617647058824 0.185661764706 0.128676470588 0.128676470588
0 0.748161764706 0.235294117647 0.128676470588 0.128676470588
0 0.691176470588 0.345588235294 0.128676470588 0.128676470588
0 0.639705882353 0.373161764706 0.128676470588 0.128676470588
0 0.626838235294 0.435661764706 0.128676470588 0.128676470588
0 0.634191176471 0.505514705882 0.128676470588 0.128676470588
0 0.615808823529 0.0974264705882 0.128676470588 0.128676470588
0 0.659926470588 0.259191176471 0.128676470588 0.128676470588
0 0.630514705882 0.316176470588 0.128676470588 0.128676470588
0 0.652573529412 0.340073529412 0.128676470588 0.128676470588
0 0.670955882353 0.422794117647 0.128676470588 0.128676470588
0 0.610294117647 0.452205882353 0.128676470588 0.128676470588
