0 0.654411764706 0.744485294118 0.183823529412 0.183823529412
0 0.792279411765 0.15625 0.128676470588 0.128676470588
0 0.795955882353 0.238970588235 0.128676470588 0.128676470588
0 0.867647058824 0.277573529412 0.128676470588 0.128676470588
0 0.733455882353 0.448529411765 0.128676470588 0.128676470588
0 0.768382352941 0.547794117647 0.128676470588 0.128676470588
0 0.764705882353 0.590073529412 0.128676470588 0.128676470588
0 0.924632352941 0.810661764706 0.0753676470588 0.128676470588
0 0.613970588235 0.845588235294 0.128676470588 0.128676470588
0 0.78125 0.886029411765 0.128676470588 0.113970588235
