0 0.358455882353 0.590073529412 0.147058823529 0.147058823529
0 0.194852941176 0.632352941176 0.128676470588 0.128676470588
0 0.233455882353 0.775735294118 0.128676470588 0.128676470588
0 0.0128676470588 0.0716911764706 0.128676470588 0.128676470588
0 0.472426470588 0.0735294117647 0.128676470588 0.128676470588
0 0.501838235294 0.0772058823529 0.128676470588 0.128676470588
0 0.435661764706 0.0845588235294 0.128676470588 0.128676470588
0 0.0 0.194852941176 0.0955882352941 0.128676470588
0 0.130514705882 0.207720588235 0.128676470588 0.128676470588
0 0.181985294118 0.235294117647 0.128676470588 0.128676470588
0 0.117647058824 0.244485294118 0.128676470588 0.128676470588
0 0.0735294117647 0.248161764706 0.128676470588 0.128676470588
0 0.0422794117647 0.251838235294 0.128676470588 0.128676470588
0 0.117647058824 0.264705882353 0.128676470588 0.128676470588
0 0.0533088235294 0.264705882353 0.128676470588 0.128676470588
0 0.147058823529 0.270220588235 0.128676470588 0.128676470588
0 0.112132352941 0.299632352941 0.128676470588 0.128676470588
0 0.226102941176 0.301470588235 0.128676470588 0.128676470588
0 0.159926470588 0.305147058824 0.128676470588 0.128676470588
0 0.0 0.389705882353 0.101102941176 0.128676470588
0 0.1875 0.40625 0.128676470588 0.128676470588
0 0.0110294117647 0.409926470588 0.128676470588 0.128676470588
0 0.0 0.422794117647 0.0900735294118 0.128676470588
0 0.220588235294 0.428308823529 0.128676470588 0.128676470588
0 0.367647058824 0.439338235294 0.128676470588 0.128676470588
0 0.308823529412 0.446691176471 0.128676470588 0.128676470588
0 0.134191176471 0.450367647059 0.128676470588 0.128676470588
0 0.101102941176 0.474264705882 0.128676470588 0.128676470588
0 0.0661764705882 0.549632352941 0.128676470588 0.128676470588
0 0.0367647058824 0.588235294118 0.128676470588 0.128676470588
0 0.132352941176 0.619485294118 0.128676470588 0.128676470588
0 0.259191176471 0.623161764706 0.128676470588 0.128676470588
0 0.3125 0.663602941176 0.128676470588 0.128676470588
0 0.141544117647 0.705882352941 0.128676470588 0.128676470588
0 0.0 0.716911764706 0.0808823529412 0.128676470588
0 0.174632352941 0.744485294118 0.128676470588 0.128676470588
0 0.0882352941176 0.818014705882 0.128676470588 0.128676470588
