0 0.0 0.220588235294 0.176470588235 0.183823529412
0 0.0 0.536764705882 0.176470588235 0.183823529412
0 0.625 0.746323529412 0.147058823529 0.147058823529
0 0.78125 0.0 0.128676470588 0.0753676470588
0 0.261029411765 0.0 0.128676470588 0.0790441176471
0 0.0698529411765 0.0 0.128676470588 0.126838235294
0 0.919117647059 0.0477941176471 0.0808823529412 0.128676470588
0 0.779411764706 0.0606617647059 0.128676470588 0.128676470588
0 0.288602941176 0.139705882353 0.128676470588 0.128676470588
0 0.845588235294 0.176470588235 0.128676470588 0.128676470588
0 0.748161764706 0.240808823529 0.128676470588 0.128676470588
0 0.384191176471 0.310661764706 0.128676470588 0.128676470588
0 0.59375 0.352941176471 0.128676470588 0.128676470588
0 0.65625 0.426470588235 0.128676470588 0.128676470588
0 0.408088235294 0.4375 0.128676470588 0.128676470588
0 0.768382352941 0.444852941176 0.128676470588 0.128676470588
0 0.830882352941 0.560661764706 0.128676470588 0.128676470588
0 0.314338235294 0.571691176471 0.128676470588 0.128676470588
0 0.920955882353 0.770220588235 0.0790441176471 0.128676470588
