0 0.248161764706 0.0 0.128676470588 0.0661764705882
0 0.891544117647 0.0 0.108455882353 0.110294117647
0 0.797794117647 0.0 0.128676470588 0.110294117647
0 0.365808823529 0.0588235294118 0.128676470588 0.128676470588
0 0.893382352941 0.0716911764706 0.106617647059 0.128676470588
0 0.834558823529 0.172794117647 0.128676470588 0.128676470588
0 0.204044117647 0.213235294118 0.128676470588 0.128676470588
0 0.0569852941176 0.259191176471 0.128676470588 0.128676470588
0 0.470588235294 0.264705882353 0.128676470588 0.128676470588
0 0.827205882353 0.268382352941 0.128676470588 0.128676470588
0 0.738970588235 0.360294117647 0.128676470588 0.128676470588
0 0.834558823529 0.408088235294 0.128676470588 0.128676470588
0 0.443014705882 0.409926470588 0.128676470588 0.128676470588
0 0.613970588235 0.481617647059 0.128676470588 0.128676470588
0 0.395220588235 0.53125 0.128676470588 0.128676470588
0 0.479779411765 0.564338235294 0.128676470588 0.128676470588
0 0.898897058824 0.59375 0.101102941176 0.128676470588
0 0.373161764706 0.626838235294 0.128676470588 0.128676470588
