0 0.3603041 0.4209659 0.1838135 0.1838135
0 0.2592012 0.0000100 0.1286665 0.0845488
0 0.4246424 0.1121424 0.1286665 0.1286665
0 0.0000100 0.1250100 0.0716812 0.1286665
0 0.0404512 0.1525835 0.1286665 0.1286665
0 0.4154512 0.2224365 0.1286665 0.1286665
0 0.0588335 0.4007453 0.1286665 0.1286665
0 0.3639806 0.6323629 0.1286665 0.1286665
0 0.2095688 0.6783188 0.1286665 0.1286665
0 0.4853041 0.7095688 0.1286665 0.1286665
0 0.3290541 0.7187600 0.1286665 0.1286665
0 0.0000100 0.7389806 0.1084459 0.1286665
0 0.3805247 0.7720688 0.1286665 0.1286665
0 0.2481718 0.7978041 0.1286665 0.1286665
0 0.1452306 0.8308924 0.1286665 0.1286665
0 0.0588335 0.8511129 0.1286665 0.1286665
0 0.3731718 0.8731718 0.1286665 0.1268282
0 0.2353041 0.7592012 0.1286665 0.1286665
