0 0.604779411765 0.297794117647 0.183823529412 0.183823529412
0 0.639705882353 0.904411764706 0.183823529412 0.0955882352941
0 0.711397058824 0.612132352941 0.147058823529 0.147058823529
0 0.126838235294 0.0 0.128676470588 0.0698529411765
0 0.727941176471 0.0 0.128676470588 0.0716911764706
0 0.0257352941176 0.0 0.128676470588 0.104779411765
0 0.0 0.134191176471 0.0992647058824 0.128676470588
0 0.772058823529 0.323529411765 0.128676470588 0.128676470588
0 0.694852941176 0.404411764706 0.128676470588 0.128676470588
0 0.303308823529 0.0 0.128676470588 0.0955882352941
0 0.0 0.106617647059 0.123161764706 0.128676470588
0 0.0 0.167279411765 0.0900735294118 0.128676470588
0 0.821691176471 0.233455882353 0.128676470588 0.128676470588
0 0.0238970588235 0.259191176471 0.128676470588 0.128676470588
0 0.0 0.305147058824 0.0827205882353 0.128676470588
0 0.536764705882 0.341911764706 0.128676470588 0.128676470588
0 0.0386029411765 0.367647058824 0.128676470588 0.128676470588
0 0.121323529412 0.384191176471 0.128676470588 0.128676470588
0 0.193014705882 0.408088235294 0.128676470588 0.128676470588
0 0.634191176471 0.477941176471 0.128676470588 0.128676470588
0 0.713235294118 0.566176470588 0.128676470588 0.128676470588
0 0.757352941176 0.566176470588 0.128676470588 0.128676470588
