0 0.102941176471 0.419117647059 0.183823529412 0.183823529412
0 0.676470588235 0.829044117647 0.128676470588 0.128676470588
0 0.481617647059 0.832720588235 0.128676470588 0.128676470588
0 0.316176470588 0.928308823529 0.128676470588 0.0716911764706
0 0.825367647059 0.704044117647 0.128676470588 0.128676470588
0 0.784926470588 0.711397058824 0.128676470588 0.128676470588
0 0.727941176471 0.759191176471 0.128676470588 0.128676470588
0 0.832720588235 0.759191176471 0.128676470588 0.128676470588
0 0.801470588235 0.779411764706 0.128676470588 0.128676470588
0 0.669117647059 0.78125 0.128676470588 0.128676470588
0 0.762867647059 0.797794117647 0.128676470588 0.128676470588
0 0.400735294118 0.884191176471 0.128676470588 0.115808823529
0 0.454044117647 0.889705882353 0.128676470588 0.110294117647
0 0.590073529412 0.919117647059 0.128676470588 0.0808823529412
