0 0.538602941176 0.0 0.128676470588 0.0882352941176
0 0.431985294118 0.231617647059 0.128676470588 0.128676470588
0 0.417279411765 0.3125 0.128676470588 0.128676470588
0 0.349264705882 0.413602941176 0.128676470588 0.128676470588
0 0.448529411765 0.0 0.128676470588 0.0753676470588
0 0.303308823529 0.0661764705882 0.128676470588 0.128676470588
0 0.354779411765 0.09375 0.128676470588 0.128676470588
0 0.485294117647 0.119485294118 0.128676470588 0.128676470588
0 0.0202205882353 0.455882352941 0.128676470588 0.128676470588
0 0.0643382352941 0.560661764706 0.128676470588 0.128676470588
0 0.0386029411765 0.599264705882 0.128676470588 0.128676470588
