0 0.2334659 0.5680247 0.1838135 0.1838135
0 0.0808924 0.1930247 0.1470488 0.1470488
0 0.6911865 0.3308924 0.1470488 0.1470488
0 0.6029512 0.6580982 0.1470488 0.1470488
0 0.9154512 0.0000100 0.0845488 0.0974165
0 0.6470688 0.1580982 0.1286665 0.1286665
0 0.6801571 0.2077306 0.1286665 0.1286665
0 0.6029512 0.2334659 0.1286665 0.1286665
0 0.6764806 0.2959659 0.1286665 0.1286665
0 0.5772159 0.3272159 0.1286665 0.1286665
0 0.5643482 0.4080982 0.1286665 0.1286665
0 0.8217012 0.4393482 0.1286665 0.1286665
0 0.8180247 0.5092012 0.1286665 0.1286665
0 0.6176571 0.5165541 0.1286665 0.1286665
0 0.5220688 0.5404512 0.1286665 0.1286665
0 0.0000100 0.5698629 0.0808724 0.1286665
0 0.9246424 0.5900835 0.0753576 0.1286665
0 0.5202306 0.7040541 0.1286665 0.1286665
0 0.6213335 0.7647159 0.1286665 0.1286665
0 0.7316276 0.8308924 0.1286665 0.1286665
0 0.6378776 0.8676571 0.1286665 0.1286665
0 0.3860394 0.8878776 0.1286665 0.1121224
0 0.0992747 0.0000100 0.1286665 0.1157988
0 0.5606718 0.3014806 0.1286665 0.1286665
0 0.5220688 0.6103041 0.1286665 0.1286665
0 0.0000100 0.6709659 0.1084459 0.1286665
0 0.0478041 0.8364071 0.1286665 0.1286665
