0 0.3364071 0.1838335 0.1838135 0.1838135
0 0.0055247 0.6176571 0.1838135 0.1838135
0 0.6139806 0.0753776 0.1470488 0.1470488
0 0.1764806 0.1636129 0.1470488 0.1470488
0 0.5367747 0.3253776 0.1470488 0.1470488
0 0.1231718 0.3474365 0.1470488 0.1470488
0 0.4926571 0.6672894 0.1470488 0.1470488
0 0.4228041 0.6930247 0.1470488 0.1470488
0 0.8125100 0.8143482 0.1470488 0.1470488
0 0.6397159 0.8621424 0.1470488 0.1378576
0 0.1562600 0.0000100 0.1286665 0.0680047
0 0.0000100 0.0000100 0.1121224 0.0919018
0 0.1562600 0.0000100 0.1286665 0.1157988
0 0.1728041 0.0717012 0.1286665 0.1286665
0 0.5900835 0.1103041 0.1286665 0.1286665
0 0.2371424 0.1342012 0.1286665 0.1286665
0 0.1231718 0.1470688 0.1286665 0.1286665
0 0.2978041 0.1580982 0.1286665 0.1286665
0 0.5202306 0.1728041 0.1286665 0.1286665
0 0.3235394 0.2389806 0.1286665 0.1286665
0 0.5092012 0.2408188 0.1286665 0.1286665
0 0.0514806 0.2481718 0.1286665 0.1286665
0 0.5827306 0.2481718 0.1286665 0.1286665
0 0.2683924 0.2592012 0.1286665 0.1286665
0 0.3603041 0.2592012 0.1286665 0.1286665
0 0.1231718 0.2849365 0.1286665 0.1286665
0 0.5478041 0.2849365 0.1286665 0.1286665
0 0.0000100 0.2867747 0.1194753 0.1286665
0 0.4558924 0.3272159 0.1286665 0.1286665
0 0.2169218 0.3676571 0.1286665 0.1286665
0 0.0000100 0.3786865 0.0863871 0.1286665
0 0.2058924 0.4191276 0.1286665 0.1286665
0 0.1783188 0.4283188 0.1286665 0.1286665
0 0.0827306 0.4375100 0.1286665 0.1286665
0 0.0900835 0.4853041 0.1286665 0.1286665
0 0.0000100 0.5018482 0.0919018 0.1286665
0 0.2077306 0.5128776 0.1286665 0.1286665
0 0.6415541 0.5386129 0.1286665 0.1286665
0 0.1176571 0.5496424 0.1286665 0.1286665
0 0.0606718 0.5680247 0.1286665 0.1286665
0 0.0147159 0.5827306 0.1286665 0.1286665
0 0.1029512 0.5974365 0.1286665 0.1286665
0 0.0919218 0.6342012 0.1286665 0.1286665
0 0.6930247 0.6342012 0.1286665 0.1286665
0 0.6544218 0.6672894 0.1286665 0.1286665
0 0.0000100 0.6728041 0.0771959 0.1286665
0 0.2996424 0.6838335 0.1286665 0.1286665
0 0.0459659 0.7169218 0.1286665 0.1286665
0 0.5753776 0.7261129 0.1286665 0.1286665
0 0.3658188 0.7353041 0.1286665 0.1286665
0 0.2242747 0.7444953 0.1286665 0.1286665
0 0.1489071 0.7463335 0.1286665 0.1286665
0 0.8308924 0.7665541 0.1286665 0.1286665
0 0.9246424 0.7683924 0.0753576 0.1286665
0 0.6194953 0.7702306 0.1286665 0.1286665
0 0.5625100 0.7739071 0.1286665 0.1286665
0 0.7224365 0.7794218 0.1286665 0.1286665
0 0.0000100 0.7978041 0.1121224 0.1286665
0 0.2261129 0.8364071 0.1286665 0.1286665
0 0.9191276 0.8400835 0.0808724 0.1286665
0 0.3308924 0.8658188 0.1286665 0.1286665
0 0.7555247 0.8933924 0.1286665 0.1066076
0 0.8547894 0.9025835 0.1286665 0.0974165
0 0.8786865 0.9338335 0.1213135 0.0661665
0 0.1470688 0.0312600 0.1286665 0.1286665
0 0.2500100 0.1011129 0.1286665 0.1286665
0 0.2279512 0.2022159 0.1286665 0.1286665
0 0.0643482 0.3842012 0.1286665 0.1286665
0 0.1268482 0.4283188 0.1286665 0.1286665
0 0.0000100 0.4540541 0.0882253 0.1286665
0 0.4356718 0.4724365 0.1286665 0.1286665
0 0.4853041 0.5220688 0.1286665 0.1286665
0 0.5845688 0.5753776 0.1286665 0.1286665
0 0.1305247 0.6985394 0.1286665 0.1286665
0 0.7150835 0.7022159 0.1286665 0.1286665
0 0.3694953 0.7922894 0.1286665 0.1286665
0 0.7169218 0.8272159 0.1286665 0.1286665
0 0.3437600 0.8345688 0.1286665 0.1286665
0 0.1323629 0.8566276 0.1286665 0.1286665
0 0.0000100 0.9228041 0.1029312 0.0771959
0 0.0239071 0.9301571 0.1286665 0.0698429
