0 0.516544117647 0.0 0.183823529412 0.152573529412
0 0.792279411765 0.431985294118 0.128676470588 0.128676470588
0 0.472426470588 0.534926470588 0.128676470588 0.128676470588
0 0.459558823529 0.597426470588 0.128676470588 0.128676470588
0 0.827205882353 0.634191176471 0.128676470588 0.128676470588
0 0.386029411765 0.821691176471 0.128676470588 0.128676470588
0 0.762867647059 0.825367647059 0.128676470588 0.128676470588
0 0.485294117647 0.856617647059 0.128676470588 0.128676470588
0 0.488970588235 0.908088235294 0.128676470588 0.0919117647059
0 0.75 0.928308823529 0.128676470588 0.0716911764706
