0 0.59375 0.409926470588 0.147058823529 0.147058823529
0 0.632352941176 0.459558823529 0.128676470588 0.128676470588
0 0.720588235294 0.461397058824 0.128676470588 0.128676470588
0 0.641544117647 0.569852941176 0.128676470588 0.128676470588
0 0.522058823529 0.602941176471 0.128676470588 0.128676470588
0 0.472426470588 0.698529411765 0.128676470588 0.128676470588
0 0.672794117647 0.847426470588 0.128676470588 0.128676470588
0 0.143382352941 0.922794117647 0.128676470588 0.0772058823529
0 0.674632352941 0.424632352941 0.128676470588 0.128676470588
0 0.751838235294 0.503676470588 0.128676470588 0.128676470588
