0 0.3382453 0.2481718 0.1838135 0.1838135
0 0.8474365 0.2647159 0.1525635 0.1838135
0 0.3308924 0.8033188 0.1838135 0.1838135
0 0.6489071 0.7849365 0.1470488 0.1470488
0 0.2334659 0.0588335 0.1286665 0.1286665
0 0.8731718 0.0790541 0.1268282 0.1286665
0 0.7702306 0.1194953 0.1286665 0.1286665
0 0.1911865 0.1764806 0.1286665 0.1286665
0 0.5000100 0.2665541 0.1286665 0.1286665
0 0.0422894 0.2794218 0.1286665 0.1286665
0 0.5422894 0.3750100 0.1286665 0.1286665
0 0.1360394 0.5404512 0.1286665 0.1286665
0 0.8400835 0.5514806 0.1286665 0.1286665
0 0.5735394 0.5606718 0.1286665 0.1286665
0 0.4172894 0.5625100 0.1286665 0.1286665
0 0.2279512 0.5625100 0.1286665 0.1286665
0 0.8014806 0.6856718 0.1286665 0.1286665
0 0.5257453 0.7536865 0.1286665 0.1286665
0 0.2463335 0.7978041 0.1286665 0.1286665
0 0.0000100 0.8051571 0.0790341 0.1286665
0 0.0000100 0.1029512 0.0974165 0.1286665
0 0.5882453 0.2242747 0.1286665 0.1286665
0 0.9007453 0.3731718 0.0992547 0.1286665
0 0.6948629 0.5900835 0.1286665 0.1286665
