0 0.0000100 0.2720688 0.1323429 0.1838135
0 0.0000100 0.0000100 0.0882253 0.0753576
0 0.0845688 0.0000100 0.1286665 0.0863871
0 0.2812600 0.0092012 0.1286665 0.1286665
0 0.0092012 0.0625100 0.1286665 0.1286665
0 0.1930247 0.2389806 0.1286665 0.1286665
0 0.3051571 0.3014806 0.1286665 0.1286665
0 0.3915541 0.3584659 0.1286665 0.1286665
0 0.0551571 0.4080982 0.1286665 0.1286665
0 0.2555247 0.4191276 0.1286665 0.1286665
0 0.0000100 0.4503776 0.1102841 0.1286665
0 0.1011129 0.4577306 0.1286665 0.1286665
0 0.2371424 0.4742747 0.1286665 0.1286665
0 0.0000100 0.5183924 0.0827106 0.1286665
0 0.8621424 0.5349365 0.1286665 0.1286665
0 0.2242747 0.5772159 0.1286665 0.1286665
0 0.4558924 0.5790541 0.1286665 0.1286665
0 0.5367747 0.5955982 0.1286665 0.1286665
0 0.2867747 0.6433924 0.1286665 0.1286665
0 0.0533188 0.6636129 0.1286665 0.1286665
0 0.1360394 0.6930247 0.1286665 0.1286665
0 0.4853041 0.7224365 0.1286665 0.1286665
0 0.2794218 0.8419218 0.1286665 0.1286665
0 0.4246424 0.8566276 0.1286665 0.1286665
0 0.7665541 0.9172894 0.1286665 0.0827106
0 0.8474365 0.0000100 0.1286665 0.0771959
0 0.2187600 0.0000100 0.1286665 0.0863871
0 0.3915541 0.0000100 0.1286665 0.0863871
0 0.6084659 0.0000100 0.1286665 0.0955782
0 0.2389806 0.0000100 0.1286665 0.1268282
0 0.3750100 0.0110394 0.1286665 0.1286665
0 0.2132453 0.0643482 0.1286665 0.1286665
0 0.5588335 0.5092012 0.1286665 0.1286665
0 0.7242747 0.6213335 0.1286665 0.1286665
