0 0.413602941176 0.617647058824 0.147058823529 0.147058823529
0 0.452205882353 0.452205882353 0.128676470588 0.128676470588
0 0.503676470588 0.472426470588 0.128676470588 0.128676470588
0 0.523897058824 0.492647058824 0.128676470588 0.128676470588
0 0.46875 0.522058823529 0.128676470588 0.128676470588
0 0.498161764706 0.538602941176 0.128676470588 0.128676470588
0 0.340073529412 0.547794117647 0.128676470588 0.128676470588
0 0.463235294118 0.597426470588 0.128676470588 0.128676470588
0 0.474264705882 0.643382352941 0.128676470588 0.128676470588
0 0.470588235294 0.659926470588 0.128676470588 0.128676470588
