0 0.461397058824 0.0 0.128676470588 0.110294117647
0 0.845588235294 0.0220588235294 0.128676470588 0.128676470588
0 0.556985294118 0.0349264705882 0.128676470588 0.128676470588
0 0.404411764706 0.112132352941 0.128676470588 0.128676470588
0 0.705882352941 0.126838235294 0.128676470588 0.128676470588
0 0.419117647059 0.147058823529 0.128676470588 0.128676470588
0 0.476102941176 0.215073529412 0.128676470588 0.128676470588
0 0.483455882353 0.288602941176 0.128676470588 0.128676470588
0 0.755514705882 0.290441176471 0.128676470588 0.128676470588
0 0.852941176471 0.297794117647 0.128676470588 0.128676470588
0 0.667279411765 0.330882352941 0.128676470588 0.128676470588
0 0.477941176471 0.397058823529 0.128676470588 0.128676470588
0 0.205882352941 0.4375 0.128676470588 0.128676470588
0 0.264705882353 0.46875 0.128676470588 0.128676470588
0 0.336397058824 0.472426470588 0.128676470588 0.128676470588
0 0.378676470588 0.505514705882 0.128676470588 0.128676470588
0 0.498161764706 0.619485294118 0.128676470588 0.128676470588
0 0.283088235294 0.621323529412 0.128676470588 0.128676470588
0 0.893382352941 0.0 0.106617647059 0.0753676470588
0 0.564338235294 0.0 0.128676470588 0.0900735294118
0 0.680147058824 0.0 0.128676470588 0.0955882352941
0 0.759191176471 0.0 0.128676470588 0.0955882352941
0 0.838235294118 0.0 0.128676470588 0.101102941176
0 0.748161764706 0.0220588235294 0.128676470588 0.128676470588
0 0.297794117647 0.0349264705882 0.128676470588 0.128676470588
0 0.422794117647 0.0514705882353 0.128676470588 0.128676470588
0 0.720588235294 0.0533088235294 0.128676470588 0.128676470588
0 0.821691176471 0.0716911764706 0.128676470588 0.128676470588
0 0.858455882353 0.119485294118 0.128676470588 0.128676470588
0 0.612132352941 0.134191176471 0.128676470588 0.128676470588
0 0.897058823529 0.143382352941 0.102941176471 0.128676470588
0 0.606617647059 0.178308823529 0.128676470588 0.128676470588
0 0.797794117647 0.181985294118 0.128676470588 0.128676470588
0 0.922794117647 0.1875 0.0772058823529 0.128676470588
0 0.674632352941 0.209558823529 0.128676470588 0.128676470588
0 0.560661764706 0.213235294118 0.128676470588 0.128676470588
0 0.854779411765 0.215073529412 0.128676470588 0.128676470588
0 0.735294117647 0.253676470588 0.128676470588 0.128676470588
0 0.648897058824 0.292279411765 0.128676470588 0.128676470588
0 0.551470588235 0.297794117647 0.128676470588 0.128676470588
0 0.884191176471 0.327205882353 0.115808823529 0.128676470588
0 0.625 0.384191176471 0.128676470588 0.128676470588
0 0.308823529412 0.584558823529 0.128676470588 0.128676470588
