0 0.711397058824 0.492647058824 0.183823529412 0.183823529412
0 0.729779411765 0.204044117647 0.128676470588 0.128676470588
0 0.584558823529 0.297794117647 0.128676470588 0.128676470588
0 0.720588235294 0.310661764706 0.128676470588 0.128676470588
0 0.702205882353 0.387867647059 0.128676470588 0.128676470588
0 0.551470588235 0.40625 0.128676470588 0.128676470588
0 0.663602941176 0.433823529412 0.128676470588 0.128676470588
0 0.435661764706 0.463235294118 0.128676470588 0.128676470588
0 0.53125 0.496323529412 0.128676470588 0.128676470588
0 0.354779411765 0.498161764706 0.128676470588 0.128676470588
0 0.512867647059 0.580882352941 0.128676470588 0.128676470588
0 0.373161764706 0.641544117647 0.128676470588 0.128676470588
0 0.202205882353 0.841911764706 0.128676470588 0.128676470588
