0 0.636029411765 0.180147058824 0.183823529412 0.183823529412
0 0.726102941176 0.663602941176 0.183823529412 0.183823529412
0 0.0 0.672794117647 0.139705882353 0.183823529412
0 0.284926470588 0.0 0.128676470588 0.0992647058824
0 0.490808823529 0.0441176470588 0.128676470588 0.128676470588
0 0.726102941176 0.0477941176471 0.128676470588 0.128676470588
0 0.34375 0.119485294118 0.128676470588 0.128676470588
0 0.483455882353 0.132352941176 0.128676470588 0.128676470588
0 0.0 0.136029411765 0.117647058824 0.128676470588
0 0.215073529412 0.158088235294 0.128676470588 0.128676470588
0 0.591911764706 0.1875 0.128676470588 0.128676470588
0 0.492647058824 0.198529411765 0.128676470588 0.128676470588
0 0.362132352941 0.295955882353 0.128676470588 0.128676470588
0 0.542279411765 0.299632352941 0.128676470588 0.128676470588
0 0.431985294118 0.306985294118 0.128676470588 0.128676470588
0 0.0772058823529 0.321691176471 0.128676470588 0.128676470588
0 0.555147058824 0.351102941176 0.128676470588 0.128676470588
0 0.485294117647 0.360294117647 0.128676470588 0.128676470588
0 0.21875 0.391544117647 0.128676470588 0.128676470588
0 0.672794117647 0.397058823529 0.128676470588 0.128676470588
0 0.365808823529 0.402573529412 0.128676470588 0.128676470588
0 0.424632352941 0.40625 0.128676470588 0.128676470588
0 0.553308823529 0.408088235294 0.128676470588 0.128676470588
0 0.628676470588 0.413602941176 0.128676470588 0.128676470588
0 0.755514705882 0.444852941176 0.128676470588 0.128676470588
0 0.452205882353 0.503676470588 0.128676470588 0.128676470588
0 0.623161764706 0.525735294118 0.128676470588 0.128676470588
0 0.294117647059 0.527573529412 0.128676470588 0.128676470588
0 0.790441176471 0.555147058824 0.128676470588 0.128676470588
0 0.488970588235 0.602941176471 0.128676470588 0.128676470588
0 0.338235294118 0.619485294118 0.128676470588 0.128676470588
0 0.233455882353 0.634191176471 0.128676470588 0.128676470588
0 0.612132352941 0.659926470588 0.128676470588 0.128676470588
0 0.409926470588 0.674632352941 0.128676470588 0.128676470588
0 0.466911764706 0.716911764706 0.128676470588 0.128676470588
0 0.628676470588 0.726102941176 0.128676470588 0.128676470588
0 0.674632352941 0.818014705882 0.128676470588 0.128676470588
0 0.5625 0.819852941176 0.128676470588 0.128676470588
0 0.459558823529 0.84375 0.128676470588 0.128676470588
0 0.345588235294 0.551470588235 0.128676470588 0.128676470588
0 0.553308823529 0.716911764706 0.128676470588 0.128676470588
