0 0.0367647058824 0.0330882352941 0.183823529412 0.183823529412
0 0.132352941176 0.707720588235 0.183823529412 0.183823529412
0 0.310661764706 0.0 0.128676470588 0.0753676470588
0 0.492647058824 0.0 0.128676470588 0.0992647058824
0 0.196691176471 0.0 0.128676470588 0.104779411765
0 0.356617647059 0.0 0.128676470588 0.126838235294
0 0.0 0.0661764705882 0.112132352941 0.128676470588
0 0.0 0.169117647059 0.0753676470588 0.128676470588
0 0.189338235294 0.220588235294 0.128676470588 0.128676470588
0 0.00183823529412 0.233455882353 0.128676470588 0.128676470588
0 0.0680147058824 0.251838235294 0.128676470588 0.128676470588
0 0.132352941176 0.327205882353 0.128676470588 0.128676470588
0 0.00183823529412 0.472426470588 0.128676470588 0.128676470588
