0 0.523897058824 0.411764705882 0.183823529412 0.183823529412
0 0.678308823529 0.365808823529 0.128676470588 0.128676470588
0 0.814338235294 0.395220588235 0.128676470588 0.128676470588
0 0.740808823529 0.485294117647 0.128676470588 0.128676470588
0 0.928308823529 0.485294117647 0.0716911764706 0.128676470588
0 0.479779411765 0.488970588235 0.128676470588 0.128676470588
0 0.590073529412 0.553308823529 0.128676470588 0.128676470588
0 0.0974264705882 0.571691176471 0.128676470588 0.128676470588
0 0.761029411765 0.59375 0.128676470588 0.128676470588
0 0.200367647059 0.597426470588 0.128676470588 0.128676470588
0 0.818014705882 0.648897058824 0.128676470588 0.128676470588
0 0.534926470588 0.652573529412 0.128676470588 0.128676470588
0 0.463235294118 0.680147058824 0.128676470588 0.128676470588
0 0.794117647059 0.731617647059 0.128676470588 0.128676470588
0 0.4375 0.792279411765 0.128676470588 0.128676470588
0 0.884191176471 0.801470588235 0.115808823529 0.128676470588
0 0.253676470588 0.814338235294 0.128676470588 0.128676470588
0 0.547794117647 0.823529411765 0.128676470588 0.128676470588
0 0.90625 0.884191176471 0.09375 0.115808823529
0 0.667279411765 0.897058823529 0.128676470588 0.102941176471
0 0.523897058824 0.919117647059 0.128676470588 0.0808823529412
0 0.746323529412 0.378676470588 0.128676470588 0.128676470588
0 0.685661764706 0.590073529412 0.128676470588 0.128676470588
0 0.501838235294 0.636029411765 0.128676470588 0.128676470588
0 0.608455882353 0.667279411765 0.128676470588 0.128676470588
0 0.413602941176 0.919117647059 0.128676470588 0.0808823529412
