0 0.7775835 0.4926571 0.1838135 0.1838135
0 0.3437600 0.7628776 0.1838135 0.1838135
0 0.3014806 0.0000100 0.1286665 0.0661665
0 0.7959659 0.0000100 0.1286665 0.0882253
0 0.5092012 0.0000100 0.1286665 0.0900635
0 0.3970688 0.0000100 0.1286665 0.1213135
0 0.2297894 0.0073629 0.1286665 0.1286665
0 0.0000100 0.0441276 0.0863871 0.1286665
0 0.5569953 0.0514806 0.1286665 0.1286665
0 0.8915541 0.0569953 0.1084459 0.1286665
0 0.6801571 0.0717012 0.1286665 0.1286665
0 0.8253776 0.0974365 0.1286665 0.1286665
0 0.2389806 0.0974365 0.1286665 0.1286665
0 0.4816276 0.1121424 0.1286665 0.1286665
0 0.8989071 0.1121424 0.1010929 0.1286665
0 0.1452306 0.1250100 0.1286665 0.1286665
0 0.5717012 0.1268482 0.1286665 0.1286665
0 0.3878776 0.1691276 0.1286665 0.1286665
0 0.0000100 0.1783188 0.0698429 0.1286665
0 0.8639806 0.1948629 0.1286665 0.1286665
0 0.6746424 0.2058924 0.1286665 0.1286665
0 0.5018482 0.2261129 0.1286665 0.1286665
0 0.1838335 0.2592012 0.1286665 0.1286665
0 0.9283188 0.2647159 0.0716812 0.1286665
0 0.5864071 0.2702306 0.1286665 0.1286665
0 0.0367747 0.2830982 0.1286665 0.1286665
0 0.3217012 0.2978041 0.1286665 0.1286665
0 0.8217012 0.3106718 0.1286665 0.1286665
0 0.4577306 0.3198629 0.1286665 0.1286665
0 0.1378776 0.3768482 0.1286665 0.1286665
0 0.5330982 0.3952306 0.1286665 0.1286665
0 0.6194953 0.3970688 0.1286665 0.1286665
0 0.0349365 0.4172894 0.1286665 0.1286665
0 0.2573629 0.4467012 0.1286665 0.1286665
0 0.3272159 0.4558924 0.1286665 0.1286665
0 0.5147159 0.4853041 0.1286665 0.1286665
0 0.2224365 0.5386129 0.1286665 0.1286665
0 0.8345688 0.5478041 0.1286665 0.1286665
0 0.1562600 0.5496424 0.1286665 0.1286665
0 0.0514806 0.5514806 0.1286665 0.1286665
0 0.3327306 0.5569953 0.1286665 0.1286665
0 0.2334659 0.5717012 0.1286665 0.1286665
0 0.0000100 0.5753776 0.0661665 0.1286665
0 0.8180247 0.5772159 0.1286665 0.1286665
0 0.8676571 0.6121424 0.1286665 0.1286665
0 0.6139806 0.6305247 0.1286665 0.1286665
0 0.8474365 0.6599365 0.1286665 0.1286665
0 0.2224365 0.6636129 0.1286665 0.1286665
0 0.9209659 0.6636129 0.0790341 0.1286665
0 0.5330982 0.6654512 0.1286665 0.1286665
0 0.3658188 0.6691276 0.1286665 0.1286665
0 0.7444953 0.6728041 0.1286665 0.1286665
0 0.1415541 0.6819953 0.1286665 0.1286665
0 0.4467012 0.6930247 0.1286665 0.1286665
0 0.5294218 0.7224365 0.1286665 0.1286665
0 0.8161865 0.7242747 0.1286665 0.1286665
0 0.0147159 0.7334659 0.1286665 0.1286665
0 0.5882453 0.7481718 0.1286665 0.1286665
0 0.7389806 0.7812600 0.1286665 0.1286665
0 0.1838335 0.7922894 0.1286665 0.1286665
0 0.8750100 0.7959659 0.1249900 0.1286665
0 0.4853041 0.8143482 0.1286665 0.1286665
0 0.3106718 0.8492747 0.1286665 0.1286665
0 0.0000100 0.8676571 0.0974165 0.1286665
0 0.8842012 0.8676571 0.1157988 0.1286665
0 0.8419218 0.8878776 0.1286665 0.1121224
0 0.5955982 0.9228041 0.1286665 0.0771959
0 0.7904512 0.4632453 0.1286665 0.1286665
0 0.8437600 0.5974365 0.1286665 0.1286665
0 0.6985394 0.6397159 0.1286665 0.1286665
0 0.8180247 0.8419218 0.1286665 0.1286665
