0 0.457720588235 0.400735294118 0.183823529412 0.183823529412
0 0.319852941176 0.862132352941 0.183823529412 0.137867647059
0 0.106617647059 0.0753676470588 0.128676470588 0.128676470588
0 0.224264705882 0.28125 0.128676470588 0.128676470588
0 0.455882352941 0.334558823529 0.128676470588 0.128676470588
0 0.376838235294 0.391544117647 0.128676470588 0.128676470588
0 0.0514705882353 0.459558823529 0.128676470588 0.128676470588
0 0.351102941176 0.463235294118 0.128676470588 0.128676470588
0 0.420955882353 0.525735294118 0.128676470588 0.128676470588
0 0.0992647058824 0.551470588235 0.128676470588 0.128676470588
0 0.498161764706 0.595588235294 0.128676470588 0.128676470588
0 0.547794117647 0.779411764706 0.128676470588 0.128676470588
0 0.0 0.909926470588 0.0790441176471 0.0900735294118
0 0.360294117647 0.363970588235 0.128676470588 0.128676470588
0 0.426470588235 0.555147058824 0.128676470588 0.128676470588
0 0.455882352941 0.617647058824 0.128676470588 0.128676470588
0 0.433823529412 0.726102941176 0.128676470588 0.128676470588
0 0.391544117647 0.766544117647 0.128676470588 0.128676470588
