0 0.867647058824 0.558823529412 0.128676470588 0.128676470588
0 0.795955882353 0.597426470588 0.128676470588 0.128676470588
0 0.819852941176 0.648897058824 0.128676470588 0.128676470588
0 0.612132352941 0.816176470588 0.128676470588 0.128676470588
0 0.0 0.159926470588 0.0974264705882 0.128676470588
0 0.926470588235 0.185661764706 0.0735294117647 0.128676470588
0 0.722426470588 0.529411764706 0.128676470588 0.128676470588
0 0.829044117647 0.564338235294 0.128676470588 0.128676470588
0 0.738970588235 0.569852941176 0.128676470588 0.128676470588
0 0.75 0.623161764706 0.128676470588 0.128676470588
