0 0.652573529412 0.411764705882 0.183823529412 0.183823529412
0 0.209558823529 0.419117647059 0.183823529412 0.183823529412
0 0.450367647059 0.0 0.128676470588 0.0661764705882
0 0.900735294118 0.0110294117647 0.0992647058824 0.128676470588
0 0.0 0.0533088235294 0.112132352941 0.128676470588
0 0.617647058824 0.0753676470588 0.128676470588 0.128676470588
0 0.849264705882 0.150735294118 0.128676470588 0.128676470588
0 0.398897058824 0.159926470588 0.128676470588 0.128676470588
0 0.0882352941176 0.176470588235 0.128676470588 0.128676470588
0 0.204044117647 0.222426470588 0.128676470588 0.128676470588
0 0.341911764706 0.268382352941 0.128676470588 0.128676470588
0 0.920955882353 0.284926470588 0.0790441176471 0.128676470588
0 0.110294117647 0.354779411765 0.128676470588 0.128676470588
0 0.610294117647 0.378676470588 0.128676470588 0.128676470588
0 0.426470588235 0.386029411765 0.128676470588 0.128676470588
0 0.134191176471 0.450367647059 0.128676470588 0.128676470588
0 0.408088235294 0.466911764706 0.128676470588 0.128676470588
0 0.851102941176 0.542279411765 0.128676470588 0.128676470588
0 0.540441176471 0.560661764706 0.128676470588 0.128676470588
0 0.696691176471 0.590073529412 0.128676470588 0.128676470588
0 0.0 0.601102941176 0.0882352941176 0.128676470588
0 0.360294117647 0.601102941176 0.128676470588 0.128676470588
0 0.167279411765 0.599264705882 0.128676470588 0.128676470588
0 0.170955882353 0.612132352941 0.128676470588 0.128676470588
0 0.801470588235 0.693014705882 0.128676470588 0.128676470588
0 0.198529411765 0.705882352941 0.128676470588 0.128676470588
0 0.520220588235 0.711397058824 0.128676470588 0.128676470588
0 0.0 0.738970588235 0.123161764706 0.128676470588
0 0.740808823529 0.757352941176 0.128676470588 0.128676470588
0 0.113970588235 0.78125 0.128676470588 0.128676470588
0 0.900735294118 0.797794117647 0.0992647058824 0.128676470588
0 0.373161764706 0.838235294118 0.128676470588 0.128676470588
0 0.773897058824 0.860294117647 0.128676470588 0.128676470588
0 0.549632352941 0.867647058824 0.128676470588 0.128676470588
0 0.279411764706 0.90625 0.128676470588 0.09375
0 0.426470588235 0.909926470588 0.128676470588 0.0900735294118
0 0.0275735294118 0.933823529412 0.128676470588 0.0661764705882
0 0.420955882353 0.0 0.128676470588 0.104779411765
