0 0.0000100 0.2775835 0.1360194 0.1838135
0 0.0937600 0.0000100 0.1286665 0.0919018
0 0.2095688 0.0257453 0.1286665 0.1286665
0 0.8970688 0.0441276 0.1029312 0.1286665
0 0.3253776 0.0625100 0.1286665 0.1286665
0 0.2095688 0.1268482 0.1286665 0.1286665
0 0.0459659 0.1305247 0.1286665 0.1286665
0 0.8713335 0.1433924 0.1286665 0.1286665
0 0.6617747 0.1507453 0.1286665 0.1286665
0 0.4889806 0.1525835 0.1286665 0.1286665
0 0.0000100 0.2040541 0.0955782 0.1286665
0 0.1121424 0.2518482 0.1286665 0.1286665
0 0.2463335 0.2775835 0.1286665 0.1286665
0 0.3603041 0.2849365 0.1286665 0.1286665
0 0.1452306 0.2996424 0.1286665 0.1286665
0 0.5680247 0.3014806 0.1286665 0.1286665
0 0.6856718 0.3400835 0.1286665 0.1286665
0 0.3694953 0.3915541 0.1286665 0.1286665
0 0.1011129 0.4099365 0.1286665 0.1286665
0 0.2169218 0.4448629 0.1286665 0.1286665
0 0.0110394 0.4761129 0.1286665 0.1286665
0 0.2867747 0.5128776 0.1286665 0.1286665
0 0.4926571 0.5220688 0.1286665 0.1286665
0 0.7665541 0.5422894 0.1286665 0.1286665
0 0.7297894 0.5919218 0.1286665 0.1286665
0 0.8933924 0.6360394 0.1066076 0.1286665
0 0.0404512 0.6433924 0.1286665 0.1286665
0 0.2132453 0.6544218 0.1286665 0.1286665
0 0.6342012 0.6599365 0.1286665 0.1286665
0 0.3419218 0.6856718 0.1286665 0.1286665
0 0.5533188 0.7371424 0.1286665 0.1286665
0 0.7297894 0.7720688 0.1286665 0.1286665
0 0.9099365 0.8180247 0.0900635 0.1286665
0 0.2224365 0.8272159 0.1286665 0.1286665
0 0.4117747 0.8878776 0.1286665 0.1121224
0 0.6636129 0.8897159 0.1286665 0.1102841
0 0.7886129 0.9099365 0.1286665 0.0900635
0 0.9209659 0.0753776 0.0790341 0.1286665
