0 0.3125 0.376838235294 0.183823529412 0.183823529412
0 0.731617647059 0.391544117647 0.183823529412 0.183823529412
0 0.659926470588 0.0 0.128676470588 0.0698529411765
0 0.325367647059 0.0 0.128676470588 0.0900735294118
0 0.908088235294 0.0 0.0919117647059 0.0882352941176
0 0.0 0.0 0.0863970588235 0.110294117647
0 0.821691176471 0.0 0.128676470588 0.126838235294
0 0.240808823529 0.0386029411765 0.128676470588 0.128676470588
0 0.141544117647 0.0680147058824 0.128676470588 0.128676470588
0 0.424632352941 0.113970588235 0.128676470588 0.128676470588
0 0.520220588235 0.147058823529 0.128676470588 0.128676470588
0 0.705882352941 0.159926470588 0.128676470588 0.128676470588
0 0.0845588235294 0.169117647059 0.128676470588 0.128676470588
0 0.261029411765 0.170955882353 0.128676470588 0.128676470588
0 0.0 0.185661764706 0.106617647059 0.128676470588
0 0.897058823529 0.211397058824 0.102941176471 0.128676470588
0 0.617647058824 0.262867647059 0.128676470588 0.128676470588
0 0.321691176471 0.28125 0.128676470588 0.128676470588
0 0.0 0.325367647059 0.101102941176 0.128676470588
0 0.693014705882 0.330882352941 0.128676470588 0.128676470588
0 0.231617647059 0.356617647059 0.128676470588 0.128676470588
0 0.446691176471 0.402573529412 0.128676470588 0.128676470588
0 0.746323529412 0.479779411765 0.128676470588 0.128676470588
0 0.0202205882353 0.492647058824 0.128676470588 0.128676470588
0 0.667279411765 0.498161764706 0.128676470588 0.128676470588
0 0.498161764706 0.505514705882 0.128676470588 0.128676470588
0 0.170955882353 0.525735294118 0.128676470588 0.128676470588
0 0.661764705882 0.566176470588 0.128676470588 0.128676470588
0 0.606617647059 0.579044117647 0.128676470588 0.128676470588
0 0.768382352941 0.582720588235 0.128676470588 0.128676470588
0 0.720588235294 0.612132352941 0.128676470588 0.128676470588
0 0.117647058824 0.626838235294 0.128676470588 0.128676470588
0 0.00551470588235 0.636029411765 0.128676470588 0.128676470588
0 0.318014705882 0.659926470588 0.128676470588 0.128676470588
0 0.194852941176 0.715073529412 0.128676470588 0.128676470588
0 0.262867647059 0.768382352941 0.128676470588 0.128676470588
0 0.0863970588235 0.773897058824 0.128676470588 0.128676470588
0 0.507352941176 0.806985294118 0.128676470588 0.128676470588
0 0.226102941176 0.863970588235 0.128676470588 0.128676470588
0 0.316176470588 0.887867647059 0.128676470588 0.112132352941
0 0.46875 0.922794117647 0.128676470588 0.0772058823529
