0 0.2481718 0.2003776 0.1470488 0.1470488
0 0.4099365 0.0000100 0.1286665 0.0919018
0 0.1672894 0.0000100 0.1286665 0.0955782
0 0.2095688 0.0000100 0.1286665 0.1268282
0 0.3731718 0.0000100 0.1286665 0.1268282
0 0.1599365 0.0000100 0.1286665 0.1286665
0 0.2720688 0.0073629 0.1286665 0.1286665
0 0.3106718 0.0330982 0.1286665 0.1286665
0 0.1470688 0.0478041 0.1286665 0.1286665
0 0.1323629 0.0625100 0.1286665 0.1286665
0 0.3180247 0.0974365 0.1286665 0.1286665
0 0.3345688 0.1231718 0.1286665 0.1286665
0 0.2628776 0.1342012 0.1286665 0.1286665
0 0.3290541 0.1525835 0.1286665 0.1286665
0 0.3603041 0.2077306 0.1286665 0.1286665
0 0.2187600 0.2389806 0.1286665 0.1286665
0 0.1360394 0.2739071 0.1286665 0.1286665
0 0.1250100 0.3235394 0.1286665 0.1286665
0 0.1433924 0.3786865 0.1286665 0.1286665
0 0.2426571 0.0000100 0.1286665 0.0643282
0 0.3345688 0.0000100 0.1286665 0.0698429
0 0.1360394 0.0000100 0.1286665 0.0790341
0 0.5073629 0.0000100 0.1286665 0.0790341
0 0.3639806 0.0000100 0.1286665 0.0882253
0 0.4614071 0.0000100 0.1286665 0.0900635
0 0.3253776 0.0000100 0.1286665 0.1029312
0 0.2444953 0.0000100 0.1286665 0.1084459
0 0.3603041 0.0514806 0.1286665 0.1286665
0 0.2114071 0.0606718 0.1286665 0.1286665
0 0.4172894 0.0717012 0.1286665 0.1286665
0 0.2389806 0.0845688 0.1286665 0.1286665
0 0.3750100 0.0955982 0.1286665 0.1286665
0 0.4062600 0.1066276 0.1286665 0.1286665
0 0.1342012 0.1103041 0.1286665 0.1286665
0 0.1948629 0.1397159 0.1286665 0.1286665
0 0.3768482 0.1360394 0.1286665 0.1286665
0 0.1599365 0.1599365 0.1286665 0.1286665
0 0.1930247 0.2058924 0.1286665 0.1286665
0 0.1397159 0.2095688 0.1286665 0.1286665
0 0.1709659 0.2242747 0.1286665 0.1286665
0 0.3676571 0.3364071 0.1286665 0.1286665
0 0.2978041 0.3621424 0.1286665 0.1286665
0 0.3235394 0.3621424 0.1286665 0.1286665
0 0.1838335 0.3694953 0.1286665 0.1286665
0 0.2389806 0.3952306 0.1286665 0.1286665
0 0.1801571 0.4117747 0.1286665 0.1286665
0 0.1342012 0.4264806 0.1286665 0.1286665
