0 0.8750100 0.0790541 0.1249900 0.1838135
0 0.8658188 0.4209659 0.1286665 0.1286665
0 0.8235394 0.5110394 0.1286665 0.1286665
0 0.8364071 0.5367747 0.1286665 0.1286665
0 0.8492747 0.5717012 0.1286665 0.1286665
0 0.9099365 0.5955982 0.0900635 0.1286665
0 0.8842012 0.6470688 0.1157988 0.1286665
0 0.8345688 0.6599365 0.1286665 0.1286665
0 0.8180247 0.6856718 0.1286665 0.1286665
0 0.8860394 0.7040541 0.1139606 0.1286665
0 0.8051571 0.7150835 0.1286665 0.1286665
0 0.8161865 0.7592012 0.1286665 0.1286665
0 0.8033188 0.8033188 0.1286665 0.1286665
0 0.8217012 0.8327306 0.1286665 0.1286665
0 0.9301571 0.8603041 0.0698429 0.1286665
0 0.8731718 0.8952306 0.1268282 0.1047694
0 0.7757453 0.5202306 0.1286665 0.1286665
0 0.8676571 0.6066276 0.1286665 0.1286665
0 0.8364071 0.6103041 0.1286665 0.1286665
0 0.8455982 0.6397159 0.1286665 0.1286665
0 0.8529512 0.7040541 0.1286665 0.1286665
0 0.9080982 0.7463335 0.0919018 0.1286665
0 0.8547894 0.7683924 0.1286665 0.1286665
0 0.8584659 0.8161865 0.1286665 0.1286665
0 0.8970688 0.8290541 0.1029312 0.1286665
0 0.9080982 0.8474365 0.0919018 0.1286665
0 0.8364071 0.8529512 0.1286665 0.1286665
0 0.8547894 0.8731718 0.1286665 0.1268282
