0 0.770220588235 0.376838235294 0.183823529412 0.183823529412
0 0.356617647059 0.505514705882 0.183823529412 0.183823529412
0 0.362132352941 0.597426470588 0.183823529412 0.183823529412
0 0.786764705882 0.0386029411765 0.147058823529 0.147058823529
0 0.836397058824 0.113970588235 0.128676470588 0.128676470588
0 0.783088235294 0.128676470588 0.128676470588 0.128676470588
0 0.834558823529 0.336397058824 0.128676470588 0.128676470588
0 0.0496323529412 0.481617647059 0.128676470588 0.128676470588
0 0.0147058823529 0.534926470588 0.128676470588 0.128676470588
0 0.411764705882 0.685661764706 0.128676470588 0.128676470588
0 0.0 0.691176470588 0.0827205882353 0.128676470588
