0 0.0000100 0.3345688 0.1268282 0.1286665
0 0.0000100 0.3731718 0.0753576 0.1286665
0 0.0000100 0.4264806 0.1102841 0.1286665
0 0.0000100 0.5165541 0.0955782 0.1286665
0 0.0533188 0.7867747 0.1286665 0.1286665
0 0.0000100 0.8033188 0.0827106 0.1286665
0 0.1158188 0.8217012 0.1286665 0.1286665
0 0.0955982 0.8345688 0.1286665 0.1286665
0 0.1213335 0.8492747 0.1286665 0.1286665
0 0.0183924 0.8511129 0.1286665 0.1286665
0 0.0735394 0.8621424 0.1286665 0.1286665
0 0.1047894 0.8952306 0.1286665 0.1047694
0 0.1654512 0.8970688 0.1286665 0.1029312
0 0.1470688 0.9007453 0.1286665 0.0992547
0 0.2022159 0.9099365 0.1286665 0.0900635
0 0.2481718 0.9209659 0.1286665 0.0790341
0 0.1231718 0.9246424 0.1286665 0.0753576
