0 0.1691276 0.5698629 0.1838135 0.1838135
0 0.2334659 0.4117747 0.1286665 0.1286665
0 0.1452306 0.4448629 0.1286665 0.1286665
0 0.2114071 0.4797894 0.1286665 0.1286665
0 0.1893482 0.4816276 0.1286665 0.1286665
0 0.1544218 0.5092012 0.1286665 0.1286665
0 0.1342012 0.5110394 0.1286665 0.1286665
0 0.2003776 0.5275835 0.1286665 0.1286665
0 0.1580982 0.5496424 0.1286665 0.1286665
0 0.1213335 0.5735394 0.1286665 0.1286665
0 0.2536865 0.6158188 0.1286665 0.1286665
0 0.1268482 0.6360394 0.1286665 0.1286665
0 0.2426571 0.6525835 0.1286665 0.1286665
0 0.2150835 0.6672894 0.1286665 0.1286665
0 0.2886129 0.6764806 0.1286665 0.1286665
0 0.3474365 0.6893482 0.1286665 0.1286665
0 0.2279512 0.6967012 0.1286665 0.1286665
0 0.3290541 0.7003776 0.1286665 0.1286665
0 0.3823629 0.7040541 0.1286665 0.1286665
0 0.2040541 0.7040541 0.1286665 0.1286665
0 0.2481718 0.7114071 0.1286665 0.1286665
0 0.1728041 0.7132453 0.1286665 0.1286665
0 0.5845688 0.8180247 0.1286665 0.1286665
