0 0.9025835 0.5551571 0.0974165 0.1838135
0 0.6764806 0.7628776 0.1838135 0.1838135
0 0.8786865 0.9062600 0.1213135 0.0937400
0 0.7150835 0.1801571 0.1286665 0.1286665
0 0.7242747 0.2224365 0.1286665 0.1286665
0 0.5588335 0.2316276 0.1286665 0.1286665
0 0.9191276 0.2353041 0.0808724 0.1286665
0 0.4485394 0.2592012 0.1286665 0.1286665
0 0.5496424 0.3051571 0.1286665 0.1286665
0 0.7794218 0.3051571 0.1286665 0.1286665
0 0.6213335 0.3088335 0.1286665 0.1286665
0 0.4834659 0.3455982 0.1286665 0.1286665
0 0.3364071 0.3529512 0.1286665 0.1286665
0 0.9283188 0.3621424 0.0716812 0.1286665
0 0.5882453 0.3933924 0.1286665 0.1286665
0 0.5036865 0.4485394 0.1286665 0.1286665
0 0.7022159 0.5036865 0.1286665 0.1286665
0 0.4669218 0.5386129 0.1286665 0.1286665
0 0.6489071 0.5496424 0.1286665 0.1286665
0 0.6415541 0.6103041 0.1286665 0.1286665
0 0.7702306 0.6305247 0.1286665 0.1286665
0 0.8382453 0.6967012 0.1286665 0.1286665
0 0.6930247 0.7003776 0.1286665 0.1286665
0 0.8915541 0.7242747 0.1084459 0.1286665
0 0.9283188 0.7555247 0.0716812 0.1286665
0 0.5955982 0.7573629 0.1286665 0.1286665
0 0.7941276 0.7830982 0.1286665 0.1286665
0 0.4705982 0.3750100 0.1286665 0.1286665
0 0.8180247 0.5055247 0.1286665 0.1286665
0 0.8419218 0.5312600 0.1286665 0.1286665
0 0.8327306 0.5772159 0.1286665 0.1286665
0 0.8290541 0.7224365 0.1286665 0.1286665
