0 0.895220588235 0.40625 0.104779411765 0.128676470588
0 0.347426470588 0.501838235294 0.128676470588 0.128676470588
0 0.755514705882 0.5625 0.128676470588 0.128676470588
0 0.834558823529 0.568014705882 0.128676470588 0.128676470588
0 0.816176470588 0.700367647059 0.128676470588 0.128676470588
0 0.672794117647 0.709558823529 0.128676470588 0.128676470588
0 0.919117647059 0.711397058824 0.0808823529412 0.128676470588
0 0.422794117647 0.724264705882 0.128676470588 0.128676470588
0 0.28125 0.746323529412 0.128676470588 0.128676470588
0 0.933823529412 0.803308823529 0.0661764705882 0.128676470588
0 0.909926470588 0.490808823529 0.0900735294118 0.128676470588
0 0.178308823529 0.698529411765 0.128676470588 0.128676470588
