0 0.0919117647059 0.435661764706 0.128676470588 0.128676470588
0 0.193014705882 0.518382352941 0.128676470588 0.128676470588
0 0.0569852941176 0.588235294118 0.128676470588 0.128676470588
0 0.231617647059 0.602941176471 0.128676470588 0.128676470588
0 0.417279411765 0.604779411765 0.128676470588 0.128676470588
0 0.0459558823529 0.672794117647 0.128676470588 0.128676470588
0 0.286764705882 0.683823529412 0.128676470588 0.128676470588
0 0.108455882353 0.78125 0.128676470588 0.128676470588
0 0.233455882353 0.803308823529 0.128676470588 0.128676470588
0 0.0955882352941 0.845588235294 0.128676470588 0.128676470588
0 0.00919117647059 0.477941176471 0.128676470588 0.128676470588
0 0.3125 0.509191176471 0.128676470588 0.128676470588
0 0.253676470588 0.511029411765 0.128676470588 0.128676470588
0 0.130514705882 0.647058823529 0.128676470588 0.128676470588
0 0.198529411765 0.667279411765 0.128676470588 0.128676470588
0 0.371323529412 0.709558823529 0.128676470588 0.128676470588
0 0.0183823529412 0.852941176471 0.128676470588 0.128676470588
