0 0.363970588235 0.481617647059 0.183823529412 0.183823529412
0 0.0 0.643382352941 0.110294117647 0.183823529412
0 0.746323529412 0.795955882353 0.183823529412 0.183823529412
0 0.0 0.474264705882 0.102941176471 0.128676470588
0 0.00183823529412 0.584558823529 0.128676470588 0.128676470588
0 0.0735294117647 0.613970588235 0.128676470588 0.128676470588
0 0.205882352941 0.797794117647 0.128676470588 0.128676470588
0 0.856617647059 0.799632352941 0.128676470588 0.128676470588
0 0.507352941176 0.852941176471 0.128676470588 0.128676470588
0 0.836397058824 0.920955882353 0.128676470588 0.0790441176471
0 0.0 0.924632352941 0.110294117647 0.0753676470588
0 0.748161764706 0.647058823529 0.128676470588 0.128676470588
0 0.821691176471 0.735294117647 0.128676470588 0.128676470588
0 0.917279411765 0.75 0.0827205882353 0.128676470588
0 0.604779411765 0.751838235294 0.128676470588 0.128676470588
0 0.1875 0.871323529412 0.128676470588 0.128676470588
0 0.884191176471 0.897058823529 0.115808823529 0.102941176471
0 0.742647058824 0.900735294118 0.128676470588 0.0992647058824
