0 0.5698629 0.1948629 0.1470488 0.1470488
0 0.3400835 0.3290541 0.1470488 0.1470488
0 0.6011129 0.5165541 0.1470488 0.1470488
0 0.6305247 0.0772159 0.1286665 0.1286665
0 0.6617747 0.0955982 0.1286665 0.1286665
0 0.9301571 0.0974365 0.0698429 0.1286665
0 0.7095688 0.1415541 0.1286665 0.1286665
0 0.9099365 0.1948629 0.0900635 0.1286665
0 0.7297894 0.2297894 0.1286665 0.1286665
0 0.9191276 0.2481718 0.0808724 0.1286665
0 0.3603041 0.2794218 0.1286665 0.1286665
0 0.9319953 0.3143482 0.0680047 0.1286665
0 0.8897159 0.3180247 0.1102841 0.1286665
0 0.4503776 0.3290541 0.1286665 0.1286665
0 0.8603041 0.3345688 0.1286665 0.1286665
0 0.5735394 0.3676571 0.1286665 0.1286665
0 0.4871424 0.3805247 0.1286665 0.1286665
0 0.3290541 0.4025835 0.1286665 0.1286665
0 0.8842012 0.4080982 0.1157988 0.1286665
0 0.8933924 0.4283188 0.1066076 0.1286665
0 0.2941276 0.4430247 0.1286665 0.1286665
0 0.5220688 0.4834659 0.1286665 0.1286665
0 0.6617747 0.5018482 0.1286665 0.1286665
0 0.5275835 0.5441276 0.1286665 0.1286665
0 0.4301571 0.5478041 0.1286665 0.1286665
0 0.3088335 0.6397159 0.1286665 0.1286665
0 0.3345688 0.6801571 0.1286665 0.1286665
0 0.5147159 0.7702306 0.1286665 0.1286665
0 0.4485394 0.7922894 0.1286665 0.1286665
0 0.3786865 0.8069953 0.1286665 0.1286665
0 0.5404512 0.8125100 0.1286665 0.1286665
0 0.5772159 0.9136129 0.1286665 0.0863871
