0 0.779411764706 0.0514705882353 0.128676470588 0.128676470588
0 0.768382352941 0.130514705882 0.128676470588 0.128676470588
0 0.784926470588 0.505514705882 0.128676470588 0.128676470588
0 0.775735294118 0.628676470588 0.128676470588 0.128676470588
0 0.746323529412 0.693014705882 0.128676470588 0.128676470588
0 0.803308823529 0.713235294118 0.128676470588 0.128676470588
0 0.753676470588 0.0257352941176 0.128676470588 0.128676470588
0 0.821691176471 0.284926470588 0.128676470588 0.128676470588
0 0.803308823529 0.551470588235 0.128676470588 0.128676470588
0 0.805147058824 0.639705882353 0.128676470588 0.128676470588
0 0.779411764706 0.674632352941 0.128676470588 0.128676470588
