0 0.180147058824 0.590073529412 0.183823529412 0.183823529412
0 0.0 0.262867647059 0.0790441176471 0.128676470588
0 0.0 0.268382352941 0.123161764706 0.128676470588
0 0.0569852941176 0.288602941176 0.128676470588 0.128676470588
0 0.147058823529 0.292279411765 0.128676470588 0.128676470588
0 0.0257352941176 0.295955882353 0.128676470588 0.128676470588
0 0.119485294118 0.299632352941 0.128676470588 0.128676470588
0 0.0 0.303308823529 0.128676470588 0.128676470588
0 0.0882352941176 0.305147058824 0.128676470588 0.128676470588
0 0.03125 0.316176470588 0.128676470588 0.128676470588
0 0.238970588235 0.316176470588 0.128676470588 0.128676470588
0 0.0 0.318014705882 0.0680147058824 0.128676470588
0 0.209558823529 0.318014705882 0.128676470588 0.128676470588
0 0.0 0.327205882353 0.0974264705882 0.128676470588
0 0.115808823529 0.332720588235 0.128676470588 0.128676470588
0 0.0349264705882 0.349264705882 0.128676470588 0.128676470588
0 0.0882352941176 0.358455882353 0.128676470588 0.128676470588
0 0.158088235294 0.358455882353 0.128676470588 0.128676470588
0 0.132352941176 0.360294117647 0.128676470588 0.128676470588
0 0.0441176470588 0.367647058824 0.128676470588 0.128676470588
0 0.235294117647 0.382352941176 0.128676470588 0.128676470588
0 0.141544117647 0.393382352941 0.128676470588 0.128676470588
0 0.306985294118 0.402573529412 0.128676470588 0.128676470588
0 0.108455882353 0.404411764706 0.128676470588 0.128676470588
0 0.352941176471 0.419117647059 0.128676470588 0.128676470588
0 0.183823529412 0.420955882353 0.128676470588 0.128676470588
0 0.286764705882 0.420955882353 0.128676470588 0.128676470588
0 0.21875 0.426470588235 0.128676470588 0.128676470588
0 0.134191176471 0.430147058824 0.128676470588 0.128676470588
0 0.0588235294118 0.433823529412 0.128676470588 0.128676470588
0 0.268382352941 0.444852941176 0.128676470588 0.128676470588
0 0.180147058824 0.463235294118 0.128676470588 0.128676470588
0 0.294117647059 0.479779411765 0.128676470588 0.128676470588
0 0.216911764706 0.496323529412 0.128676470588 0.128676470588
0 0.286764705882 0.529411764706 0.128676470588 0.128676470588
0 0.185661764706 0.538602941176 0.128676470588 0.128676470588
0 0.323529411765 0.564338235294 0.128676470588 0.128676470588
0 0.292279411765 0.623161764706 0.128676470588 0.128676470588
0 0.141544117647 0.647058823529 0.128676470588 0.128676470588
0 0.268382352941 0.691176470588 0.128676470588 0.128676470588
0 0.220588235294 0.711397058824 0.128676470588 0.128676470588
0 0.209558823529 0.810661764706 0.128676470588 0.128676470588
0 0.222426470588 0.865808823529 0.128676470588 0.128676470588
0 0.415441176471 0.891544117647 0.128676470588 0.108455882353
0 0.196691176471 0.90625 0.128676470588 0.09375
0 0.472426470588 0.909926470588 0.128676470588 0.0900735294118
