0 0.2242747 0.1875100 0.1838135 0.1838135
0 0.6875100 0.5753776 0.1470488 0.1470488
0 0.5864071 0.0000100 0.1286665 0.0900635
0 0.8161865 0.1691276 0.1286665 0.1286665
0 0.8842012 0.1764806 0.1157988 0.1286665
0 0.6250100 0.2959659 0.1286665 0.1286665
0 0.7592012 0.0000100 0.1286665 0.0643282
0 0.6415541 0.0000100 0.1286665 0.0716812
0 0.8033188 0.0000100 0.1286665 0.0753576
0 0.6599365 0.0000100 0.1286665 0.0974165
0 0.8345688 0.0000100 0.1286665 0.0992547
0 0.5422894 0.0000100 0.1286665 0.1121224
0 0.6452306 0.0000100 0.1286665 0.1249900
0 0.7757453 0.0000100 0.1286665 0.1268282
0 0.6360394 0.0183924 0.1286665 0.1286665
0 0.6286865 0.0478041 0.1286665 0.1286665
0 0.6654512 0.1213335 0.1286665 0.1286665
0 0.5992747 0.1305247 0.1286665 0.1286665
0 0.6636129 0.1856718 0.1286665 0.1286665
0 0.7444953 0.1967012 0.1286665 0.1286665
0 0.7794218 0.2353041 0.1286665 0.1286665
0 0.8014806 0.2518482 0.1286665 0.1286665
0 0.5569953 0.2647159 0.1286665 0.1286665
0 0.7334659 0.2702306 0.1286665 0.1286665
0 0.7720688 0.2702306 0.1286665 0.1286665
0 0.5367747 0.2794218 0.1286665 0.1286665
0 0.6636129 0.2812600 0.1286665 0.1286665
0 0.6967012 0.2978041 0.1286665 0.1286665
0 0.5220688 0.3014806 0.1286665 0.1286665
0 0.7316276 0.3198629 0.1286665 0.1286665
0 0.5882453 0.3235394 0.1286665 0.1286665
0 0.8970688 0.3327306 0.1029312 0.1286665
0 0.6452306 0.3345688 0.1286665 0.1286665
0 0.6121424 0.3492747 0.1286665 0.1286665
0 0.7830982 0.3584659 0.1286665 0.1286665
0 0.6286865 0.3694953 0.1286665 0.1286665
0 0.7334659 0.3805247 0.1286665 0.1286665
0 0.6617747 0.3915541 0.1286665 0.1286665
0 0.6121424 0.3952306 0.1286665 0.1286665
0 0.5919218 0.4577306 0.1286665 0.1286665
0 0.3529512 0.5349365 0.1286665 0.1286665
